bias_correction/pipeline/U_0_s_2.3_d_200.asc
ncols        88
nrows        90
xllcorner    2777636
yllcorner    1185112
cellsize     25
NODATA_value -9999
[rows 50 to 74 of 90, columns 0 to 55 of 88]
-9.9990e+03 -9.9990e+03 -9.9990e+03 -9.9990e+03 -9.9990e+03 -9.9990e+03 -9.9990e+03 -9.9990e+03 -9.9990e+03 -9.9990e+03 -9.9990e+03 -9.9990e+03 -9.9990e+03 1.0468e+00 1.0373e+00 1.0373e+00 1.0515e+00 1.0021e+00 9.3219e-01 8.3332e-01 7.3973e-01 7.2184e-01 6.7233e-01 7.9410e-01 8.8785e-01 8.7310e-01 8.6339e-01 8.0821e-01 6.5075e-01 6.3800e-01 9.0183e-01 9.0183e-01 1.0753e+00 1.3633e+00 1.4019e+00 1.3016e+00 1.0828e+00 9.9258e-01 9.3405e-01 8.9257e-01 9.1667e-01 9.3694e-01 8.9743e-01 8.1198e-01 7.1630e-01 6.5550e-01 6.5239e-01 6.7903e-01 7.6658e-01 7.8267e-01 7.7611e-01 7.2719e-01 7.1402e-01 7.1177e-01 7.1869e-01 7.3524e-01
-9.9990e+03 -9.9990e+03 -9.9990e+03 -9.9990e+03 -9.9990e+03 -9.9990e+03 -9.9990e+03 -9.9990e+03 -9.9990e+03 -9.9990e+03 -9.9990e+03 -9.9990e+03 -9.9990e+03 9.2471e-01 9.4759e-01 8.8239e-01 8.7879e-01 7.8317e-01 7.5538e-01 8.4484e-01 8.4484e-01 8.2188e-01 7.7018e-01 8.3622e-01 8.8785e-01 9.5583e-01 9.7970e-01 8.0821e-01 7.3281e-01 6.7566e-01 7.2959e-01 9.2710e-01 1.1427e+00 1.3782e+00 1.3349e+00 1.2305e+00 1.0740e+00 1.0740e+00 1.0054e+00 9.0535e-01 9.1141e-01 9.2808e-01 9.1623e-01 8.4675e-01 7.6117e-01 6.3465e-01 5.9158e-01 5.8913e-01 7.0948e-01 7.2557e-01 7.3917e-01 7.4700e-01 7.3694e-01 7.4248e-01 7.2855e-01 7.5076e-01
-9.9990e+03 -9.9990e+03 -9.9990e+03 -9.9990e+03 -9.9990e+03 -9.9990e+03 -9.9990e+03 -9.9990e+03 -9.9990e+03 -9.9990e+03 -9.9990e+03 -9.9990e+03 -9.9990e+03 8.3319e-01 9.2257e-01 8.8239e-01 7.6749e-01 6.7555e-01 7.5538e-01 7.8881e-01 7.9987e-01 8.1717e-01 8.2495e-01 8.7549e-01 1.0036e+00 1.0563e+00 1.0563e+00 9.3387e-01 8.5714e-01 7.8016e-01 6.9034e-01 8.4465e-01 1.0624e+00 1.2973e+00 1.3074e+00 1.2535e+00 1.1622e+00 1.0986e+00 1.0031e+00 9.0769e-01 9.0182e-01 8.8495e-01 8.5936e-01 8.5936e-01 7.9230e-01 6.7556e-01 6.0285e-01 5.6235e-01 6.1589e-01 6.4593e-01 6.8494e-01 7.4384e-01 7.4171e-01 7.4248e-01 7.4666e-01 7.5187e-01
-9.9990e+03 -9.9990e+03 -9.9990e+03 -9.9990e+03 -9.9990e+03 -9.9990e+03 -9.9990e+03 -9.9990e+03 -9.9990e+03 -9.9990e+03 -9.9990e+03 -9.9990e+03 -9.9990e+03 9.2908e-01 9.1313e-01 8.7509e-01 7.6021e-01 7.0447e-01 6.7525e-01 7.5442e-01 8.0687e-01 7.9673e-01 7.9396e-01 8.4555e-01 9.7738e-01 1.0534e+00 1.0423e+00 9.4100e-01 8.5614e-01 8.1506e-01 8.5554e-01 1.0197e+00 1.0197e+00 1.2352e+00 1.2967e+00 1.2829e+00 1.2131e+00 1.1686e+00 1.0769e+00 9.2247e-01 8.7961e-01 8.5291e-01 8.4253e-01 7.7934e-01 6.9178e-01 6.2848e-01 5.6692e-01 5.6261e-01 5.6261e-01 5.8841e-01 6.8494e-01 7.2142e-01 7.4705e-01 7.4206e-01 7.3988e-01 7.3929e-01
-9.9990e+03 -9.9990e+03 -9.9990e+03 -9.9990e+03 -9.9990e+03 -9.9990e+03 -9.9990e+03 -9.9990e+03 -9.9990e+03 -9.9990e+03 -9.9990e+03 -9.9990e+03 -9.9990e+03 8.4547e-01 8.5858e-01 8.4576e-01 8.2107e-01 8.5456e-01 8.2448e-01 8.8966e-01 8.9736e-01 8.1709e-01 8.0374e-01 8.1920e-01 9.3901e-01 1.0203e+00 1.0457e+00 9.7943e-01 9.0203e-01 8.5141e-01 8.7137e-01 9.9732e-01 1.1721e+00 1.3147e+00 1.3316e+00 1.2986e+00 1.2319e+00 1.1713e+00 1.1713e+00 9.7655e-01 9.0713e-01 8.5291e-01 8.1572e-01 7.4804e-01 6.9178e-01 6.1249e-01 5.5588e-01 5.4047e-01 5.4508e-01 5.8391e-01 6.9193e-01 7.5185e-01 7.8014e-01 7.4830e-01 7.4830e-01 7.1838e-01
-9.9990e+03 -9.9990e+03 -9.9990e+03 -9.9990e+03 -9.9990e+03 -9.9990e+03 -9.9990e+03 -9.9990e+03 -9.9990e+03 -9.9990e+03 -9.9990e+03 -9.9990e+03 -9.9990e+03 6.6174e-01 6.5807e-01 8.7718e-01 9.4759e-01 1.0070e+00 9.2580e-01 9.6377e-01 9.6784e-01 8.6219e-01 8.1877e-01 7.8033e-01 9.0632e-01 9.5846e-01 9.5072e-01 1.0041e+00 9.2645e-01 8.6725e-01 8.8158e-01 9.9260e-01 1.1633e+00 1.3285e+00 1.3725e+00 1.2986e+00 1.2723e+00 1.2502e+00 1.0835e+00 1.0076e+00 9.2827e-01 8.1969e-01 7.3699e-01 7.3699e-01 6.5356e-01 5.8625e-01 5.5066e-01 5.2297e-01 5.0826e-01 5.3091e-01 6.5694e-01 7.4789e-01 7.9649e-01 7.6606e-01 7.2073e-01 6.8408e-01
-9.9990e+03 -9.9990e+03 -9.9990e+03 -9.9990e+03 -9.9990e+03 -9.9990e+03 -9.9990e+03 -9.9990e+03 -9.9990e+03 -9.9990e+03 -9.9990e+03 -9.9990e+03 -9.9990e+03 4.5634e-01 6.7162e-01 9.7350e-01 9.7350e-01 1.0982e+00 1.0177e+00 1.0184e+00 1.0131e+00 9.4313e-01 8.8585e-01 7.8430e-01 7.7613e-01 8.1093e-01 9.5072e-01 9.1274e-01 8.7655e-01 8.9387e-01 1.0093e+00 1.1788e+00 1.1633e+00 1.3429e+00 1.4086e+00 1.3303e+00 1.3046e+00 1.3292e+00 1.1965e+00 1.1155e+00 9.7931e-01 8.4371e-01 7.5259e-01 6.5089e-01 5.7493e-01 5.5605e-01 5.3550e-01 5.0822e-01 5.2268e-01 5.2268e-01 6.0064e-01 7.0528e-01 7.7698e-01 7.8314e-01 7.2519e-01 6.7633e-01
-9.9990e+03 -9.9990e+03 -9.9990e+03 -9.9990e+03 -9.9990e+03 -9.9990e+03 -9.9990e+03 -9.9990e+03 -9.9990e+03 -9.9990e+03 -9.9990e+03 -9.9990e+03 -9.9990e+03 5.2754e-01 7.1028e-01 9.5696e-01 1.1478e+00 1.1836e+00 1.0581e+00 9.9994e-01 9.7674e-01 9.7674e-01 9.0638e-01 7.8430e-01 7.0663e-01 6.7327e-01 8.6121e-01 8.8993e-01 9.0106e-01 9.1570e-01 1.0330e+00 1.1832e+00 1.3604e+00 1.4398e+00 1.4495e+00 1.3627e+00 1.4288e+00 1.4772e+00 1.3257e+00 1.2503e+00 1.0372e+00 8.3310e-01 7.4182e-01 6.6684e-01 6.0046e-01 5.7069e-01 5.4481e-01 5.1427e-01 5.2105e-01 5.4761e-01 6.6135e-01 7.4680e-01 8.0163e-01 7.5626e-01 7.0190e-01 7.0190e-01
-9.9990e+03 -9.9990e+03 -9.9990e+03 -9.9990e+03 -9.9990e+03 -9.9990e+03 -9.9990e+03 -9.9990e+03 -9.9990e+03 -9.9990e+03 -9.9990e+03 -9.9990e+03 -9.9990e+03 6.5754e-01 7.1028e-01 9.8792e-01 1.1796e+00 1.1836e+00 1.1136e+00 1.0146e+00 9.2157e-01 8.0585e-01 6.9743e-01 6.5174e-01 5.3190e-01 5.3839e-01 8.0155e-01 8.0155e-01 9.2127e-01 9.6024e-01 1.0474e+00 1.1371e+00 1.3340e+00 1.4206e+00 1.4648e+00 1.4327e+00 1.5062e+00 1.5852e+00 1.4180e+00 1.1712e+00 9.0376e-01 7.1724e-01 6.7012e-01 6.3704e-01 6.2486e-01 5.6860e-01 5.2334e-01 5.2269e-01 5.2820e-01 5.3842e-01 6.0157e-01 6.7243e-01 8.0163e-01 8.0449e-01 7.6096e-01 6.5256e-01
-9.9990e+03 -9.9990e+03 -9.9990e+03 -9.9990e+03 -9.9990e+03 -9.9990e+03 -9.9990e+03 -9.9990e+03 -9.9990e+03 -9.9990e+03 -9.9990e+03 -9.9990e+03 -9.9990e+03 7.4728e-01 9.8285e-01 1.1386e+00 1.1386e+00 1.2528e+00 1.1869e+00 1.0494e+00 8.7282e-01 7.3209e-01 6.3119e-01 6.0671e-01 5.3253e-01 5.8147e-01 7.3983e-01 9.2742e-01 1.0668e+00 1.0664e+00 1.1057e+00 1.2098e+00 1.3376e+00 1.3376e+00 1.3991e+00 1.4416e+00 1.4758e+00 1.5398e+00 1.5831e+00 1.3842e+00 1.0970e+00 7.6422e-01 7.0424e-01 6.3704e-01 5.7439e-01 5.1872e-01 5.0643e-01 5.1582e-01 5.2506e-01 5.3842e-01 5.5018e-01 5.8014e-01 7.5435e-01 8.0107e-01 7.9763e-01 6.9573e-01
-9.9990e+03 -9.9990e+03 -9.9990e+03 -9.9990e+03 -9.9990e+03 -9.9990e+03 -9.9990e+03 -9.9990e+03 -9.9990e+03 -9.9990e+03 -9.9990e+03 -9.9990e+03 -9.9990e+03 6.7813e-01 8.9540e-01 1.0041e+00 1.0871e+00 1.1650e+00 1.0201e+00 8.5137e-01 7.1184e-01 6.2907e-01 6.2907e-01 5.9769e-01 6.4003e-01 7.3227e-01 7.6153e-01 9.6572e-01 1.1219e+00 1.1259e+00 1.1496e+00 1.2465e+00 1.2966e+00 1.3562e+00 1.3123e+00 1.3539e+00 1.3669e+00 1.5818e+00 1.5818e+00 1.5131e+00 1.0970e+00 8.8685e-01 7.7551e-01 6.5673e-01 6.0451e-01 5.5523e-01 4.9290e-01 5.1394e-01 5.3334e-01 5.3633e-01 5.4359e-01 5.5529e-01 7.1176e-01 7.5743e-01 7.5540e-01 7.4943e-01
-9.9990e+03 -9.9990e+03 -9.9990e+03 -9.9990e+03 -9.9990e+03 -9.9990e+03 -9.9990e+03 -9.9990e+03 -9.9990e+03 -9.9990e+03 -9.9990e+03 -9.9990e+03 -9.9990e+03 6.1810e-01 7.9177e-01 8.5643e-01 9.1851e-01 1.0625e+00 9.6579e-01 8.4354e-01 7.0057e-01 6.6814e-01 7.4328e-01 7.7518e-01 8.8048e-01 9.6734e-01 1.0096e+00 1.0096e+00 1.0959e+00 1.1655e+00 1.1879e+00 1.2465e+00 1.3389e+00 1.3760e+00 1.3123e+00 1.2742e+00 1.2399e+00 1.4082e+00 1.4615e+00 1.4028e+00 1.0671e+00 9.0517e-01 8.1888e-01 6.7455e-01 6.7455e-01 6.3719e-01 5.3342e-01 5.6626e-01 5.8698e-01 5.2795e-01 5.1364e-01 5.0213e-01 5.9485e-01 6.5480e-01 6.8777e-01 7.2319e-01
-9.9990e+03 -9.9990e+03 -9.9990e+03 -9.9990e+03 -9.9990e+03 -9.9990e+03 -9.9990e+03 -9.9990e+03 -9.9990e+03 -9.9990e+03 -9.9990e+03 -9.9990e+03 -9.9990e+03 6.5152e-01 7.3295e-01 7.8975e-01 8.2122e-01 9.3403e-01 8.9982e-01 8.6065e-01 7.5710e-01 7.6405e-01 7.4328e-01 8.6024e-01 9.7215e-01 9.6734e-01 1.0368e+00 1.0593e+00 1.1235e+00 1.1291e+00 1.1857e+00 1.3348e+00 1.3523e+00 1.3523e+00 1.3262e+00 1.2533e+00 1.1659e+00 1.2283e+00 1.2761e+00 1.3266e+00 1.2330e+00 1.0844e+00 1.0075e+00 8.2256e-01 7.9927e-01 7.7874e-01 6.6393e-01 6.9370e-01 6.7223e-01 5.4923e-01 5.4923e-01 5.3880e-01 5.2583e-01 5.6130e-01 5.9607e-01 6.7160e-01
-9.9990e+03 -9.9990e+03 -9.9990e+03 -9.9990e+03 -9.9990e+03 -9.9990e+03 -9.9990e+03 -9.9990e+03 -9.9990e+03 -9.9990e+03 -9.9990e+03 -9.9990e+03 -9.9990e+03 7.6479e-01 6.8272e-01 7.4639e-01 8.2122e-01 8.2179e-01 8.5019e-01 8.3865e-01 8.7570e-01 9.1930e-01 8.2125e-01 9.2219e-01 1.0084e+00 1.0395e+00 1.0693e+00 1.0692e+00 1.0656e+00 1.0562e+00 1.0915e+00 1.2254e+00 1.2296e+00 1.1633e+00 1.1774e+00 1.0151e+00 8.6791e-01 1.0375e+00 1.0928e+00 1.0928e+00 1.2897e+00 1.2507e+00 1.2619e+00 1.0188e+00 1.0153e+00 9.7992e-01 7.9952e-01 8.2099e-01 8.0093e-01 6.7973e-01 7.0246e-01 7.3413e-01 5.6196e-01 5.7031e-01 5.9378e-01 5.9378e-01
-9.9990e+03 -9.9990e+03 -9.9990e+03 -9.9990e+03 -9.9990e+03 -9.9990e+03 -9.9990e+03 -9.9990e+03 -9.9990e+03 -9.9990e+03 -9.9990e+03 -9.9990e+03 -9.9990e+03 7.6479e-01 7.8362e-01 8.0027e-01 7.9042e-01 8.1481e-01 8.6844e-01 9.2222e-01 9.9665e-01 1.0439e+00 9.7686e-01 1.0133e+00 1.0130e+00 1.0633e+00 1.0557e+00 1.0577e+00 1.0644e+00 1.0239e+00 9.9851e-01 1.1022e+00 1.0690e+00 1.0051e+00 1.0689e+00 8.9763e-01 7.2768e-01 7.7027e-01 7.8608e-01 9.5268e-01 1.2984e+00 1.3898e+00 1.4982e+00 1.3667e+00 1.3667e+00 1.3457e+00 9.6407e-01 9.7963e-01 8.0093e-01 8.2793e-01 8.7417e-01 7.3413e-01 7.1003e-01 6.7363e-01 5.7385e-01 5.8358e-01
-9.9990e+03 -9.9990e+03 -9.9990e+03 -9.9990e+03 -9.9990e+03 -9.9990e+03 -9.9990e+03 -9.9990e+03 -9.9990e+03 -9.9990e+03 -9.9990e+03 -9.9990e+03 -9.9990e+03 8.2797e-01 8.0080e-01 8.0454e-01 8.4996e-01 8.4996e-01 9.1085e-01 9.6273e-01 1.0600e+00 1.1133e+00 1.0509e+00 1.0334e+00 1.0114e+00 1.0095e+00 1.0085e+00 1.0321e+00 9.8851e-01 8.9847e-01 7.1986e-01 7.9324e-01 6.6780e-01 5.5684e-01 8.9300e-01 7.1530e-01 6.2543e-01 6.6162e-01 7.3496e-01 8.6334e-01 1.1109e+00 1.2067e+00 1.4982e+00 1.5673e+00 1.5674e+00 1.3102e+00 1.2517e+00 1.1977e+00 1.0108e+00 1.0994e+00 1.0994e+00 9.6355e-01 9.7383e-01 9.4819e-01 6.7403e-01 7.1371e-01
-9.9990e+03 -9.9990e+03 -9.9990e+03 -9.9990e+03 -9.9990e+03 -9.9990e+03 -9.9990e+03 -9.9990e+03 -9.9990e+03 -9.9990e+03 -9.9990e+03 -9.9990e+03 -9.9990e+03 9.0373e-01 8.9712e-01 9.3168e-01 8.6400e-01 9.8713e-01 1.1380e+00 1.1391e+00 1.1869e+00 1.1369e+00 1.0389e+00 1.0389e+00 9.9883e-01 9.9520e-01 9.7716e-01 9.6186e-01 9.7624e-01 8.4706e-01 6.3283e-01 5.0800e-01 3.5987e-01 5.5684e-01 4.6193e-01 4.8979e-01 6.5433e-01 7.5975e-01 9.1476e-01 8.6334e-01 1.0292e+00 1.1259e+00 1.2832e+00 1.3541e+00 1.3880e+00 1.4876e+00 1.3447e+00 1.2239e+00 1.1236e+00 1.1029e+00 1.1223e+00 1.2615e+00 1.2848e+00 1.3260e+00 1.0267e+00 1.0545e+00
-9.9990e+03 -9.9990e+03 -9.9990e+03 -9.9990e+03 -9.9990e+03 -9.9990e+03 -9.9990e+03 -9.9990e+03 -9.9990e+03 -9.9990e+03 -9.9990e+03 -9.9990e+03 -9.9990e+03 9.2663e-01 9.3183e-01 9.9463e-01 1.0046e+00 1.1410e+00 1.3047e+00 1.2361e+00 1.2667e+00 1.2143e+00 1.0753e+00 1.0042e+00 9.5867e-01 9.2316e-01 8.7193e-01 9.0766e-01 9.0766e-01 7.8572e-01 6.3283e-01 3.9754e-01 2.4776e-01 3.0612e-01 2.7998e-01 4.2104e-01 6.5881e-01 8.4819e-01 1.0343e+00 1.0660e+00 1.1264e+00 1.1421e+00 1.1765e+00 1.2126e+00 1.2324e+00 1.3521e+00 1.2918e+00 1.2589e+00 1.1520e+00 1.1354e+00 1.1446e+00 1.1849e+00 1.2780e+00 1.3364e+00 1.3324e+00 1.3074e+00
-9.9990e+03 -9.9990e+03 -9.9990e+03 -9.9990e+03 -9.9990e+03 -9.9990e+03 -9.9990e+03 -9.9990e+03 -9.9990e+03 -9.9990e+03 -9.9990e+03 -9.9990e+03 -9.9990e+03 -9.9990e+03 -9.9990e+03 -9.9990e+03 1.2598e+00 1.2598e+00 1.3844e+00 1.3760e+00 1.3698e+00 1.2143e+00 1.1238e+00 1.0148e+00 9.5867e-01 9.2481e-01 8.8077e-01 8.1332e-01 7.3246e-01 6.2939e-01 4.0108e-01 2.6634e-01 1.8978e-01 1.9636e-01 1.9636e-01 3.7779e-01 6.7956e-01 9.6014e-01 1.1489e+00 1.1414e+00 1.1614e+00 1.1545e+00 1.1197e+00 1.1201e+00 1.1444e+00 1.2181e+00 1.2197e+00 1.2176e+00 1.2021e+00 1.1848e+00 1.1855e+00 1.1847e+00 1.2447e+00 1.2820e+00 1.3300e+00 1.2846e+00
-9.9990e+03 -9.9990e+03 -9.9990e+03 -9.9990e+03 -9.9990e+03 -9.9990e+03 -9.9990e+03 -9.9990e+03 -9.9990e+03 -9.9990e+03 -9.9990e+03 -9.9990e+03 -9.9990e+03 -9.9990e+03 -9.9990e+03 -9.9990e+03 -9.9990e+03 -9.9990e+03 1.3878e+00 1.3530e+00 1.2444e+00 1.1969e+00 1.0725e+00 1.0725e+00 9.2902e-01 8.8656e-01 8.4074e-01 8.4195e-01 8.1035e-01 7.8014e-01 5.1618e-01 4.2569e-01 3.1964e-01 1.9288e-01 3.4157e-01 5.8938e-01 9.7609e-01 1.1826e+00 1.2429e+00 1.2022e+00 1.2022e+00 1.1873e+00 1.1345e+00 1.1267e+00 1.1337e+00 1.1571e+00 1.1687e+00 1.1760e+00 1.1944e+00 1.1651e+00 1.1591e+00 1.2064e+00 1.2232e+00 1.2673e+00 1.2227e+00 1.1620e+00
-9.9990e+03 -9.9990e+03 -9.9990e+03 -9.9990e+03 -9.9990e+03 -9.9990e+03 -9.9990e+03 -9.9990e+03 -9.9990e+03 -9.9990e+03 -9.9990e+03 -9.9990e+03 -9.9990e+03 -9.9990e+03 -9.9990e+03 -9.9990e+03 -9.9990e+03 -9.9990e+03 -9.9990e+03 -9.9990e+03 -9.9990e+03 1.1352e+00 1.0337e+00 9.2737e-01 8.5586e-01 7.6743e-01 7.2885e-01 8.3206e-01 8.5095e-01 8.5095e-01 7.2297e-01 6.5046e-01 5.4294e-01 2.9377e-01 3.7889e-01 5.4370e-01 8.8678e-01 1.1098e+00 1.1912e+00 1.2040e+00 1.1782e+00 1.1710e+00 1.1720e+00 1.1686e+00 1.1365e+00 1.1365e+00 1.1421e+00 1.1760e+00 1.1535e+00 1.1321e+00 1.1591e+00 1.1688e+00 1.1768e+00 1.2041e+00 1.1629e+00 1.1254e+00
-9.9990e+03 -9.9990e+03 -9.9990e+03 -9.9990e+03 -9.9990e+03 -9.9990e+03 -9.9990e+03 -9.9990e+03 -9.9990e+03 -9.9990e+03 -9.9990e+03 -9.9990e+03 -9.9990e+03 -9.9990e+03 -9.9990e+03 -9.9990e+03 -9.9990e+03 -9.9990e+03 -9.9990e+03 -9.9990e+03 -9.9990e+03 -9.9990e+03 -9.9990e+03 -9.9990e+03 7.7479e-01 6.3053e-01 5.6629e-01 7.7517e-01 8.6666e-01 9.6490e-01 8.3295e-01 7.8195e-01 7.7770e-01 5.4769e-01 5.4769e-01 6.3082e-01 7.7504e-01 9.9642e-01 1.1912e+00 1.1652e+00 1.1436e+00 1.1710e+00 1.1691e+00 1.1507e+00 1.1522e+00 1.1305e+00 1.1168e+00 1.1303e+00 1.1050e+00 1.1013e+00 1.1525e+00 1.1525e+00 1.1706e+00 1.1653e+00 1.1209e+00 1.0889e+00
-9.9990e+03 -9.9990e+03 -9.9990e+03 -9.9990e+03 -9.9990e+03 -9.9990e+03 -9.9990e+03 -9.9990e+03 -9.9990e+03 -9.9990e+03 -9.9990e+03 -9.9990e+03 -9.9990e+03 -9.9990e+03 -9.9990e+03 -9.9990e+03 -9.9990e+03 -9.9990e+03 -9.9990e+03 -9.9990e+03 -9.9990e+03 -9.9990e+03 -9.9990e+03 -9.9990e+03 -9.9990e+03 -9.9990e+03 -9.9990e+03 6.1563e-01 7.4643e-01 8.7246e-01 1.0103e+00 1.0056e+00 7.7770e-01 7.9151e-01 8.1646e-01 7.7583e-01 9.3958e-01 1.0724e+00 1.1260e+00 1.1282e+00 1.1282e+00 1.1401e+00 1.1300e+00 1.0979e+00 1.1237e+00 1.0925e+00 1.0766e+00 1.0972e+00 1.0740e+00 1.0562e+00 1.1149e+00 1.1383e+00 1.1565e+00 1.1154e+00 1.0645e+00 1.0516e+00
-9.9990e+03 -9.9990e+03 -9.9990e+03 -9.9990e+03 -9.9990e+03 -9.9990e+03 -9.9990e+03 -9.9990e+03 -9.9990e+03 -9.9990e+03 -9.9990e+03 -9.9990e+03 -9.9990e+03 -9.9990e+03 -9.9990e+03 -9.9990e+03 -9.9990e+03 -9.9990e+03 -9.9990e+03 -9.9990e+03 -9.9990e+03 -9.9990e+03 -9.9990e+03 -9.9990e+03 -9.9990e+03 -9.9990e+03 -9.9990e+03 -9.9990e+03 -9.9990e+03 8.7246e-01 9.6060e-01 1.0128e+00 9.9444e-01 9.9257e-01 9.9056e-01 8.6148e-01 9.4191e-01 1.0371e+00 1.1255e+00 1.1291e+00 1.1229e+00 1.0926e+00 1.0545e+00 1.0194e+00 1.0303e+00 1.0229e+00 1.0229e+00 1.0701e+00 1.0556e+00 1.0323e+00 1.0544e+00 1.0671e+00 1.0940e+00 1.1139e+00 1.0641e+00 1.0420e+00
-9.9990e+03 -9.9990e+03 -9.9990e+03 -9.9990e+03 -9.9990e+03 -9.9990e+03 -9.9990e+03 -9.9990e+03 -9.9990e+03 -9.9990e+03 -9.9990e+03 -9.9990e+03 -9.9990e+03 -9.9990e+03 -9.9990e+03 -9.9990e+03 -9.9990e+03 -9.9990e+03 -9.9990e+03 -9.9990e+03 -9.9990e+03 -9.9990e+03 -9.9990e+03 -9.9990e+03 -9.9990e+03 -9.9990e+03 -9.9990e+03 -9.9990e+03 -9.9990e+03 -9.9990e+03 -9.9990e+03 -9.9990e+03 1.0911e+00 1.0901e+00 1.0328e+00 9.6441e-01 9.6701e-01 9.9415e-01 1.1019e+00 1.1214e+00 1.1342e+00 1.1241e+00 1.1063e+00 1.0827e+00 9.8652e-01 9.8374e-01 1.0054e+00 1.0358e+00 1.0240e+00 1.0263e+00 1.0205e+00 1.0205e+00 1.0326e+00 1.0934e+00 1.0826e+00 1.0420e+00
