bias_correction/pipeline/U_0_s_2.3_d_200.asc
ncols        88
nrows        90
xllcorner    2777636
yllcorner    1185112
cellsize     25
NODATA_value -9999
[rows 25 to 49 of 90, columns 0 to 55 of 88]
-9.9990e+03 -9.9990e+03 -9.9990e+03 -9.9990e+03 -9.9990e+03 -9.9990e+03 -9.9990e+03 -9.9990e+03 -9.9990e+03 -9.9990e+03 -9.9990e+03 -9.9990e+03 -9.9990e+03 -9.9990e+03 -9.9990e+03 -9.9990e+03 -9.9990e+03 -9.9990e+03 5.0071e-01 4.0597e-01 1.4104e+00 1.5460e+00 1.5460e+00 2.3884e+00 2.3087e+00 2.1708e+00 1.4632e+00 1.2126e+00 9.8479e-01 8.2196e-01 5.8477e-01 2.6855e-01 1.6648e-02 -2.0178e-01 7.8579e-04 9.1651e-03 3.4011e-01 5.4423e-01 5.1466e-01 5.1466e-01 6.2844e-01 6.2462e-01 6.2205e-01 5.3102e-01 4.5533e-01 4.3819e-01 4.4439e-01 4.6387e-01 4.1307e-01 5.6204e-01 9.9584e-01 1.5904e+00 2.1171e+00 1.8170e+00 1.3739e+00 1.1693e+00
-9.9990e+03 -9.9990e+03 -9.9990e+03 -9.9990e+03 -9.9990e+03 -9.9990e+03 -9.9990e+03 -9.9990e+03 -9.9990e+03 -9.9990e+03 -9.9990e+03 -9.9990e+03 -9.9990e+03 -9.9990e+03 -9.9990e+03 -9.9990e+03 -9.9990e+03 -9.9990e+03 5.1688e-01 5.4396e-01 6.2427e-01 7.5995e-01 9.8723e-01 1.8023e+00 1.8264e+00 1.7085e+00 1.5963e+00 1.2805e+00 1.2805e+00 8.1067e-01 5.3700e-01 2.7503e-01 3.7383e-02 1.6246e-01 3.9638e-01 3.2656e-01 5.5175e-01 6.2247e-01 6.0063e-01 5.9825e-01 5.9376e-01 6.3033e-01 5.6655e-01 3.9236e-01 3.2984e-01 3.2984e-01 4.4439e-01 4.1916e-01 3.5740e-01 4.4403e-01 6.7151e-01 1.1377e+00 2.1440e+00 2.1367e+00 1.8031e+00 1.0783e+00
-9.9990e+03 -9.9990e+03 -9.9990e+03 -9.9990e+03 -9.9990e+03 -9.9990e+03 -9.9990e+03 -9.9990e+03 -9.9990e+03 -9.9990e+03 -9.9990e+03 -9.9990e+03 -9.9990e+03 -9.9990e+03 -9.9990e+03 -9.9990e+03 -9.9990e+03 -9.9990e+03 5.6555e-01 5.9921e-01 6.9419e-01 7.8854e-01 8.1828e-01 1.0807e+00 1.0498e+00 9.3938e-01 1.4813e+00 1.2014e+00 9.6413e-01 6.9805e-01 5.1663e-01 6.0129e-01 5.0406e-01 6.9397e-01 6.9397e-01 6.0272e-01 6.9625e-01 6.2247e-01 5.9979e-01 5.4887e-01 5.9376e-01 5.8937e-01 5.7408e-01 4.3631e-01 3.2346e-01 2.5950e-01 3.2048e-01 2.7447e-01 2.1619e-01 3.7471e-01 3.7471e-01 6.0038e-01 1.7265e+00 2.0771e+00 2.1021e+00 1.4696e+00
-9.9990e+03 -9.9990e+03 -9.9990e+03 -9.9990e+03 -9.9990e+03 -9.9990e+03 -9.9990e+03 -9.9990e+03 -9.9990e+03 -9.9990e+03 -9.9990e+03 -9.9990e+03 -9.9990e+03 -9.9990e+03 -9.9990e+03 -9.9990e+03 -9.9990e+03 6.0273e-01 6.1570e-01 6.5271e-01 7.3495e-01 6.4625e-01 5.0756e-01 7.5986e-01 6.4180e-01 5.0554e-01 8.0367e-01 7.0767e-01 9.6413e-01 8.7676e-01 9.1409e-01 6.0129e-01 7.4861e-01 8.6609e-01 8.0248e-01 7.9565e-01 7.0642e-01 5.7968e-01 5.2151e-01 5.2151e-01 5.2881e-01 5.1594e-01 5.2195e-01 5.0038e-01 3.9723e-01 2.9521e-01 2.3621e-01 2.2043e-01 2.0262e-01 1.8912e-01 2.6010e-01 5.7023e-01 1.6577e+00 2.0832e+00 2.1873e+00 1.7144e+00
-9.9990e+03 -9.9990e+03 -9.9990e+03 -9.9990e+03 -9.9990e+03 -9.9990e+03 -9.9990e+03 -9.9990e+03 -9.9990e+03 -9.9990e+03 -9.9990e+03 -9.9990e+03 -9.9990e+03 -9.9990e+03 -9.9990e+03 -9.9990e+03 -9.9990e+03 6.4395e-01 5.2670e-01 3.7348e-01 5.2883e-01 4.3309e-01 5.0756e-01 3.6315e-01 2.9370e-01 4.1875e-01 4.3701e-01 6.2995e-01 7.7922e-01 9.6262e-01 1.1742e+00 9.4343e-01 9.4370e-01 9.4155e-01 9.1019e-01 8.7571e-01 7.9063e-01 6.2307e-01 5.5220e-01 4.9954e-01 4.3969e-01 4.2469e-01 4.4990e-01 4.7208e-01 3.9329e-01 3.9329e-01 2.3459e-01 2.1784e-01 2.3347e-01 1.9546e-01 2.3366e-01 4.0472e-01 1.0424e+00 1.5102e+00 1.8220e+00 2.0981e+00
-9.9990e+03 -9.9990e+03 -9.9990e+03 -9.9990e+03 -9.9990e+03 -9.9990e+03 -9.9990e+03 -9.9990e+03 -9.9990e+03 -9.9990e+03 -9.9990e+03 -9.9990e+03 -9.9990e+03 -9.9990e+03 -9.9990e+03 -9.9990e+03 6.0892e-01 6.0892e-01 3.6233e-01 3.7348e-01 2.4167e-01 2.1261e-01 3.0945e-01 2.3867e-01 3.0189e-01 3.5549e-01 5.3247e-01 7.3500e-01 9.4991e-01 1.2843e+00 1.4739e+00 1.1663e+00 1.0510e+00 1.0156e+00 9.5956e-01 9.5437e-01 9.1034e-01 7.1932e-01 6.4435e-01 5.8632e-01 4.3863e-01 3.9490e-01 3.9800e-01 4.8279e-01 4.7905e-01 4.2563e-01 2.4425e-01 2.3299e-01 2.7415e-01 3.0094e-01 4.0808e-01 4.0808e-01 6.9697e-01 1.0548e+00 1.8220e+00 1.8945e+00
-9.9990e+03 -9.9990e+03 -9.9990e+03 -9.9990e+03 -9.9990e+03 -9.9990e+03 -9.9990e+03 -9.9990e+03 -9.9990e+03 -9.9990e+03 -9.9990e+03 -9.9990e+03 -9.9990e+03 -9.9990e+03 -9.9990e+03 -9.9990e+03 4.5081e-01 1.6150e-01 6.7910e-02 6.2636e-02 9.5256e-02 1.8001e-01 2.1970e-01 2.1970e-01 3.4175e-01 4.6874e-01 6.6864e-01 8.2021e-01 9.9330e-01 1.3166e+00 1.5753e+00 1.3797e+00 1.1990e+00 1.1032e+00 1.0161e+00 1.0065e+00 9.8756e-01 7.9203e-01 7.2740e-01 6.5513e-01 5.2078e-01 4.5506e-01 4.2699e-01 4.4934e-01 5.0798e-01 5.1748e-01 3.2866e-01 2.7317e-01 2.7415e-01 3.5996e-01 4.7048e-01 5.6971e-01 8.1162e-01 1.0295e+00 1.4728e+00 1.5115e+00
-9.9990e+03 -9.9990e+03 -9.9990e+03 -9.9990e+03 -9.9990e+03 -9.9990e+03 -9.9990e+03 -9.9990e+03 -9.9990e+03 -9.9990e+03 -9.9990e+03 -9.9990e+03 -9.9990e+03 -9.9990e+03 -9.9990e+03 -9.9990e+03 2.7053e-01 1.3683e-01 1.6740e-01 5.6920e-02 1.8986e-01 3.3991e-01 2.7374e-01 3.7995e-01 5.1515e-01 6.8307e-01 7.6549e-01 8.7895e-01 1.2598e+00 1.2598e+00 1.5842e+00 1.5478e+00 1.3601e+00 1.2054e+00 1.0769e+00 1.0743e+00 1.0784e+00 9.3068e-01 8.6823e-01 6.5513e-01 5.7929e-01 5.2939e-01 4.4607e-01 5.0133e-01 5.4819e-01 5.1748e-01 4.3348e-01 3.4700e-01 2.8753e-01 3.7019e-01 4.7343e-01 5.8938e-01 7.1378e-01 8.6595e-01 1.2100e+00 1.3055e+00
-9.9990e+03 -9.9990e+03 -9.9990e+03 -9.9990e+03 -9.9990e+03 -9.9990e+03 -9.9990e+03 -9.9990e+03 -9.9990e+03 -9.9990e+03 -9.9990e+03 -9.9990e+03 -9.9990e+03 -9.9990e+03 -9.9990e+03 2.1993e-01 1.3987e-01 2.4176e-01 2.4176e-01 1.9590e-01 3.2624e-01 4.1213e-01 4.2973e-01 4.9831e-01 5.6385e-01 6.1593e-01 6.6222e-01 7.5235e-01 1.1602e+00 1.5507e+00 1.7600e+00 1.5094e+00 1.3132e+00 1.1367e+00 1.1367e+00 1.1151e+00 1.0784e+00 1.0427e+00 9.9370e-01 7.9176e-01 7.0409e-01 6.4641e-01 5.1717e-01 5.3803e-01 5.7042e-01 4.9724e-01 4.2351e-01 3.6374e-01 3.3784e-01 4.0946e-01 4.7965e-01 5.6343e-01 6.4042e-01 7.5728e-01 1.0376e+00 1.1609e+00
-9.9990e+03 -9.9990e+03 -9.9990e+03 -9.9990e+03 -9.9990e+03 -9.9990e+03 -9.9990e+03 -9.9990e+03 -9.9990e+03 -9.9990e+03 -9.9990e+03 -9.9990e+03 -9.9990e+03 -9.9990e+03 -9.9990e+03 1.9675e-01 1.7255e-01 2.4913e-01 3.1335e-01 3.3976e-01 3.3979e-01 4.4878e-01 6.2133e-01 6.7640e-01 6.7640e-01 5.9571e-01 5.9972e-01 7.5235e-01 1.0246e+00 1.4306e+00 1.7600e+00 1.6659e+00 1.4459e+00 1.1963e+00 1.1474e+00 1.1225e+00 1.0969e+00 1.0751e+00 1.0356e+00 8.4670e-01 8.4670e-01 7.8454e-01 6.0938e-01 5.9418e-01 5.9198e-01 5.4588e-01 5.1223e-01 4.7137e-01 3.6948e-01 4.0385e-01 4.4945e-01 5.3427e-01 6.3068e-01 7.5038e-01 1.0319e+00 1.1252e+00
-9.9990e+03 -9.9990e+03 -9.9990e+03 -9.9990e+03 -9.9990e+03 -9.9990e+03 -9.9990e+03 -9.9990e+03 -9.9990e+03 -9.9990e+03 -9.9990e+03 -9.9990e+03 -9.9990e+03 -9.9990e+03 -9.9990e+03 1.8975e-01 1.8981e-01 2.5979e-01 3.1335e-01 3.3426e-01 2.9135e-01 4.4878e-01 6.4187e-01 7.5729e-01 6.4088e-01 5.8145e-01 6.3180e-01 8.9508e-01 1.2624e+00 1.2624e+00 1.7549e+00 1.7835e+00 1.5911e+00 1.2649e+00 1.1707e+00 1.1349e+00 1.1126e+00 1.1111e+00 1.0974e+00 9.7644e-01 9.0572e-01 8.0940e-01 6.6710e-01 6.3329e-01 6.2095e-01 5.7746e-01 5.7746e-01 5.6982e-01 4.7259e-01 4.8715e-01 5.1432e-01 4.8224e-01 5.4333e-01 6.2978e-01 8.6435e-01 9.6724e-01
-9.9990e+03 -9.9990e+03 -9.9990e+03 -9.9990e+03 -9.9990e+03 -9.9990e+03 -9.9990e+03 -9.9990e+03 -9.9990e+03 -9.9990e+03 -9.9990e+03 -9.9990e+03 -9.9990e+03 -9.9990e+03 1.8906e-01 1.8969e-01 2.8114e-01 2.9697e-01 3.0186e-01 3.0551e-01 2.6766e-01 3.8046e-01 6.0178e-01 7.3323e-01 7.2465e-01 6.4899e-01 6.7318e-01 8.0798e-01 1.1069e+00 1.5112e+00 1.8455e+00 1.7566e+00 1.4909e+00 1.2217e+00 1.1494e+00 1.1494e+00 1.1227e+00 1.1155e+00 1.1148e+00 1.0614e+00 9.8992e-01 8.8490e-01 7.1958e-01 6.5161e-01 6.3417e-01 6.2373e-01 6.3225e-01 6.7266e-01 6.1643e-01 6.4597e-01 5.2368e-01 5.2368e-01 5.5058e-01 6.2978e-01 7.1813e-01 8.0446e-01
-9.9990e+03 -9.9990e+03 -9.9990e+03 -9.9990e+03 -9.9990e+03 -9.9990e+03 -9.9990e+03 -9.9990e+03 -9.9990e+03 -9.9990e+03 -9.9990e+03 -9.9990e+03 -9.9990e+03 -9.9990e+03 1.5173e-01 2.0589e-01 3.2822e-01 3.5597e-01 3.3014e-01 3.4304e-01 3.9593e-01 4.6994e-01 5.8772e-01 6.2269e-01 7.2948e-01 6.7753e-01 6.8321e-01 8.0182e-01 1.0169e+00 1.3475e+00 1.8304e+00 1.8877e+00 1.6191e+00 1.2669e+00 1.1537e+00 1.1203e+00 1.1121e+00 1.1079e+00 1.0999e+00 1.0297e+00 9.3476e-01 9.3476e-01 7.6555e-01 6.6973e-01 6.3417e-01 6.4399e-01 6.5637e-01 6.7266e-01 7.1471e-01 7.6666e-01 6.4055e-01 6.3301e-01 6.3936e-01 6.5317e-01 7.1688e-01 7.2476e-01
-9.9990e+03 -9.9990e+03 -9.9990e+03 -9.9990e+03 -9.9990e+03 -9.9990e+03 -9.9990e+03 -9.9990e+03 -9.9990e+03 -9.9990e+03 -9.9990e+03 -9.9990e+03 -9.9990e+03 -9.9990e+03 1.2703e-01 2.0277e-01 3.1514e-01 3.6396e-01 4.0333e-01 4.4911e-01 5.4213e-01 4.6301e-01 5.0120e-01 5.3546e-01 6.0312e-01 6.0494e-01 6.7489e-01 9.5624e-01 1.2085e+00 1.5515e+00 1.7140e+00 1.9231e+00 1.7548e+00 1.3306e+00 1.1551e+00 1.0861e+00 1.1026e+00 1.0922e+00 1.0999e+00 1.0389e+00 9.3877e-01 8.0696e-01 7.1099e-01 6.9498e-01 6.5729e-01 6.6860e-01 6.6860e-01 6.9302e-01 7.3560e-01 8.0282e-01 7.7427e-01 7.6071e-01 7.4053e-01 6.6442e-01 7.0242e-01 6.9752e-01
-9.9990e+03 -9.9990e+03 -9.9990e+03 -9.9990e+03 -9.9990e+03 -9.9990e+03 -9.9990e+03 -9.9990e+03 -9.9990e+03 -9.9990e+03 -9.9990e+03 -9.9990e+03 -9.9990e+03 1.2717e-01 2.0638e-01 2.8736e-01 3.8637e-01 4.5471e-01 4.7507e-01 4.7507e-01 5.8247e-01 5.9240e-01 5.8668e-01 5.6855e-01 5.3904e-01 5.6628e-01 6.0361e-01 8.3893e-01 1.0707e+00 1.5515e+00 1.9086e+00 1.9479e+00 1.4479e+00 1.1951e+00 1.0751e+00 1.0861e+00 1.0717e+00 1.0687e+00 1.0881e+00 1.0089e+00 9.0195e-01 8.2585e-01 7.6645e-01 7.6275e-01 7.0834e-01 7.1649e-01 7.0371e-01 6.9772e-01 7.5727e-01 8.1881e-01 8.5265e-01 8.2642e-01 8.2642e-01 7.3555e-01 7.4268e-01 7.2593e-01
-9.9990e+03 -9.9990e+03 -9.9990e+03 -9.9990e+03 -9.9990e+03 -9.9990e+03 -9.9990e+03 -9.9990e+03 -9.9990e+03 -9.9990e+03 -9.9990e+03 -9.9990e+03 -9.9990e+03 2.0006e-01 2.6992e-01 2.7420e-01 3.7921e-01 4.6703e-01 4.4707e-01 5.3873e-01 6.8576e-01 6.9733e-01 6.7586e-01 5.5350e-01 5.5350e-01 5.7327e-01 6.0361e-01 7.2722e-01 9.0171e-01 1.3811e+00 1.7650e+00 1.9917e+00 1.6792e+00 1.3773e+00 1.1632e+00 1.0382e+00 1.0402e+00 1.0099e+00 9.5481e-01 8.3406e-01 7.6157e-01 8.0493e-01 7.9243e-01 8.1268e-01 7.8982e-01 8.0070e-01 7.7564e-01 6.8004e-01 6.9594e-01 7.5004e-01 8.5864e-01 8.6092e-01 8.3118e-01 7.7974e-01 7.5827e-01 7.0265e-01
-9.9990e+03 -9.9990e+03 -9.9990e+03 -9.9990e+03 -9.9990e+03 -9.9990e+03 -9.9990e+03 -9.9990e+03 -9.9990e+03 -9.9990e+03 -9.9990e+03 -9.9990e+03 -9.9990e+03 4.2408e-01 4.2408e-01 2.8968e-01 3.6237e-01 4.6703e-01 4.4578e-01 4.9378e-01 6.8576e-01 7.9585e-01 8.3245e-01 6.5090e-01 6.5937e-01 6.3952e-01 6.7479e-01 7.9900e-01 9.6760e-01 1.4735e+00 1.4735e+00 1.7907e+00 1.9473e+00 1.6764e+00 1.3987e+00 1.0367e+00 9.9786e-01 9.7273e-01 9.1786e-01 8.0075e-01 7.2770e-01 7.7096e-01 8.1105e-01 8.6293e-01 8.6536e-01 8.3614e-01 7.7662e-01 7.2103e-01 6.8487e-01 6.9408e-01 8.0611e-01 8.3522e-01 8.2316e-01 7.9634e-01 7.6841e-01 7.0265e-01
-9.9990e+03 -9.9990e+03 -9.9990e+03 -9.9990e+03 -9.9990e+03 -9.9990e+03 -9.9990e+03 -9.9990e+03 -9.9990e+03 -9.9990e+03 -9.9990e+03 -9.9990e+03 -9.9990e+03 6.0773e-01 3.9056e-01 4.0357e-01 4.7033e-01 4.8352e-01 5.2094e-01 5.2094e-01 6.0938e-01 7.4651e-01 8.2658e-01 8.0141e-01 7.2291e-01 6.3234e-01 6.2612e-01 6.7463e-01 8.2075e-01 1.2248e+00 1.4754e+00 1.6719e+00 1.9257e+00 1.7392e+00 1.4880e+00 1.0658e+00 1.0658e+00 1.0061e+00 9.2040e-01 8.3592e-01 7.7159e-01 7.3068e-01 7.6772e-01 8.1510e-01 8.7657e-01 8.5002e-01 7.7662e-01 7.2116e-01 6.9381e-01 7.3587e-01 7.8064e-01 7.9499e-01 8.2316e-01 7.9293e-01 7.6652e-01 7.3105e-01
-9.9990e+03 -9.9990e+03 -9.9990e+03 -9.9990e+03 -9.9990e+03 -9.9990e+03 -9.9990e+03 -9.9990e+03 -9.9990e+03 -9.9990e+03 -9.9990e+03 -9.9990e+03 -9.9990e+03 7.3087e-01 5.8601e-01 5.3641e-01 5.4622e-01 5.4912e-01 6.2669e-01 7.1262e-01 7.1136e-01 8.2547e-01 9.0170e-01 7.2069e-01 6.3735e-01 6.3735e-01 5.5207e-01 5.1815e-01 6.7339e-01 1.0468e+00 1.2611e+00 1.4014e+00 1.7855e+00 1.8001e+00 1.6536e+00 1.2698e+00 1.1159e+00 1.0240e+00 9.1227e-01 8.8202e-01 7.4998e-01 7.4998e-01 7.6048e-01 8.1510e-01 8.2963e-01 8.1749e-01 8.0180e-01 7.6053e-01 7.3124e-01 7.0055e-01 7.2813e-01 7.5503e-01 7.8637e-01 7.6677e-01 7.4073e-01 6.9360e-01
-9.9990e+03 -9.9990e+03 -9.9990e+03 -9.9990e+03 -9.9990e+03 -9.9990e+03 -9.9990e+03 -9.9990e+03 -9.9990e+03 -9.9990e+03 -9.9990e+03 -9.9990e+03 -9.9990e+03 9.3092e-01 7.5104e-01 6.6176e-01 6.5761e-01 5.9122e-01 6.9363e-01 8.6222e-01 8.3647e-01 9.3765e-01 9.9354e-01 9.0464e-01 7.5387e-01 6.3517e-01 4.8023e-01 5.5565e-01 7.1947e-01 1.0450e+00 1.2114e+00 1.2114e+00 1.4831e+00 1.5778e+00 1.6536e+00 1.4165e+00 1.1925e+00 1.0240e+00 9.8214e-01 9.8760e-01 8.5570e-01 8.3099e-01 7.9850e-01 7.8523e-01 7.7879e-01 7.8366e-01 7.8321e-01 7.8321e-01 7.6296e-01 7.1178e-01 7.1139e-01 7.2636e-01 7.6528e-01 7.5315e-01 7.2772e-01 6.9503e-01
-9.9990e+03 -9.9990e+03 -9.9990e+03 -9.9990e+03 -9.9990e+03 -9.9990e+03 -9.9990e+03 -9.9990e+03 -9.9990e+03 -9.9990e+03 -9.9990e+03 -9.9990e+03 -9.9990e+03 1.0925e+00 8.6961e-01 8.5555e-01 8.1237e-01 7.4243e-01 8.8375e-01 1.0045e+00 9.6370e-01 1.0070e+00 1.0603e+00 9.0956e-01 8.0379e-01 6.3517e-01 5.6186e-01 5.5207e-01 7.1947e-01 9.1276e-01 1.0860e+00 1.3041e+00 1.4201e+00 1.4786e+00 1.4186e+00 1.2078e+00 1.2078e+00 1.0580e+00 1.0169e+00 1.0387e+00 9.7650e-01 9.3389e-01 8.6407e-01 7.7502e-01 7.6216e-01 7.7076e-01 7.9103e-01 7.7948e-01 7.4428e-01 7.1263e-01 7.0980e-01 7.2567e-01 7.3639e-01 7.3639e-01 7.1587e-01 6.9095e-01
-9.9990e+03 -9.9990e+03 -9.9990e+03 -9.9990e+03 -9.9990e+03 -9.9990e+03 -9.9990e+03 -9.9990e+03 -9.9990e+03 -9.9990e+03 -9.9990e+03 -9.9990e+03 -9.9990e+03 1.3219e+00 1.0635e+00 1.0520e+00 9.8350e-01 7.8734e-01 8.7272e-01 1.0045e+00 1.0329e+00 9.4849e-01 9.8951e-01 8.7886e-01 7.2329e-01 6.9494e-01 6.1411e-01 5.8195e-01 6.5787e-01 8.3122e-01 1.0187e+00 1.2183e+00 1.3481e+00 1.4222e+00 1.3780e+00 1.1924e+00 1.0614e+00 1.0148e+00 1.0202e+00 1.0222e+00 1.0001e+00 9.1867e-01 9.1867e-01 8.0688e-01 7.7173e-01 7.6756e-01 7.8343e-01 7.7827e-01 7.5021e-01 7.1556e-01 7.0053e-01 7.1022e-01 7.3026e-01 7.2166e-01 7.0598e-01 6.7148e-01
-9.9990e+03 -9.9990e+03 -9.9990e+03 -9.9990e+03 -9.9990e+03 -9.9990e+03 -9.9990e+03 -9.9990e+03 -9.9990e+03 -9.9990e+03 -9.9990e+03 -9.9990e+03 -9.9990e+03 1.3239e+00 1.3239e+00 1.2763e+00 9.8350e-01 9.0824e-01 8.7782e-01 9.3315e-01 8.9408e-01 7.1345e-01 8.0202e-01 6.4208e-01 5.8948e-01 6.6940e-01 6.6500e-01 6.5763e-01 7.5649e-01 9.6531e-01 1.1230e+00 1.1817e+00 1.2985e+00 1.4014e+00 1.3562e+00 1.1872e+00 1.0688e+00 1.0002e+00 9.7003e-01 9.5343e-01 9.9300e-01 9.4114e-01 8.8118e-01 7.8663e-01 7.6381e-01 7.6377e-01 7.8281e-01 7.7066e-01 7.7066e-01 7.2338e-01 7.0142e-01 7.1022e-01 7.2073e-01 7.2478e-01 7.0598e-01 6.9186e-01
-9.9990e+03 -9.9990e+03 -9.9990e+03 -9.9990e+03 -9.9990e+03 -9.9990e+03 -9.9990e+03 -9.9990e+03 -9.9990e+03 -9.9990e+03 -9.9990e+03 -9.9990e+03 -9.9990e+03 1.2880e+00 1.3064e+00 1.2510e+00 1.1308e+00 1.0291e+00 8.7493e-01 7.2197e-01 7.2197e-01 5.6392e-01 5.8035e-01 5.8342e-01 6.4415e-01 6.2409e-01 6.7628e-01 6.9227e-01 7.2258e-01 8.6724e-01 9.7330e-01 1.2310e+00 1.3486e+00 1.3987e+00 1.2484e+00 1.1131e+00 1.0203e+00 9.9537e-01 9.3212e-01 8.9662e-01 9.4493e-01 9.4334e-01 9.2169e-01 8.2160e-01 7.6629e-01 7.6377e-01 7.6941e-01 7.7494e-01 7.4791e-01 7.2387e-01 7.1256e-01 7.1106e-01 7.1621e-01 7.1621e-01 7.2133e-01 7.1171e-01
-9.9990e+03 -9.9990e+03 -9.9990e+03 -9.9990e+03 -9.9990e+03 -9.9990e+03 -9.9990e+03 -9.9990e+03 -9.9990e+03 -9.9990e+03 -9.9990e+03 -9.9990e+03 -9.9990e+03 1.1348e+00 1.1088e+00 1.0913e+00 1.1567e+00 1.0773e+00 9.5724e-01 7.1374e-01 5.8651e-01 5.8087e-01 6.1571e-01 7.1608e-01 8.2338e-01 7.7502e-01 7.7502e-01 7.7621e-01 6.9399e-01 7.3345e-01 8.0265e-01 1.0667e+00 1.2164e+00 1.3633e+00 1.3521e+00 1.2070e+00 1.0203e+00 9.5074e-01 9.0438e-01 8.9881e-01 9.2477e-01 9.3589e-01 9.2169e-01 8.6408e-01 7.8367e-01 7.3380e-01 7.2589e-01 7.4013e-01 7.7830e-01 7.6692e-01 7.4857e-01 7.0432e-01 7.0197e-01 7.0631e-01 7.1663e-01 7.2245e-01
