bias_correction/pipeline/U_1_s_1.3_d_235.asc
ncols        88
nrows        90
xllcorner    2777636
yllcorner    1185112
cellsize     25
NODATA_value -9999
[rows 25 to 49 of 90, columns 0 to 55 of 88]
-9.9990e+03 -9.9990e+03 -9.9990e+03 -9.9990e+03 -9.9990e+03 -9.9990e+03 -9.9990e+03 -9.9990e+03 -9.9990e+03 -9.9990e+03 -9.9990e+03 -9.9990e+03 -9.9990e+03 -9.9990e+03 -9.9990e+03 -9.9990e+03 -9.9990e+03 -9.9990e+03 8.9071e-01 1.0068e+00 9.0409e-01 1.1617e+00 1.0550e+00 1.2757e+00 1.8284e+00 1.8887e+00 1.6458e+00 1.3969e+00 1.3969e+00 1.4056e+00 1.4105e+00 1.3345e+00 1.1952e+00 1.1952e+00 1.0946e+00 1.0135e+00 9.7390e-01 9.4953e-01 9.5137e-01 9.1470e-01 9.4065e-01 9.6499e-01 9.6047e-01 8.7491e-01 8.4021e-01 8.4100e-01 8.8366e-01 8.6570e-01 7.3273e-01 7.5526e-01 8.3527e-01 1.4648e+00 2.1927e+00 2.3086e+00 1.6719e+00 1.5416e+00
-9.9990e+03 -9.9990e+03 -9.9990e+03 -9.9990e+03 -9.9990e+03 -9.9990e+03 -9.9990e+03 -9.9990e+03 -9.9990e+03 -9.9990e+03 -9.9990e+03 -9.9990e+03 -9.9990e+03 -9.9990e+03 -9.9990e+03 -9.9990e+03 -9.9990e+03 8.6874e-01 8.2950e-01 8.2950e-01 9.5366e-01 9.1471e-01 9.3122e-01 1.2757e+00 1.5952e+00 1.4020e+00 1.7419e+00 1.6322e+00 1.4925e+00 1.5051e+00 1.5051e+00 1.4286e+00 1.2904e+00 1.1959e+00 1.0652e+00 9.9418e-01 9.7556e-01 9.5881e-01 9.1876e-01 8.6882e-01 9.1943e-01 9.0642e-01 9.5637e-01 9.2011e-01 8.4021e-01 8.3584e-01 8.6253e-01 8.6253e-01 7.9259e-01 7.4629e-01 9.5191e-01 1.4648e+00 1.6749e+00 2.2738e+00 2.1683e+00 1.5558e+00
-9.9990e+03 -9.9990e+03 -9.9990e+03 -9.9990e+03 -9.9990e+03 -9.9990e+03 -9.9990e+03 -9.9990e+03 -9.9990e+03 -9.9990e+03 -9.9990e+03 -9.9990e+03 -9.9990e+03 -9.9990e+03 -9.9990e+03 1.0085e+00 1.0085e+00 8.4186e-01 8.1306e-01 9.7465e-01 9.5366e-01 9.7460e-01 9.1525e-01 9.2112e-01 1.0577e+00 1.4020e+00 1.5479e+00 1.3845e+00 1.5838e+00 1.7669e+00 1.6341e+00 1.4339e+00 1.4339e+00 1.2505e+00 1.1087e+00 1.0287e+00 9.5825e-01 9.3903e-01 9.2349e-01 8.8321e-01 8.4383e-01 9.0788e-01 9.5389e-01 9.0256e-01 9.0256e-01 8.3321e-01 8.3321e-01 8.3968e-01 7.9136e-01 7.9136e-01 8.8585e-01 1.1112e+00 1.8033e+00 2.2738e+00 2.0582e+00 2.0435e+00
-9.9990e+03 -9.9990e+03 -9.9990e+03 -9.9990e+03 -9.9990e+03 -9.9990e+03 -9.9990e+03 -9.9990e+03 -9.9990e+03 -9.9990e+03 -9.9990e+03 -9.9990e+03 -9.9990e+03 -9.9990e+03 1.2337e+00 1.1204e+00 9.2920e-01 8.9776e-01 8.9776e-01 9.3712e-01 1.0010e+00 9.7979e-01 9.1525e-01 9.3086e-01 9.8168e-01 1.0645e+00 1.2001e+00 1.3845e+00 1.6361e+00 1.6361e+00 1.9521e+00 1.7183e+00 1.3950e+00 1.1927e+00 1.1087e+00 1.0773e+00 1.0051e+00 9.5637e-01 9.1280e-01 8.6011e-01 8.4569e-01 8.3184e-01 9.1124e-01 9.5381e-01 9.0170e-01 8.4606e-01 8.4606e-01 8.3717e-01 8.2766e-01 8.3341e-01 9.8402e-01 9.8402e-01 1.3786e+00 1.8244e+00 2.0351e+00 2.0435e+00
-9.9990e+03 -9.9990e+03 -9.9990e+03 -9.9990e+03 -9.9990e+03 -9.9990e+03 -9.9990e+03 -9.9990e+03 -9.9990e+03 -9.9990e+03 -9.9990e+03 -9.9990e+03 -9.9990e+03 1.3380e+00 1.1314e+00 1.1314e+00 1.0114e+00 9.3941e-01 8.9284e-01 9.1380e-01 9.8699e-01 9.7853e-01 9.7201e-01 9.8271e-01 9.8168e-01 1.1234e+00 1.1542e+00 1.1870e+00 1.4395e+00 1.8251e+00 2.0570e+00 1.7183e+00 1.6190e+00 1.2861e+00 1.1606e+00 1.0629e+00 1.0009e+00 1.0068e+00 9.5964e-01 9.1076e-01 8.3230e-01 8.2717e-01 9.1699e-01 9.1699e-01 9.6705e-01 9.1780e-01 8.6827e-01 8.4494e-01 8.4494e-01 8.8551e-01 8.9690e-01 1.1042e+00 1.3786e+00 1.7569e+00 1.6698e+00 1.9200e+00
-9.9990e+03 -9.9990e+03 -9.9990e+03 -9.9990e+03 -9.9990e+03 -9.9990e+03 -9.9990e+03 -9.9990e+03 -9.9990e+03 -9.9990e+03 -9.9990e+03 -9.9990e+03 -9.9990e+03 1.2402e+00 1.1455e+00 1.0769e+00 9.4365e-01 9.4365e-01 9.1240e-01 8.7527e-01 9.2112e-01 9.9447e-01 1.0041e+00 1.0789e+00 1.0664e+00 1.1274e+00 1.1542e+00 1.2287e+00 1.3529e+00 1.6925e+00 2.1382e+00 2.0021e+00 1.5135e+00 1.2861e+00 1.2814e+00 1.1709e+00 1.0729e+00 1.0343e+00 9.7457e-01 9.0609e-01 9.0609e-01 8.2739e-01 8.3619e-01 9.2978e-01 1.0039e+00 1.0039e+00 9.7586e-01 8.7945e-01 8.6649e-01 9.3945e-01 9.8840e-01 1.0614e+00 1.1936e+00 1.4376e+00 1.6698e+00 1.8181e+00
-9.9990e+03 -9.9990e+03 -9.9990e+03 -9.9990e+03 -9.9990e+03 -9.9990e+03 -9.9990e+03 -9.9990e+03 -9.9990e+03 -9.9990e+03 -9.9990e+03 -9.9990e+03 -9.9990e+03 1.1512e+00 1.1512e+00 1.0549e+00 9.8337e-01 9.5502e-01 9.4123e-01 9.0583e-01 9.3749e-01 9.5244e-01 1.0626e+00 1.0789e+00 1.1167e+00 1.0990e+00 1.1086e+00 1.1846e+00 1.3529e+00 1.9523e+00 2.1047e+00 2.1047e+00 1.6378e+00 1.4440e+00 1.2953e+00 1.1709e+00 1.2022e+00 1.1576e+00 1.0745e+00 1.0092e+00 9.0602e-01 8.2072e-01 8.2072e-01 8.7460e-01 1.0370e+00 1.0496e+00 9.8120e-01 9.8120e-01 9.0089e-01 9.0182e-01 9.8406e-01 1.1222e+00 1.2517e+00 1.2817e+00 1.4275e+00 1.5531e+00
-9.9990e+03 -9.9990e+03 -9.9990e+03 -9.9990e+03 -9.9990e+03 -9.9990e+03 -9.9990e+03 -9.9990e+03 -9.9990e+03 -9.9990e+03 -9.9990e+03 -9.9990e+03 -9.9990e+03 1.0657e+00 1.1088e+00 1.0209e+00 9.7509e-01 9.7703e-01 9.7365e-01 9.6213e-01 9.7920e-01 1.0223e+00 1.0892e+00 1.1210e+00 1.1156e+00 1.0990e+00 1.1010e+00 1.2861e+00 1.2861e+00 1.8997e+00 2.1484e+00 1.9183e+00 1.6378e+00 1.4990e+00 1.3750e+00 1.3111e+00 1.2389e+00 1.1576e+00 1.1151e+00 1.1151e+00 1.0116e+00 8.9019e-01 8.3442e-01 9.4906e-01 9.4906e-01 1.1125e+00 1.0820e+00 9.6740e-01 9.2148e-01 9.4099e-01 9.7508e-01 1.0269e+00 1.1606e+00 1.3050e+00 1.4249e+00 1.4176e+00
-9.9990e+03 -9.9990e+03 -9.9990e+03 -9.9990e+03 -9.9990e+03 -9.9990e+03 -9.9990e+03 -9.9990e+03 -9.9990e+03 -9.9990e+03 -9.9990e+03 -9.9990e+03 -9.9990e+03 9.3818e-01 1.0805e+00 1.0676e+00 1.0099e+00 1.0054e+00 9.9405e-01 9.6744e-01 9.5758e-01 1.0211e+00 1.1455e+00 1.1477e+00 1.1322e+00 1.0727e+00 1.0537e+00 1.1292e+00 1.5191e+00 2.1365e+00 2.1365e+00 2.0547e+00 1.7160e+00 1.4143e+00 1.3750e+00 1.3001e+00 1.2966e+00 1.2870e+00 1.2595e+00 1.1384e+00 9.9826e-01 9.9826e-01 8.9893e-01 9.8047e-01 1.0582e+00 1.1509e+00 1.0742e+00 1.0346e+00 9.5812e-01 9.5181e-01 1.0171e+00 1.0711e+00 1.1106e+00 1.1952e+00 1.3145e+00 1.4176e+00
-9.9990e+03 -9.9990e+03 -9.9990e+03 -9.9990e+03 -9.9990e+03 -9.9990e+03 -9.9990e+03 -9.9990e+03 -9.9990e+03 -9.9990e+03 -9.9990e+03 -9.9990e+03 -9.9990e+03 1.0161e+00 1.0599e+00 1.0676e+00 1.0441e+00 1.0016e+00 9.8589e-01 9.6164e-01 9.6923e-01 1.0275e+00 1.0862e+00 1.1596e+00 1.0909e+00 1.0339e+00 1.1167e+00 1.1167e+00 1.4215e+00 1.7969e+00 2.2511e+00 1.8697e+00 1.8697e+00 1.4265e+00 1.3534e+00 1.2738e+00 1.2966e+00 1.3199e+00 1.3327e+00 1.2715e+00 1.1026e+00 9.8190e-01 9.5625e-01 9.5625e-01 1.1021e+00 1.1830e+00 1.1284e+00 1.0108e+00 9.7279e-01 1.0144e+00 9.9832e-01 1.0584e+00 1.1364e+00 1.2134e+00 1.3063e+00 1.3063e+00
-9.9990e+03 -9.9990e+03 -9.9990e+03 -9.9990e+03 -9.9990e+03 -9.9990e+03 -9.9990e+03 -9.9990e+03 -9.9990e+03 -9.9990e+03 -9.9990e+03 -9.9990e+03 -9.9990e+03 9.6350e-01 9.6549e-01 1.0275e+00 1.0418e+00 1.0016e+00 9.7261e-01 9.6136e-01 9.9316e-01 1.0770e+00 1.1246e+00 1.1314e+00 1.1314e+00 1.0694e+00 1.0558e+00 1.2117e+00 1.6547e+00 1.6547e+00 2.2430e+00 2.2140e+00 1.7011e+00 1.4265e+00 1.2864e+00 1.2269e+00 1.2332e+00 1.2965e+00 1.3327e+00 1.2381e+00 1.1925e+00 1.0771e+00 1.0384e+00 1.0557e+00 1.1876e+00 1.1830e+00 1.1387e+00 1.0581e+00 1.0353e+00 1.0710e+00 1.0488e+00 1.0907e+00 1.0973e+00 1.1513e+00 1.2137e+00 1.2694e+00
-9.9990e+03 -9.9990e+03 -9.9990e+03 -9.9990e+03 -9.9990e+03 -9.9990e+03 -9.9990e+03 -9.9990e+03 -9.9990e+03 -9.9990e+03 -9.9990e+03 -9.9990e+03 -9.9990e+03 9.2516e-01 9.6549e-01 9.3769e-01 1.0192e+00 1.0173e+00 9.5819e-01 9.7278e-01 1.0438e+00 1.0438e+00 1.0883e+00 1.0904e+00 1.0958e+00 1.0814e+00 1.0814e+00 1.1932e+00 1.3610e+00 1.8889e+00 2.3207e+00 2.1187e+00 1.9331e+00 1.5480e+00 1.2645e+00 1.2269e+00 1.2201e+00 1.2113e+00 1.2816e+00 1.2604e+00 1.1925e+00 1.0833e+00 1.0384e+00 1.1214e+00 1.2194e+00 1.1967e+00 1.0810e+00 1.0581e+00 1.0856e+00 1.0961e+00 1.1214e+00 1.1124e+00 1.1156e+00 1.1653e+00 1.1653e+00 1.1921e+00
-9.9990e+03 -9.9990e+03 -9.9990e+03 -9.9990e+03 -9.9990e+03 -9.9990e+03 -9.9990e+03 -9.9990e+03 -9.9990e+03 -9.9990e+03 -9.9990e+03 -9.9990e+03 -9.9990e+03 8.6480e-01 8.6810e-01 9.3915e-01 1.0192e+00 9.9134e-01 9.5819e-01 9.7839e-01 1.0558e+00 1.0668e+00 1.0588e+00 1.0588e+00 1.0610e+00 1.0758e+00 1.1109e+00 1.2812e+00 1.2812e+00 1.7218e+00 2.1505e+00 2.2597e+00 1.7114e+00 1.4107e+00 1.3321e+00 1.2192e+00 1.1817e+00 1.2113e+00 1.2572e+00 1.2348e+00 1.2259e+00 1.1854e+00 1.1341e+00 1.2061e+00 1.2194e+00 1.1967e+00 1.0694e+00 1.0561e+00 1.1370e+00 1.1549e+00 1.1488e+00 1.1488e+00 1.1231e+00 1.1522e+00 1.1763e+00 1.1476e+00
-9.9990e+03 -9.9990e+03 -9.9990e+03 -9.9990e+03 -9.9990e+03 -9.9990e+03 -9.9990e+03 -9.9990e+03 -9.9990e+03 -9.9990e+03 -9.9990e+03 -9.9990e+03 -9.9990e+03 8.6480e-01 8.3927e-01 8.8279e-01 9.5366e-01 9.5581e-01 9.5819e-01 1.0123e+00 1.0292e+00 1.0585e+00 1.0315e+00 1.0316e+00 1.0498e+00 1.0498e+00 1.0947e+00 1.2313e+00 1.4008e+00 1.9406e+00 2.2859e+00 2.3035e+00 2.1037e+00 1.5632e+00 1.2931e+00 1.2043e+00 1.2010e+00 1.1797e+00 1.2045e+00 1.2348e+00 1.2202e+00 1.2324e+00 1.2324e+00 1.2705e+00 1.2430e+00 1.1282e+00 1.0694e+00 1.0329e+00 1.1001e+00 1.1824e+00 1.2135e+00 1.1581e+00 1.1366e+00 1.1366e+00 1.1733e+00 1.1444e+00
-9.9990e+03 -9.9990e+03 -9.9990e+03 -9.9990e+03 -9.9990e+03 -9.9990e+03 -9.9990e+03 -9.9990e+03 -9.9990e+03 -9.9990e+03 -9.9990e+03 -9.9990e+03 -9.9990e+03 8.5084e-01 8.4099e-01 8.8279e-01 9.5301e-01 9.3353e-01 9.2160e-01 9.5472e-01 1.0292e+00 1.0671e+00 1.0671e+00 1.0384e+00 1.0395e+00 1.0597e+00 1.1433e+00 1.2313e+00 1.3032e+00 1.5287e+00 2.1005e+00 2.2120e+00 1.9138e+00 1.7743e+00 1.4699e+00 1.2807e+00 1.2010e+00 1.2027e+00 1.2116e+00 1.2116e+00 1.2193e+00 1.2345e+00 1.2875e+00 1.2847e+00 1.2847e+00 1.1669e+00 1.0740e+00 1.0379e+00 1.1001e+00 1.2158e+00 1.2371e+00 1.2211e+00 1.1673e+00 1.1560e+00 1.1733e+00 1.1733e+00
-9.9990e+03 -9.9990e+03 -9.9990e+03 -9.9990e+03 -9.9990e+03 -9.9990e+03 -9.9990e+03 -9.9990e+03 -9.9990e+03 -9.9990e+03 -9.9990e+03 -9.9990e+03 -9.9990e+03 8.6569e-01 8.4977e-01 8.6033e-01 9.3325e-01 9.3353e-01 8.9619e-01 8.9322e-01 9.7010e-01 1.1105e+00 1.0968e+00 1.0681e+00 1.0681e+00 1.0551e+00 1.1285e+00 1.1947e+00 1.4118e+00 1.6936e+00 1.8071e+00 2.1392e+00 2.1069e+00 1.7140e+00 1.4373e+00 1.4299e+00 1.2840e+00 1.2577e+00 1.2350e+00 1.2268e+00 1.2280e+00 1.2280e+00 1.2789e+00 1.3189e+00 1.2666e+00 1.1669e+00 1.0579e+00 1.0655e+00 1.0616e+00 1.1611e+00 1.2371e+00 1.2206e+00 1.2206e+00 1.1758e+00 1.1709e+00 1.1552e+00
-9.9990e+03 -9.9990e+03 -9.9990e+03 -9.9990e+03 -9.9990e+03 -9.9990e+03 -9.9990e+03 -9.9990e+03 -9.9990e+03 -9.9990e+03 -9.9990e+03 -9.9990e+03 -9.9990e+03 8.7773e-01 8.9461e-01 9.0368e-01 9.3958e-01 9.4389e-01 9.0078e-01 8.9322e-01 1.0227e+00 1.0807e+00 1.1780e+00 1.1701e+00 1.0791e+00 1.0633e+00 1.1285e+00 1.1585e+00 1.3374e+00 1.5161e+00 1.8572e+00 2.0954e+00 2.0396e+00 2.0350e+00 1.7016e+00 1.4389e+00 1.3130e+00 1.3208e+00 1.3208e+00 1.3142e+00 1.2386e+00 1.2347e+00 1.2839e+00 1.2839e+00 1.2885e+00 1.2379e+00 1.1321e+00 1.0655e+00 1.0880e+00 1.1134e+00 1.1842e+00 1.2475e+00 1.2208e+00 1.1828e+00 1.1828e+00 1.1568e+00
-9.9990e+03 -9.9990e+03 -9.9990e+03 -9.9990e+03 -9.9990e+03 -9.9990e+03 -9.9990e+03 -9.9990e+03 -9.9990e+03 -9.9990e+03 -9.9990e+03 -9.9990e+03 -9.9990e+03 9.3339e-01 9.1136e-01 9.3693e-01 9.3958e-01 9.4724e-01 9.2562e-01 9.0860e-01 9.7235e-01 1.0807e+00 1.2248e+00 1.1701e+00 1.1659e+00 1.0048e+00 1.0530e+00 1.2067e+00 1.3374e+00 1.4349e+00 1.6530e+00 1.8366e+00 1.9940e+00 1.9974e+00 1.6897e+00 1.6897e+00 1.4641e+00 1.4437e+00 1.3884e+00 1.3327e+00 1.3327e+00 1.2501e+00 1.2442e+00 1.2724e+00 1.2565e+00 1.2119e+00 1.1944e+00 1.1323e+00 1.0970e+00 1.1134e+00 1.2028e+00 1.2137e+00 1.2434e+00 1.2167e+00 1.1804e+00 1.1425e+00
-9.9990e+03 -9.9990e+03 -9.9990e+03 -9.9990e+03 -9.9990e+03 -9.9990e+03 -9.9990e+03 -9.9990e+03 -9.9990e+03 -9.9990e+03 -9.9990e+03 -9.9990e+03 -9.9990e+03 9.4602e-01 9.4384e-01 9.6935e-01 9.5969e-01 9.3545e-01 9.2562e-01 9.3178e-01 9.7771e-01 1.0192e+00 1.1695e+00 1.2408e+00 1.1228e+00 1.0048e+00 9.6989e-01 1.0938e+00 1.2719e+00 1.4808e+00 1.6530e+00 1.6341e+00 1.7942e+00 1.9528e+00 1.8876e+00 1.6705e+00 1.5077e+00 1.5077e+00 1.4886e+00 1.4286e+00 1.3492e+00 1.2623e+00 1.2456e+00 1.2367e+00 1.2493e+00 1.2274e+00 1.1810e+00 1.1334e+00 1.1393e+00 1.1153e+00 1.1616e+00 1.2137e+00 1.2344e+00 1.2008e+00 1.2008e+00 1.1590e+00
-9.9990e+03 -9.9990e+03 -9.9990e+03 -9.9990e+03 -9.9990e+03 -9.9990e+03 -9.9990e+03 -9.9990e+03 -9.9990e+03 -9.9990e+03 -9.9990e+03 -9.9990e+03 -9.9990e+03 9.6126e-01 9.9881e-01 9.9111e-01 9.6197e-01 9.3462e-01 8.9550e-01 9.1848e-01 9.7771e-01 1.0744e+00 1.2221e+00 1.2221e+00 1.1869e+00 1.0655e+00 9.9937e-01 1.0938e+00 1.1602e+00 1.3696e+00 1.4948e+00 1.6181e+00 1.7747e+00 1.9132e+00 1.9132e+00 1.8204e+00 1.6132e+00 1.5259e+00 1.5174e+00 1.5174e+00 1.4731e+00 1.3631e+00 1.2670e+00 1.2148e+00 1.2199e+00 1.1966e+00 1.2043e+00 1.1770e+00 1.1393e+00 1.1336e+00 1.1499e+00 1.1782e+00 1.2100e+00 1.2143e+00 1.1827e+00 1.1590e+00
-9.9990e+03 -9.9990e+03 -9.9990e+03 -9.9990e+03 -9.9990e+03 -9.9990e+03 -9.9990e+03 -9.9990e+03 -9.9990e+03 -9.9990e+03 -9.9990e+03 -9.9990e+03 -9.9990e+03 1.0584e+00 1.1450e+00 1.0463e+00 9.8889e-01 9.2750e-01 8.7108e-01 9.6117e-01 9.6117e-01 1.0593e+00 1.1360e+00 1.2574e+00 1.1964e+00 1.1964e+00 1.1256e+00 1.0781e+00 1.2417e+00 1.3696e+00 1.4964e+00 1.5316e+00 1.6536e+00 1.8274e+00 1.8817e+00 1.7315e+00 1.7315e+00 1.5659e+00 1.5141e+00 1.5305e+00 1.4696e+00 1.3664e+00 1.3478e+00 1.2520e+00 1.1922e+00 1.1838e+00 1.1929e+00 1.1937e+00 1.1768e+00 1.1504e+00 1.1499e+00 1.1907e+00 1.2043e+00 1.2043e+00 1.1795e+00 1.1739e+00
-9.9990e+03 -9.9990e+03 -9.9990e+03 -9.9990e+03 -9.9990e+03 -9.9990e+03 -9.9990e+03 -9.9990e+03 -9.9990e+03 -9.9990e+03 -9.9990e+03 -9.9990e+03 -9.9990e+03 1.1971e+00 1.1894e+00 1.0870e+00 1.1225e+00 1.0153e+00 9.0747e-01 8.7250e-01 9.9473e-01 1.1291e+00 1.1291e+00 1.2510e+00 1.2734e+00 1.2299e+00 1.1256e+00 1.1683e+00 1.2225e+00 1.2941e+00 1.4170e+00 1.5316e+00 1.7379e+00 1.8404e+00 1.8525e+00 1.7158e+00 1.6323e+00 1.5144e+00 1.5141e+00 1.4986e+00 1.5128e+00 1.4500e+00 1.3179e+00 1.2264e+00 1.1936e+00 1.1763e+00 1.1876e+00 1.1982e+00 1.1730e+00 1.1550e+00 1.1550e+00 1.1924e+00 1.2065e+00 1.2009e+00 1.1820e+00 1.1820e+00
-9.9990e+03 -9.9990e+03 -9.9990e+03 -9.9990e+03 -9.9990e+03 -9.9990e+03 -9.9990e+03 -9.9990e+03 -9.9990e+03 -9.9990e+03 -9.9990e+03 -9.9990e+03 -9.9990e+03 1.2032e+00 1.2310e+00 1.1791e+00 1.1791e+00 1.0303e+00 9.3633e-01 9.3633e-01 1.0008e+00 1.0778e+00 1.2222e+00 1.2807e+00 1.2807e+00 1.2853e+00 1.2471e+00 1.2148e+00 1.2225e+00 1.3132e+00 1.2950e+00 1.4433e+00 1.7359e+00 1.8404e+00 1.8067e+00 1.8067e+00 1.5981e+00 1.4910e+00 1.4844e+00 1.4873e+00 1.5128e+00 1.4978e+00 1.4261e+00 1.2781e+00 1.1726e+00 1.1746e+00 1.1779e+00 1.1993e+00 1.1981e+00 1.1566e+00 1.1604e+00 1.2180e+00 1.2180e+00 1.2368e+00 1.2062e+00 1.1953e+00
-9.9990e+03 -9.9990e+03 -9.9990e+03 -9.9990e+03 -9.9990e+03 -9.9990e+03 -9.9990e+03 -9.9990e+03 -9.9990e+03 -9.9990e+03 -9.9990e+03 -9.9990e+03 -9.9990e+03 1.2117e+00 1.2217e+00 1.1985e+00 1.1985e+00 1.2427e+00 1.1442e+00 1.0209e+00 1.1259e+00 1.1259e+00 1.2463e+00 1.2705e+00 1.2855e+00 1.2790e+00 1.2474e+00 1.2166e+00 1.1957e+00 1.1723e+00 1.2950e+00 1.5257e+00 1.6593e+00 1.8738e+00 1.8552e+00 1.6958e+00 1.5265e+00 1.4910e+00 1.4668e+00 1.4549e+00 1.4845e+00 1.4778e+00 1.3947e+00 1.3584e+00 1.2417e+00 1.1592e+00 1.1825e+00 1.2099e+00 1.1896e+00 1.1896e+00 1.1558e+00 1.1733e+00 1.2378e+00 1.2400e+00 1.2400e+00 1.2149e+00
-9.9990e+03 -9.9990e+03 -9.9990e+03 -9.9990e+03 -9.9990e+03 -9.9990e+03 -9.9990e+03 -9.9990e+03 -9.9990e+03 -9.9990e+03 -9.9990e+03 -9.9990e+03 -9.9990e+03 1.2099e+00 1.2108e+00 1.2067e+00 1.2235e+00 1.2812e+00 1.2812e+00 1.2433e+00 1.2387e+00 1.2205e+00 1.2573e+00 1.2793e+00 1.2750e+00 1.2851e+00 1.2526e+00 1.1746e+00 1.1378e+00 1.0999e+00 1.1407e+00 1.3900e+00 1.6593e+00 1.9256e+00 1.7677e+00 1.7677e+00 1.5655e+00 1.5028e+00 1.4539e+00 1.4549e+00 1.4497e+00 1.4895e+00 1.4591e+00 1.3131e+00 1.2073e+00 1.1514e+00 1.1514e+00 1.1783e+00 1.2004e+00 1.1841e+00 1.1725e+00 1.1725e+00 1.2153e+00 1.2430e+00 1.2331e+00 1.2138e+00
