bias_correction/pipeline/U_1_s_1.3_d_235.asc
ncols        88
nrows        90
xllcorner    2777636
yllcorner    1185112
cellsize     25
NODATA_value -9999
[rows 50 to 74 of 90, columns 0 to 55 of 88]
-9.9990e+03 -9.9990e+03 -9.9990e+03 -9.9990e+03 -9.9990e+03 -9.9990e+03 -9.9990e+03 -9.9990e+03 -9.9990e+03 -9.9990e+03 -9.9990e+03 -9.9990e+03 -9.9990e+03 1.2205e+00 1.1971e+00 1.1971e+00 1.2256e+00 1.2872e+00 1.3134e+00 1.3174e+00 1.3174e+00 1.2807e+00 1.2436e+00 1.2458e+00 1.2767e+00 1.2763e+00 1.2791e+00 1.2326e+00 1.1496e+00 1.0999e+00 1.1786e+00 1.2843e+00 1.5194e+00 1.8390e+00 1.8942e+00 1.6855e+00 1.5487e+00 1.5487e+00 1.4733e+00 1.4376e+00 1.4732e+00 1.4895e+00 1.4904e+00 1.3784e+00 1.2676e+00 1.1561e+00 1.1360e+00 1.1641e+00 1.1641e+00 1.1979e+00 1.2191e+00 1.2062e+00 1.2221e+00 1.2344e+00 1.2045e+00 1.2156e+00
-9.9990e+03 -9.9990e+03 -9.9990e+03 -9.9990e+03 -9.9990e+03 -9.9990e+03 -9.9990e+03 -9.9990e+03 -9.9990e+03 -9.9990e+03 -9.9990e+03 -9.9990e+03 -9.9990e+03 1.1937e+00 1.2340e+00 1.2010e+00 1.2581e+00 1.2581e+00 1.3064e+00 1.3594e+00 1.3448e+00 1.2562e+00 1.2251e+00 1.2209e+00 1.2513e+00 1.2937e+00 1.2829e+00 1.2236e+00 1.2289e+00 1.1555e+00 1.1933e+00 1.2843e+00 1.6387e+00 1.8237e+00 1.8237e+00 1.7152e+00 1.6276e+00 1.5276e+00 1.4733e+00 1.4508e+00 1.4632e+00 1.5026e+00 1.4669e+00 1.3784e+00 1.2332e+00 1.2332e+00 1.1331e+00 1.1015e+00 1.1536e+00 1.2025e+00 1.2025e+00 1.2358e+00 1.2213e+00 1.2023e+00 1.1731e+00 1.1946e+00
-9.9990e+03 -9.9990e+03 -9.9990e+03 -9.9990e+03 -9.9990e+03 -9.9990e+03 -9.9990e+03 -9.9990e+03 -9.9990e+03 -9.9990e+03 -9.9990e+03 -9.9990e+03 -9.9990e+03 1.2685e+00 1.3779e+00 1.2968e+00 1.2775e+00 1.2854e+00 1.3324e+00 1.3594e+00 1.3442e+00 1.2826e+00 1.2301e+00 1.2296e+00 1.2754e+00 1.2925e+00 1.3070e+00 1.2885e+00 1.2520e+00 1.1953e+00 1.2795e+00 1.2795e+00 1.5204e+00 1.7152e+00 1.7639e+00 1.6521e+00 1.6521e+00 1.5769e+00 1.5019e+00 1.4399e+00 1.4632e+00 1.5172e+00 1.5038e+00 1.4210e+00 1.2938e+00 1.2097e+00 1.1158e+00 1.1158e+00 1.0967e+00 1.1412e+00 1.2058e+00 1.2343e+00 1.2213e+00 1.2028e+00 1.1766e+00 1.1433e+00
-9.9990e+03 -9.9990e+03 -9.9990e+03 -9.9990e+03 -9.9990e+03 -9.9990e+03 -9.9990e+03 -9.9990e+03 -9.9990e+03 -9.9990e+03 -9.9990e+03 -9.9990e+03 -9.9990e+03 1.3713e+00 1.3779e+00 1.3883e+00 1.3883e+00 1.3222e+00 1.3056e+00 1.3309e+00 1.3191e+00 1.2826e+00 1.2418e+00 1.1978e+00 1.2364e+00 1.3201e+00 1.3227e+00 1.3429e+00 1.2985e+00 1.2702e+00 1.2907e+00 1.3623e+00 1.6002e+00 1.6002e+00 1.7249e+00 1.7067e+00 1.6300e+00 1.5696e+00 1.5696e+00 1.4883e+00 1.4679e+00 1.5377e+00 1.5038e+00 1.3622e+00 1.2851e+00 1.2411e+00 1.1561e+00 1.1088e+00 1.0958e+00 1.1412e+00 1.1475e+00 1.2162e+00 1.2271e+00 1.1788e+00 1.1523e+00 1.1282e+00
-9.9990e+03 -9.9990e+03 -9.9990e+03 -9.9990e+03 -9.9990e+03 -9.9990e+03 -9.9990e+03 -9.9990e+03 -9.9990e+03 -9.9990e+03 -9.9990e+03 -9.9990e+03 -9.9990e+03 1.3843e+00 1.4866e+00 1.5639e+00 1.4417e+00 1.3172e+00 1.3056e+00 1.3112e+00 1.3072e+00 1.2847e+00 1.2247e+00 1.1978e+00 1.2038e+00 1.2610e+00 1.3531e+00 1.3594e+00 1.3042e+00 1.2819e+00 1.2819e+00 1.3319e+00 1.4381e+00 1.6451e+00 1.7000e+00 1.7000e+00 1.6587e+00 1.6447e+00 1.5909e+00 1.5358e+00 1.5273e+00 1.5810e+00 1.5430e+00 1.3711e+00 1.2851e+00 1.1875e+00 1.1508e+00 1.1252e+00 1.0829e+00 1.0997e+00 1.1606e+00 1.2162e+00 1.2315e+00 1.2124e+00 1.1600e+00 1.1049e+00
-9.9990e+03 -9.9990e+03 -9.9990e+03 -9.9990e+03 -9.9990e+03 -9.9990e+03 -9.9990e+03 -9.9990e+03 -9.9990e+03 -9.9990e+03 -9.9990e+03 -9.9990e+03 -9.9990e+03 1.3843e+00 1.5626e+00 1.5678e+00 1.5678e+00 1.4299e+00 1.3210e+00 1.3020e+00 1.3072e+00 1.3044e+00 1.2658e+00 1.2141e+00 1.2222e+00 1.2888e+00 1.3874e+00 1.3874e+00 1.3635e+00 1.2911e+00 1.2863e+00 1.3916e+00 1.3916e+00 1.5872e+00 1.6641e+00 1.6660e+00 1.6740e+00 1.6830e+00 1.7501e+00 1.6355e+00 1.5948e+00 1.5810e+00 1.4812e+00 1.3834e+00 1.2801e+00 1.1795e+00 1.1508e+00 1.0802e+00 1.0829e+00 1.0532e+00 1.1271e+00 1.1913e+00 1.2354e+00 1.2124e+00 1.1959e+00 1.1179e+00
-9.9990e+03 -9.9990e+03 -9.9990e+03 -9.9990e+03 -9.9990e+03 -9.9990e+03 -9.9990e+03 -9.9990e+03 -9.9990e+03 -9.9990e+03 -9.9990e+03 -9.9990e+03 -9.9990e+03 -9.9990e+03 1.5269e+00 1.5829e+00 1.5523e+00 1.4051e+00 1.4051e+00 1.2956e+00 1.2989e+00 1.3013e+00 1.2658e+00 1.2632e+00 1.2068e+00 1.2327e+00 1.3308e+00 1.3980e+00 1.3537e+00 1.3537e+00 1.2855e+00 1.3697e+00 1.4711e+00 1.6233e+00 1.6233e+00 1.6188e+00 1.6389e+00 1.7388e+00 1.8191e+00 1.6805e+00 1.6958e+00 1.6136e+00 1.5065e+00 1.3834e+00 1.2049e+00 1.1541e+00 1.1541e+00 1.0664e+00 1.0274e+00 1.0314e+00 1.1271e+00 1.1511e+00 1.2497e+00 1.2393e+00 1.1715e+00 1.1179e+00
-9.9990e+03 -9.9990e+03 -9.9990e+03 -9.9990e+03 -9.9990e+03 -9.9990e+03 -9.9990e+03 -9.9990e+03 -9.9990e+03 -9.9990e+03 -9.9990e+03 -9.9990e+03 -9.9990e+03 -9.9990e+03 1.5380e+00 1.5380e+00 1.5771e+00 1.5144e+00 1.3696e+00 1.2956e+00 1.2827e+00 1.2956e+00 1.2975e+00 1.2407e+00 1.2068e+00 1.2371e+00 1.2645e+00 1.3562e+00 1.3834e+00 1.3314e+00 1.3007e+00 1.3007e+00 1.4480e+00 1.5797e+00 1.6111e+00 1.5884e+00 1.6582e+00 1.7222e+00 1.8328e+00 1.8703e+00 1.6605e+00 1.5707e+00 1.4772e+00 1.3949e+00 1.1971e+00 1.1582e+00 1.1169e+00 1.0059e+00 1.0059e+00 9.4737e-01 1.0322e+00 1.1828e+00 1.2497e+00 1.2790e+00 1.2339e+00 1.1497e+00
-9.9990e+03 -9.9990e+03 -9.9990e+03 -9.9990e+03 -9.9990e+03 -9.9990e+03 -9.9990e+03 -9.9990e+03 -9.9990e+03 -9.9990e+03 -9.9990e+03 -9.9990e+03 -9.9990e+03 -9.9990e+03 -9.9990e+03 1.5356e+00 1.5420e+00 1.5420e+00 1.4127e+00 1.3456e+00 1.2859e+00 1.2956e+00 1.2830e+00 1.2656e+00 1.2243e+00 1.2096e+00 1.2645e+00 1.3649e+00 1.3649e+00 1.3415e+00 1.3056e+00 1.3544e+00 1.5062e+00 1.5797e+00 1.5572e+00 1.5722e+00 1.5781e+00 1.8364e+00 1.9528e+00 2.0495e+00 1.8699e+00 1.5617e+00 1.3676e+00 1.2870e+00 1.1547e+00 1.1547e+00 1.1036e+00 1.0647e+00 9.4414e-01 9.4621e-01 9.4621e-01 1.0694e+00 1.2094e+00 1.2935e+00 1.2339e+00 1.1185e+00
-9.9990e+03 -9.9990e+03 -9.9990e+03 -9.9990e+03 -9.9990e+03 -9.9990e+03 -9.9990e+03 -9.9990e+03 -9.9990e+03 -9.9990e+03 -9.9990e+03 -9.9990e+03 -9.9990e+03 -9.9990e+03 -9.9990e+03 -9.9990e+03 1.5091e+00 1.4960e+00 1.3880e+00 1.3880e+00 1.3412e+00 1.2903e+00 1.2858e+00 1.2656e+00 1.2306e+00 1.2422e+00 1.2374e+00 1.3048e+00 1.3457e+00 1.3044e+00 1.3056e+00 1.3373e+00 1.4530e+00 1.5208e+00 1.5061e+00 1.5181e+00 1.4772e+00 1.6124e+00 1.9668e+00 2.0526e+00 1.7843e+00 1.4388e+00 1.4388e+00 1.2866e+00 1.2136e+00 1.1207e+00 1.0552e+00 1.0552e+00 9.4452e-01 9.1740e-01 9.6048e-01 1.0694e+00 1.2179e+00 1.2058e+00 1.2823e+00 1.1808e+00
-9.9990e+03 -9.9990e+03 -9.9990e+03 -9.9990e+03 -9.9990e+03 -9.9990e+03 -9.9990e+03 -9.9990e+03 -9.9990e+03 -9.9990e+03 -9.9990e+03 -9.9990e+03 -9.9990e+03 -9.9990e+03 -9.9990e+03 -9.9990e+03 -9.9990e+03 1.4518e+00 1.4564e+00 1.3839e+00 1.3361e+00 1.2901e+00 1.2850e+00 1.2880e+00 1.2604e+00 1.2422e+00 1.2751e+00 1.2897e+00 1.2920e+00 1.2696e+00 1.2935e+00 1.3880e+00 1.4530e+00 1.4601e+00 1.4561e+00 1.4518e+00 1.5047e+00 1.6978e+00 1.8141e+00 2.0649e+00 1.9319e+00 1.4643e+00 1.3406e+00 1.2277e+00 1.2277e+00 1.1280e+00 1.0939e+00 1.0156e+00 9.3293e-01 9.3293e-01 9.4870e-01 9.8615e-01 1.0865e+00 1.2058e+00 1.2347e+00 1.1652e+00
-9.9990e+03 -9.9990e+03 -9.9990e+03 -9.9990e+03 -9.9990e+03 -9.9990e+03 -9.9990e+03 -9.9990e+03 -9.9990e+03 -9.9990e+03 -9.9990e+03 -9.9990e+03 -9.9990e+03 -9.9990e+03 -9.9990e+03 -9.9990e+03 -9.9990e+03 1.4358e+00 1.4326e+00 1.4324e+00 1.3875e+00 1.3186e+00 1.2850e+00 1.2652e+00 1.2501e+00 1.2688e+00 1.2950e+00 1.2897e+00 1.2631e+00 1.2672e+00 1.2672e+00 1.3432e+00 1.4089e+00 1.4448e+00 1.4561e+00 1.4437e+00 1.4796e+00 1.5917e+00 1.9007e+00 2.0554e+00 1.7342e+00 1.7342e+00 1.3737e+00 1.2595e+00 1.1903e+00 1.0922e+00 1.0922e+00 1.0758e+00 1.0118e+00 9.6174e-01 9.8739e-01 1.0073e+00 1.0386e+00 1.1011e+00 1.1436e+00 1.1652e+00
-9.9990e+03 -9.9990e+03 -9.9990e+03 -9.9990e+03 -9.9990e+03 -9.9990e+03 -9.9990e+03 -9.9990e+03 -9.9990e+03 -9.9990e+03 -9.9990e+03 -9.9990e+03 -9.9990e+03 -9.9990e+03 -9.9990e+03 -9.9990e+03 -9.9990e+03 -9.9990e+03 1.4312e+00 1.4356e+00 1.3828e+00 1.3639e+00 1.2870e+00 1.2291e+00 1.2501e+00 1.2723e+00 1.2929e+00 1.2929e+00 1.2692e+00 1.2509e+00 1.2868e+00 1.3432e+00 1.3473e+00 1.3890e+00 1.4301e+00 1.4625e+00 1.4796e+00 1.6856e+00 1.6856e+00 1.9152e+00 1.7515e+00 1.5464e+00 1.3648e+00 1.3648e+00 1.2804e+00 1.1662e+00 1.1064e+00 1.0853e+00 1.0291e+00 1.0938e+00 1.0248e+00 1.0334e+00 1.0949e+00 1.1164e+00 1.1196e+00 1.0798e+00
-9.9990e+03 -9.9990e+03 -9.9990e+03 -9.9990e+03 -9.9990e+03 -9.9990e+03 -9.9990e+03 -9.9990e+03 -9.9990e+03 -9.9990e+03 -9.9990e+03 -9.9990e+03 -9.9990e+03 -9.9990e+03 -9.9990e+03 -9.9990e+03 -9.9990e+03 -9.9990e+03 -9.9990e+03 1.4381e+00 1.4252e+00 1.3373e+00 1.2625e+00 1.2305e+00 1.1924e+00 1.2130e+00 1.2676e+00 1.2903e+00 1.2684e+00 1.2684e+00 1.2840e+00 1.3008e+00 1.3359e+00 1.3890e+00 1.3806e+00 1.4716e+00 1.5012e+00 1.6204e+00 1.7393e+00 1.7893e+00 1.7893e+00 1.6189e+00 1.5603e+00 1.4216e+00 1.3331e+00 1.3331e+00 1.2457e+00 1.1374e+00 1.1531e+00 1.1561e+00 1.0736e+00 1.1461e+00 1.1004e+00 1.1491e+00 1.1196e+00 1.0250e+00
-9.9990e+03 -9.9990e+03 -9.9990e+03 -9.9990e+03 -9.9990e+03 -9.9990e+03 -9.9990e+03 -9.9990e+03 -9.9990e+03 -9.9990e+03 -9.9990e+03 -9.9990e+03 -9.9990e+03 -9.9990e+03 -9.9990e+03 -9.9990e+03 -9.9990e+03 -9.9990e+03 -9.9990e+03 1.4375e+00 1.4239e+00 1.4045e+00 1.3035e+00 1.2096e+00 1.1740e+00 1.1971e+00 1.1971e+00 1.2392e+00 1.2763e+00 1.2844e+00 1.2980e+00 1.2980e+00 1.2764e+00 1.3114e+00 1.3991e+00 1.4716e+00 1.5538e+00 1.6308e+00 1.6737e+00 1.6132e+00 1.6255e+00 1.5680e+00 1.5680e+00 1.6026e+00 1.5448e+00 1.3899e+00 1.3031e+00 1.2104e+00 1.2709e+00 1.2242e+00 1.2296e+00 1.2172e+00 1.1621e+00 1.2411e+00 1.1991e+00 1.1226e+00
-9.9990e+03 -9.9990e+03 -9.9990e+03 -9.9990e+03 -9.9990e+03 -9.9990e+03 -9.9990e+03 -9.9990e+03 -9.9990e+03 -9.9990e+03 -9.9990e+03 -9.9990e+03 -9.9990e+03 -9.9990e+03 -9.9990e+03 -9.9990e+03 -9.9990e+03 -9.9990e+03 -9.9990e+03 -9.9990e+03 1.4031e+00 1.3729e+00 1.2705e+00 1.2705e+00 1.1931e+00 1.1530e+00 1.1687e+00 1.2069e+00 1.2069e+00 1.2663e+00 1.2951e+00 1.2882e+00 1.2464e+00 1.3075e+00 1.3505e+00 1.4509e+00 1.5864e+00 1.6308e+00 1.6452e+00 1.5524e+00 1.4873e+00 1.4330e+00 1.5500e+00 1.6028e+00 1.5448e+00 1.5506e+00 1.4582e+00 1.3717e+00 1.3150e+00 1.2757e+00 1.3319e+00 1.2936e+00 1.3007e+00 1.3197e+00 1.2427e+00 1.1562e+00
-9.9990e+03 -9.9990e+03 -9.9990e+03 -9.9990e+03 -9.9990e+03 -9.9990e+03 -9.9990e+03 -9.9990e+03 -9.9990e+03 -9.9990e+03 -9.9990e+03 -9.9990e+03 -9.9990e+03 -9.9990e+03 -9.9990e+03 -9.9990e+03 -9.9990e+03 -9.9990e+03 -9.9990e+03 -9.9990e+03 -9.9990e+03 1.3764e+00 1.3338e+00 1.2489e+00 1.1782e+00 1.1782e+00 1.1101e+00 1.1305e+00 1.1920e+00 1.3079e+00 1.3079e+00 1.3222e+00 1.2686e+00 1.2635e+00 1.3505e+00 1.5379e+00 1.6237e+00 1.6558e+00 1.6185e+00 1.5524e+00 1.3968e+00 1.3968e+00 1.4078e+00 1.4746e+00 1.5684e+00 1.5174e+00 1.4582e+00 1.4431e+00 1.3852e+00 1.3480e+00 1.3676e+00 1.3531e+00 1.3754e+00 1.3754e+00 1.3599e+00 1.3035e+00
-9.9990e+03 -9.9990e+03 -9.9990e+03 -9.9990e+03 -9.9990e+03 -9.9990e+03 -9.9990e+03 -9.9990e+03 -9.9990e+03 -9.9990e+03 -9.9990e+03 -9.9990e+03 -9.9990e+03 -9.9990e+03 -9.9990e+03 -9.9990e+03 -9.9990e+03 -9.9990e+03 -9.9990e+03 -9.9990e+03 -9.9990e+03 1.3650e+00 1.3650e+00 1.3363e+00 1.2367e+00 1.1702e+00 1.1152e+00 1.1152e+00 1.1822e+00 1.2429e+00 1.3575e+00 1.3580e+00 1.2792e+00 1.3352e+00 1.3337e+00 1.5272e+00 1.6237e+00 1.6629e+00 1.5864e+00 1.5193e+00 1.3970e+00 1.3748e+00 1.4017e+00 1.4746e+00 1.4250e+00 1.4376e+00 1.4570e+00 1.3873e+00 1.3767e+00 1.3441e+00 1.3592e+00 1.3863e+00 1.4123e+00 1.4125e+00 1.3590e+00 1.3590e+00
-9.9990e+03 -9.9990e+03 -9.9990e+03 -9.9990e+03 -9.9990e+03 -9.9990e+03 -9.9990e+03 -9.9990e+03 -9.9990e+03 -9.9990e+03 -9.9990e+03 -9.9990e+03 -9.9990e+03 -9.9990e+03 -9.9990e+03 -9.9990e+03 -9.9990e+03 -9.9990e+03 -9.9990e+03 -9.9990e+03 -9.9990e+03 -9.9990e+03 1.3663e+00 1.3422e+00 1.3422e+00 1.2248e+00 1.1713e+00 1.1529e+00 1.3069e+00 1.3386e+00 1.4598e+00 1.4244e+00 1.4089e+00 1.3965e+00 1.4178e+00 1.4449e+00 1.5811e+00 1.6193e+00 1.5864e+00 1.4276e+00 1.3763e+00 1.3763e+00 1.3918e+00 1.3954e+00 1.3925e+00 1.4376e+00 1.3852e+00 1.3363e+00 1.3345e+00 1.3203e+00 1.3548e+00 1.3756e+00 1.3756e+00 1.3798e+00 1.3614e+00 1.3497e+00
-9.9990e+03 -9.9990e+03 -9.9990e+03 -9.9990e+03 -9.9990e+03 -9.9990e+03 -9.9990e+03 -9.9990e+03 -9.9990e+03 -9.9990e+03 -9.9990e+03 -9.9990e+03 -9.9990e+03 -9.9990e+03 -9.9990e+03 -9.9990e+03 -9.9990e+03 -9.9990e+03 -9.9990e+03 -9.9990e+03 -9.9990e+03 -9.9990e+03 -9.9990e+03 1.3545e+00 1.3262e+00 1.1997e+00 1.1997e+00 1.1959e+00 1.2472e+00 1.4416e+00 1.5671e+00 1.4974e+00 1.5674e+00 1.4464e+00 1.3768e+00 1.4449e+00 1.5651e+00 1.5301e+00 1.5301e+00 1.3999e+00 1.3740e+00 1.3821e+00 1.3854e+00 1.3854e+00 1.3620e+00 1.3674e+00 1.3448e+00 1.3363e+00 1.2972e+00 1.2849e+00 1.3077e+00 1.3174e+00 1.3474e+00 1.3448e+00 1.3448e+00 1.3133e+00
-9.9990e+03 -9.9990e+03 -9.9990e+03 -9.9990e+03 -9.9990e+03 -9.9990e+03 -9.9990e+03 -9.9990e+03 -9.9990e+03 -9.9990e+03 -9.9990e+03 -9.9990e+03 -9.9990e+03 -9.9990e+03 -9.9990e+03 -9.9990e+03 -9.9990e+03 -9.9990e+03 -9.9990e+03 -9.9990e+03 -9.9990e+03 -9.9990e+03 -9.9990e+03 -9.9990e+03 1.3147e+00 1.2540e+00 1.1876e+00 1.2641e+00 1.3708e+00 1.4888e+00 1.5764e+00 1.6708e+00 1.5544e+00 1.4163e+00 1.3162e+00 1.3061e+00 1.3859e+00 1.5165e+00 1.4496e+00 1.3678e+00 1.3678e+00 1.3685e+00 1.3861e+00 1.3633e+00 1.3620e+00 1.3375e+00 1.3269e+00 1.3039e+00 1.2651e+00 1.2849e+00 1.2973e+00 1.2973e+00 1.2998e+00 1.2960e+00 1.3100e+00 1.2722e+00
-9.9990e+03 -9.9990e+03 -9.9990e+03 -9.9990e+03 -9.9990e+03 -9.9990e+03 -9.9990e+03 -9.9990e+03 -9.9990e+03 -9.9990e+03 -9.9990e+03 -9.9990e+03 -9.9990e+03 -9.9990e+03 -9.9990e+03 -9.9990e+03 -9.9990e+03 -9.9990e+03 -9.9990e+03 -9.9990e+03 -9.9990e+03 -9.9990e+03 -9.9990e+03 -9.9990e+03 1.2809e+00 1.2540e+00 1.2377e+00 1.2864e+00 1.3469e+00 1.6101e+00 1.7046e+00 1.8063e+00 1.7197e+00 1.4586e+00 1.2196e+00 1.2581e+00 1.3581e+00 1.3581e+00 1.4091e+00 1.4010e+00 1.3606e+00 1.3528e+00 1.3528e+00 1.3190e+00 1.3245e+00 1.3228e+00 1.3269e+00 1.2766e+00 1.2670e+00 1.2639e+00 1.2855e+00 1.2966e+00 1.2891e+00 1.2891e+00 1.2769e+00 1.2112e+00
-9.9990e+03 -9.9990e+03 -9.9990e+03 -9.9990e+03 -9.9990e+03 -9.9990e+03 -9.9990e+03 -9.9990e+03 -9.9990e+03 -9.9990e+03 -9.9990e+03 -9.9990e+03 -9.9990e+03 -9.9990e+03 -9.9990e+03 -9.9990e+03 -9.9990e+03 -9.9990e+03 -9.9990e+03 -9.9990e+03 -9.9990e+03 -9.9990e+03 -9.9990e+03 -9.9990e+03 -9.9990e+03 1.2684e+00 1.2798e+00 1.2864e+00 1.3930e+00 1.5859e+00 1.7448e+00 1.8304e+00 1.6649e+00 1.3318e+00 1.3318e+00 1.1599e+00 1.2220e+00 1.3439e+00 1.3787e+00 1.3787e+00 1.3544e+00 1.3465e+00 1.3201e+00 1.2789e+00 1.2952e+00 1.2814e+00 1.3133e+00 1.2947e+00 1.2670e+00 1.2564e+00 1.2516e+00 1.2809e+00 1.2953e+00 1.2877e+00 1.2234e+00 1.2112e+00
-9.9990e+03 -9.9990e+03 -9.9990e+03 -9.9990e+03 -9.9990e+03 -9.9990e+03 -9.9990e+03 -9.9990e+03 -9.9990e+03 -9.9990e+03 -9.9990e+03 -9.9990e+03 -9.9990e+03 -9.9990e+03 -9.9990e+03 -9.9990e+03 -9.9990e+03 -9.9990e+03 -9.9990e+03 -9.9990e+03 -9.9990e+03 -9.9990e+03 -9.9990e+03 -9.9990e+03 -9.9990e+03 -9.9990e+03 1.3675e+00 1.3548e+00 1.5058e+00 1.5859e+00 1.7616e+00 1.8547e+00 1.7633e+00 1.4061e+00 1.2262e+00 1.1250e+00 1.1250e+00 1.2138e+00 1.3280e+00 1.3644e+00 1.3304e+00 1.3304e+00 1.3067e+00 1.2939e+00 1.2589e+00 1.2745e+00 1.3047e+00 1.2984e+00 1.2836e+00 1.2543e+00 1.2516e+00 1.2802e+00 1.2685e+00 1.2736e+00 1.2651e+00 1.2313e+00
-9.9990e+03 -9.9990e+03 -9.9990e+03 -9.9990e+03 -9.9990e+03 -9.9990e+03 -9.9990e+03 -9.9990e+03 -9.9990e+03 -9.9990e+03 -9.9990e+03 -9.9990e+03 -9.9990e+03 -9.9990e+03 -9.9990e+03 -9.9990e+03 -9.9990e+03 -9.9990e+03 -9.9990e+03 -9.9990e+03 -9.9990e+03 -9.9990e+03 -9.9990e+03 -9.9990e+03 -9.9990e+03 -9.9990e+03 1.3675e+00 1.4483e+00 1.6018e+00 1.6667e+00 1.8539e+00 1.8573e+00 1.6182e+00 1.6182e+00 1.3057e+00 1.1177e+00 1.1071e+00 1.2211e+00 1.2211e+00 1.3275e+00 1.3472e+00 1.3188e+00 1.3065e+00 1.2802e+00 1.2783e+00 1.2546e+00 1.2769e+00 1.2984e+00 1.2832e+00 1.2824e+00 1.2544e+00 1.2549e+00 1.2685e+00 1.2947e+00 1.2651e+00 1.1995e+00
