bias_correction/pipeline/U_2_s_1.3_d_248.asc
ncols        88
nrows        90
xllcorner    2777636
yllcorner    1185112
cellsize     25
NODATA_value -9999
[rows 50 to 74 of 90, columns 0 to 55 of 88]
-9.9990e+03 -9.9990e+03 -9.9990e+03 -9.9990e+03 -9.9990e+03 -9.9990e+03 -9.9990e+03 -9.9990e+03 -9.9990e+03 -9.9990e+03 -9.9990e+03 -9.9990e+03 -9.9990e+03 1.2960e+00 1.2764e+00 1.2795e+00 1.2992e+00 1.4018e+00 1.4719e+00 1.4747e+00 1.4885e+00 1.4154e+00 1.3831e+00 1.3579e+00 1.3849e+00 1.4079e+00 1.4079e+00 1.3992e+00 1.3328e+00 1.2544e+00 1.2579e+00 1.5512e+00 1.8638e+00 2.1137e+00 2.1098e+00 1.9503e+00 1.8118e+00 1.7424e+00 1.6671e+00 1.6374e+00 1.6062e+00 1.7043e+00 1.7298e+00 1.6658e+00 1.5303e+00 1.4291e+00 1.3857e+00 1.3512e+00 1.3763e+00 1.3836e+00 1.3858e+00 1.3743e+00 1.3816e+00 1.3816e+00 1.3845e+00 1.3521e+00
-9.9990e+03 -9.9990e+03 -9.9990e+03 -9.9990e+03 -9.9990e+03 -9.9990e+03 -9.9990e+03 -9.9990e+03 -9.9990e+03 -9.9990e+03 -9.9990e+03 -9.9990e+03 -9.9990e+03 1.3076e+00 1.2761e+00 1.3195e+00 1.3594e+00 1.4018e+00 1.5429e+00 1.5394e+00 1.5504e+00 1.4852e+00 1.4007e+00 1.3372e+00 1.3518e+00 1.3828e+00 1.4266e+00 1.4098e+00 1.3743e+00 1.3289e+00 1.3615e+00 1.6664e+00 1.9115e+00 2.1137e+00 2.0802e+00 2.0580e+00 1.9125e+00 1.8103e+00 1.7141e+00 1.6326e+00 1.6457e+00 1.7043e+00 1.7361e+00 1.6438e+00 1.5212e+00 1.4290e+00 1.3727e+00 1.3345e+00 1.3345e+00 1.3619e+00 1.3699e+00 1.3801e+00 1.3758e+00 1.3824e+00 1.3756e+00 1.3070e+00
-9.9990e+03 -9.9990e+03 -9.9990e+03 -9.9990e+03 -9.9990e+03 -9.9990e+03 -9.9990e+03 -9.9990e+03 -9.9990e+03 -9.9990e+03 -9.9990e+03 -9.9990e+03 -9.9990e+03 1.3496e+00 1.3281e+00 1.4340e+00 1.4271e+00 1.4544e+00 1.5433e+00 1.5729e+00 1.5504e+00 1.4518e+00 1.3742e+00 1.3284e+00 1.3534e+00 1.3965e+00 1.4549e+00 1.4312e+00 1.3743e+00 1.4428e+00 1.4348e+00 1.5875e+00 1.7359e+00 1.9315e+00 2.0306e+00 2.0098e+00 1.9125e+00 1.8114e+00 1.6944e+00 1.6524e+00 1.7036e+00 1.7534e+00 1.7244e+00 1.7244e+00 1.6203e+00 1.5054e+00 1.4162e+00 1.3458e+00 1.3284e+00 1.3535e+00 1.3559e+00 1.3641e+00 1.3758e+00 1.3768e+00 1.3545e+00 1.2637e+00
-9.9990e+03 -9.9990e+03 -9.9990e+03 -9.9990e+03 -9.9990e+03 -9.9990e+03 -9.9990e+03 -9.9990e+03 -9.9990e+03 -9.9990e+03 -9.9990e+03 -9.9990e+03 -9.9990e+03 -9.9990e+03 1.4486e+00 1.5601e+00 1.5470e+00 1.5319e+00 1.5255e+00 1.5448e+00 1.5154e+00 1.4238e+00 1.3536e+00 1.3391e+00 1.3391e+00 1.3652e+00 1.4615e+00 1.4936e+00 1.4702e+00 1.4987e+00 1.5090e+00 1.6186e+00 1.7706e+00 1.9335e+00 1.9781e+00 1.9631e+00 1.9032e+00 1.8300e+00 1.8300e+00 1.7318e+00 1.6999e+00 1.7587e+00 1.7900e+00 1.7064e+00 1.5984e+00 1.4829e+00 1.3980e+00 1.3371e+00 1.3293e+00 1.3475e+00 1.3474e+00 1.3474e+00 1.3567e+00 1.3738e+00 1.3518e+00 1.2766e+00
-9.9990e+03 -9.9990e+03 -9.9990e+03 -9.9990e+03 -9.9990e+03 -9.9990e+03 -9.9990e+03 -9.9990e+03 -9.9990e+03 -9.9990e+03 -9.9990e+03 -9.9990e+03 -9.9990e+03 -9.9990e+03 1.5600e+00 1.5601e+00 1.5843e+00 1.5445e+00 1.5014e+00 1.5014e+00 1.5065e+00 1.4447e+00 1.4046e+00 1.3533e+00 1.3478e+00 1.3794e+00 1.5051e+00 1.5467e+00 1.5167e+00 1.5061e+00 1.5250e+00 1.6186e+00 1.7970e+00 1.7970e+00 1.9118e+00 1.9277e+00 1.9238e+00 1.9090e+00 1.8683e+00 1.7318e+00 1.7650e+00 1.8078e+00 1.7830e+00 1.6826e+00 1.5714e+00 1.4584e+00 1.4584e+00 1.3808e+00 1.3069e+00 1.3073e+00 1.3270e+00 1.3648e+00 1.3751e+00 1.3802e+00 1.3284e+00 1.2766e+00
-9.9990e+03 -9.9990e+03 -9.9990e+03 -9.9990e+03 -9.9990e+03 -9.9990e+03 -9.9990e+03 -9.9990e+03 -9.9990e+03 -9.9990e+03 -9.9990e+03 -9.9990e+03 -9.9990e+03 -9.9990e+03 -9.9990e+03 1.6169e+00 1.6113e+00 1.5859e+00 1.5209e+00 1.4734e+00 1.4637e+00 1.4252e+00 1.4089e+00 1.3687e+00 1.3574e+00 1.3968e+00 1.5560e+00 1.5560e+00 1.6022e+00 1.5307e+00 1.4747e+00 1.5108e+00 1.6536e+00 1.8176e+00 1.8838e+00 1.8649e+00 1.8791e+00 1.9429e+00 1.9236e+00 1.7961e+00 1.8456e+00 1.8456e+00 1.8585e+00 1.7431e+00 1.6282e+00 1.4943e+00 1.4409e+00 1.3590e+00 1.2517e+00 1.2660e+00 1.3209e+00 1.3949e+00 1.4082e+00 1.3904e+00 1.3063e+00 1.3063e+00
-9.9990e+03 -9.9990e+03 -9.9990e+03 -9.9990e+03 -9.9990e+03 -9.9990e+03 -9.9990e+03 -9.9990e+03 -9.9990e+03 -9.9990e+03 -9.9990e+03 -9.9990e+03 -9.9990e+03 -9.9990e+03 -9.9990e+03 1.6143e+00 1.5836e+00 1.5673e+00 1.5209e+00 1.4624e+00 1.4363e+00 1.4305e+00 1.4305e+00 1.4141e+00 1.3821e+00 1.3671e+00 1.4316e+00 1.5812e+00 1.6173e+00 1.4918e+00 1.4393e+00 1.5004e+00 1.6889e+00 1.8337e+00 1.8838e+00 1.8254e+00 1.8254e+00 1.9020e+00 2.0234e+00 1.9993e+00 1.9745e+00 1.9223e+00 1.8585e+00 1.6767e+00 1.5598e+00 1.4595e+00 1.4239e+00 1.3206e+00 1.1875e+00 1.2182e+00 1.2182e+00 1.3105e+00 1.4198e+00 1.4803e+00 1.4030e+00 1.2842e+00
-9.9990e+03 -9.9990e+03 -9.9990e+03 -9.9990e+03 -9.9990e+03 -9.9990e+03 -9.9990e+03 -9.9990e+03 -9.9990e+03 -9.9990e+03 -9.9990e+03 -9.9990e+03 -9.9990e+03 -9.9990e+03 -9.9990e+03 1.5896e+00 1.5525e+00 1.5525e+00 1.5379e+00 1.5110e+00 1.4746e+00 1.4897e+00 1.4549e+00 1.4278e+00 1.3813e+00 1.3741e+00 1.4562e+00 1.5779e+00 1.5844e+00 1.4457e+00 1.4208e+00 1.4208e+00 1.5696e+00 1.7236e+00 1.8277e+00 1.7970e+00 1.8032e+00 1.9814e+00 2.1379e+00 2.0830e+00 2.0156e+00 1.9424e+00 1.8254e+00 1.6001e+00 1.4950e+00 1.4426e+00 1.4128e+00 1.3793e+00 1.2045e+00 1.1361e+00 1.1805e+00 1.2996e+00 1.4377e+00 1.4803e+00 1.4142e+00 1.2655e+00
-9.9990e+03 -9.9990e+03 -9.9990e+03 -9.9990e+03 -9.9990e+03 -9.9990e+03 -9.9990e+03 -9.9990e+03 -9.9990e+03 -9.9990e+03 -9.9990e+03 -9.9990e+03 -9.9990e+03 -9.9990e+03 -9.9990e+03 -9.9990e+03 1.5634e+00 1.5257e+00 1.5003e+00 1.5223e+00 1.5104e+00 1.4897e+00 1.4749e+00 1.4291e+00 1.4010e+00 1.3960e+00 1.3960e+00 1.4544e+00 1.5339e+00 1.5232e+00 1.4232e+00 1.4390e+00 1.6190e+00 1.7276e+00 1.7806e+00 1.7314e+00 1.8049e+00 1.9814e+00 2.2744e+00 2.2744e+00 2.1969e+00 1.9659e+00 1.8669e+00 1.6553e+00 1.5472e+00 1.4426e+00 1.3549e+00 1.3097e+00 1.1574e+00 1.1168e+00 1.1634e+00 1.2862e+00 1.4447e+00 1.4447e+00 1.5121e+00 1.3994e+00
-9.9990e+03 -9.9990e+03 -9.9990e+03 -9.9990e+03 -9.9990e+03 -9.9990e+03 -9.9990e+03 -9.9990e+03 -9.9990e+03 -9.9990e+03 -9.9990e+03 -9.9990e+03 -9.9990e+03 -9.9990e+03 -9.9990e+03 -9.9990e+03 1.5634e+00 1.5200e+00 1.4817e+00 1.5538e+00 1.5542e+00 1.5542e+00 1.5486e+00 1.4929e+00 1.4466e+00 1.3999e+00 1.3971e+00 1.4174e+00 1.4686e+00 1.4610e+00 1.4274e+00 1.4834e+00 1.6190e+00 1.6948e+00 1.6948e+00 1.6308e+00 1.6924e+00 1.8359e+00 2.1897e+00 2.3779e+00 2.1969e+00 1.8407e+00 1.7297e+00 1.5858e+00 1.5207e+00 1.4078e+00 1.2892e+00 1.2362e+00 1.2362e+00 1.1339e+00 1.1200e+00 1.1759e+00 1.2810e+00 1.4360e+00 1.4709e+00 1.3649e+00
-9.9990e+03 -9.9990e+03 -9.9990e+03 -9.9990e+03 -9.9990e+03 -9.9990e+03 -9.9990e+03 -9.9990e+03 -9.9990e+03 -9.9990e+03 -9.9990e+03 -9.9990e+03 -9.9990e+03 -9.9990e+03 -9.9990e+03 -9.9990e+03 -9.9990e+03 1.5990e+00 1.5431e+00 1.5780e+00 1.5832e+00 1.5791e+00 1.5311e+00 1.4787e+00 1.4391e+00 1.3921e+00 1.3820e+00 1.3768e+00 1.4086e+00 1.4086e+00 1.4037e+00 1.4645e+00 1.5405e+00 1.6268e+00 1.6386e+00 1.5951e+00 1.6995e+00 1.8860e+00 2.2640e+00 2.4182e+00 2.1641e+00 1.7127e+00 1.6008e+00 1.5447e+00 1.5272e+00 1.4746e+00 1.3327e+00 1.2571e+00 1.1834e+00 1.1493e+00 1.1447e+00 1.1940e+00 1.2858e+00 1.4079e+00 1.3997e+00 1.3126e+00
-9.9990e+03 -9.9990e+03 -9.9990e+03 -9.9990e+03 -9.9990e+03 -9.9990e+03 -9.9990e+03 -9.9990e+03 -9.9990e+03 -9.9990e+03 -9.9990e+03 -9.9990e+03 -9.9990e+03 -9.9990e+03 -9.9990e+03 -9.9990e+03 -9.9990e+03 1.6389e+00 1.5963e+00 1.5780e+00 1.5963e+00 1.5652e+00 1.4763e+00 1.4342e+00 1.4342e+00 1.3913e+00 1.3883e+00 1.3718e+00 1.3370e+00 1.3545e+00 1.3886e+00 1.4938e+00 1.5672e+00 1.5871e+00 1.5769e+00 1.5951e+00 1.7367e+00 1.9560e+00 2.0272e+00 2.2860e+00 2.3744e+00 1.9355e+00 1.6464e+00 1.5447e+00 1.4598e+00 1.4009e+00 1.3168e+00 1.2818e+00 1.1941e+00 1.1835e+00 1.1720e+00 1.1720e+00 1.2275e+00 1.3161e+00 1.3413e+00 1.3035e+00
-9.9990e+03 -9.9990e+03 -9.9990e+03 -9.9990e+03 -9.9990e+03 -9.9990e+03 -9.9990e+03 -9.9990e+03 -9.9990e+03 -9.9990e+03 -9.9990e+03 -9.9990e+03 -9.9990e+03 -9.9990e+03 -9.9990e+03 -9.9990e+03 -9.9990e+03 1.6733e+00 1.6475e+00 1.6475e+00 1.6569e+00 1.5717e+00 1.4454e+00 1.4182e+00 1.3898e+00 1.3641e+00 1.3813e+00 1.3586e+00 1.3104e+00 1.3124e+00 1.3781e+00 1.4992e+00 1.5619e+00 1.5357e+00 1.5533e+00 1.5472e+00 1.6340e+00 1.7973e+00 2.0707e+00 2.2175e+00 2.2197e+00 1.8217e+00 1.6556e+00 1.5304e+00 1.4185e+00 1.3299e+00 1.2936e+00 1.3277e+00 1.3321e+00 1.3058e+00 1.2221e+00 1.1892e+00 1.2922e+00 1.3518e+00 1.3031e+00 1.2310e+00
-9.9990e+03 -9.9990e+03 -9.9990e+03 -9.9990e+03 -9.9990e+03 -9.9990e+03 -9.9990e+03 -9.9990e+03 -9.9990e+03 -9.9990e+03 -9.9990e+03 -9.9990e+03 -9.9990e+03 -9.9990e+03 -9.9990e+03 -9.9990e+03 -9.9990e+03 -9.9990e+03 1.7042e+00 1.6853e+00 1.6292e+00 1.5165e+00 1.4454e+00 1.3744e+00 1.3504e+00 1.3288e+00 1.3611e+00 1.3611e+00 1.3405e+00 1.3143e+00 1.2969e+00 1.3696e+00 1.4765e+00 1.5167e+00 1.5414e+00 1.5504e+00 1.6952e+00 1.8776e+00 2.0707e+00 2.0617e+00 2.0010e+00 1.7754e+00 1.7543e+00 1.7145e+00 1.6378e+00 1.4129e+00 1.2936e+00 1.3532e+00 1.3885e+00 1.3681e+00 1.2868e+00 1.2380e+00 1.3637e+00 1.3775e+00 1.3031e+00 1.2737e+00
-9.9990e+03 -9.9990e+03 -9.9990e+03 -9.9990e+03 -9.9990e+03 -9.9990e+03 -9.9990e+03 -9.9990e+03 -9.9990e+03 -9.9990e+03 -9.9990e+03 -9.9990e+03 -9.9990e+03 -9.9990e+03 -9.9990e+03 -9.9990e+03 -9.9990e+03 -9.9990e+03 1.7136e+00 1.6887e+00 1.5863e+00 1.4638e+00 1.4638e+00 1.3792e+00 1.3572e+00 1.3197e+00 1.2875e+00 1.3304e+00 1.3389e+00 1.3325e+00 1.3137e+00 1.3690e+00 1.4520e+00 1.5167e+00 1.5733e+00 1.5932e+00 1.6784e+00 1.7992e+00 1.9865e+00 1.9651e+00 1.8350e+00 1.7754e+00 1.7130e+00 1.7854e+00 1.6963e+00 1.4531e+00 1.3119e+00 1.3848e+00 1.4278e+00 1.3681e+00 1.4281e+00 1.3497e+00 1.4221e+00 1.4195e+00 1.3628e+00 1.2928e+00
-9.9990e+03 -9.9990e+03 -9.9990e+03 -9.9990e+03 -9.9990e+03 -9.9990e+03 -9.9990e+03 -9.9990e+03 -9.9990e+03 -9.9990e+03 -9.9990e+03 -9.9990e+03 -9.9990e+03 -9.9990e+03 -9.9990e+03 -9.9990e+03 -9.9990e+03 -9.9990e+03 -9.9990e+03 1.7027e+00 1.6307e+00 1.5358e+00 1.4248e+00 1.3607e+00 1.3352e+00 1.2877e+00 1.2489e+00 1.2943e+00 1.3438e+00 1.3637e+00 1.3550e+00 1.4208e+00 1.4105e+00 1.4533e+00 1.5799e+00 1.6457e+00 1.7860e+00 1.8893e+00 2.0118e+00 1.8082e+00 1.6405e+00 1.6226e+00 1.6613e+00 1.7994e+00 1.6817e+00 1.6817e+00 1.5095e+00 1.4584e+00 1.4340e+00 1.4572e+00 1.4894e+00 1.4541e+00 1.5230e+00 1.4651e+00 1.3658e+00 1.3515e+00
-9.9990e+03 -9.9990e+03 -9.9990e+03 -9.9990e+03 -9.9990e+03 -9.9990e+03 -9.9990e+03 -9.9990e+03 -9.9990e+03 -9.9990e+03 -9.9990e+03 -9.9990e+03 -9.9990e+03 -9.9990e+03 -9.9990e+03 -9.9990e+03 -9.9990e+03 -9.9990e+03 -9.9990e+03 1.6782e+00 1.6307e+00 1.4880e+00 1.3994e+00 1.3327e+00 1.2970e+00 1.2540e+00 1.2310e+00 1.2460e+00 1.2799e+00 1.3761e+00 1.4186e+00 1.5080e+00 1.4894e+00 1.5057e+00 1.6352e+00 1.7315e+00 1.7860e+00 1.9026e+00 1.9224e+00 1.7581e+00 1.6578e+00 1.5365e+00 1.5207e+00 1.6056e+00 1.7265e+00 1.6135e+00 1.5418e+00 1.4790e+00 1.4502e+00 1.4757e+00 1.5223e+00 1.5484e+00 1.5230e+00 1.5592e+00 1.4860e+00 1.4439e+00
-9.9990e+03 -9.9990e+03 -9.9990e+03 -9.9990e+03 -9.9990e+03 -9.9990e+03 -9.9990e+03 -9.9990e+03 -9.9990e+03 -9.9990e+03 -9.9990e+03 -9.9990e+03 -9.9990e+03 -9.9990e+03 -9.9990e+03 -9.9990e+03 -9.9990e+03 -9.9990e+03 -9.9990e+03 1.6444e+00 1.5945e+00 1.5967e+00 1.4836e+00 1.3999e+00 1.2966e+00 1.2485e+00 1.2186e+00 1.2727e+00 1.3114e+00 1.4491e+00 1.5002e+00 1.5907e+00 1.5669e+00 1.5693e+00 1.6471e+00 1.7003e+00 1.8157e+00 1.8639e+00 1.8087e+00 1.5978e+00 1.5581e+00 1.5146e+00 1.5333e+00 1.5435e+00 1.6098e+00 1.5389e+00 1.5340e+00 1.4571e+00 1.4571e+00 1.4294e+00 1.4560e+00 1.5266e+00 1.5772e+00 1.5435e+00 1.4903e+00 1.4571e+00
-9.9990e+03 -9.9990e+03 -9.9990e+03 -9.9990e+03 -9.9990e+03 -9.9990e+03 -9.9990e+03 -9.9990e+03 -9.9990e+03 -9.9990e+03 -9.9990e+03 -9.9990e+03 -9.9990e+03 -9.9990e+03 -9.9990e+03 -9.9990e+03 -9.9990e+03 -9.9990e+03 -9.9990e+03 -9.9990e+03 1.6414e+00 1.6275e+00 1.5017e+00 1.3999e+00 1.2594e+00 1.2042e+00 1.2192e+00 1.3304e+00 1.3974e+00 1.5221e+00 1.5797e+00 1.6024e+00 1.7172e+00 1.6724e+00 1.6736e+00 1.7276e+00 1.8503e+00 1.7740e+00 1.6725e+00 1.5978e+00 1.5107e+00 1.5334e+00 1.5340e+00 1.5340e+00 1.5001e+00 1.4611e+00 1.4882e+00 1.5050e+00 1.4400e+00 1.4245e+00 1.4721e+00 1.5163e+00 1.5557e+00 1.5093e+00 1.4823e+00 1.4571e+00
-9.9990e+03 -9.9990e+03 -9.9990e+03 -9.9990e+03 -9.9990e+03 -9.9990e+03 -9.9990e+03 -9.9990e+03 -9.9990e+03 -9.9990e+03 -9.9990e+03 -9.9990e+03 -9.9990e+03 -9.9990e+03 -9.9990e+03 -9.9990e+03 -9.9990e+03 -9.9990e+03 -9.9990e+03 -9.9990e+03 1.6538e+00 1.6716e+00 1.5328e+00 1.3918e+00 1.3826e+00 1.2262e+00 1.1556e+00 1.2368e+00 1.4124e+00 1.6546e+00 1.7245e+00 1.7359e+00 1.7952e+00 1.7209e+00 1.6040e+00 1.6704e+00 1.7815e+00 1.6637e+00 1.6637e+00 1.5740e+00 1.4723e+00 1.4893e+00 1.5212e+00 1.5163e+00 1.4714e+00 1.4582e+00 1.4621e+00 1.4714e+00 1.4337e+00 1.4460e+00 1.4813e+00 1.4813e+00 1.4943e+00 1.4816e+00 1.4815e+00 1.4595e+00
-9.9990e+03 -9.9990e+03 -9.9990e+03 -9.9990e+03 -9.9990e+03 -9.9990e+03 -9.9990e+03 -9.9990e+03 -9.9990e+03 -9.9990e+03 -9.9990e+03 -9.9990e+03 -9.9990e+03 -9.9990e+03 -9.9990e+03 -9.9990e+03 -9.9990e+03 -9.9990e+03 -9.9990e+03 -9.9990e+03 -9.9990e+03 1.7151e+00 1.7000e+00 1.5521e+00 1.3752e+00 1.2148e+00 1.1556e+00 1.2626e+00 1.4920e+00 1.7639e+00 1.8523e+00 1.8477e+00 1.7972e+00 1.7972e+00 1.6665e+00 1.4790e+00 1.5339e+00 1.5233e+00 1.5739e+00 1.5308e+00 1.4792e+00 1.4802e+00 1.5212e+00 1.5021e+00 1.4776e+00 1.4617e+00 1.4617e+00 1.4446e+00 1.4284e+00 1.4351e+00 1.4662e+00 1.4743e+00 1.4725e+00 1.4581e+00 1.4510e+00 1.4364e+00
-9.9990e+03 -9.9990e+03 -9.9990e+03 -9.9990e+03 -9.9990e+03 -9.9990e+03 -9.9990e+03 -9.9990e+03 -9.9990e+03 -9.9990e+03 -9.9990e+03 -9.9990e+03 -9.9990e+03 -9.9990e+03 -9.9990e+03 -9.9990e+03 -9.9990e+03 -9.9990e+03 -9.9990e+03 -9.9990e+03 -9.9990e+03 1.7151e+00 1.6940e+00 1.5517e+00 1.3857e+00 1.2329e+00 1.1696e+00 1.2351e+00 1.3234e+00 1.5617e+00 1.8612e+00 1.9584e+00 1.9010e+00 1.7258e+00 1.5609e+00 1.3602e+00 1.4080e+00 1.5233e+00 1.5222e+00 1.5270e+00 1.4934e+00 1.4934e+00 1.4810e+00 1.4872e+00 1.4811e+00 1.4767e+00 1.4685e+00 1.4451e+00 1.4323e+00 1.4321e+00 1.4649e+00 1.4556e+00 1.4611e+00 1.4581e+00 1.4115e+00 1.4115e+00
-9.9990e+03 -9.9990e+03 -9.9990e+03 -9.9990e+03 -9.9990e+03 -9.9990e+03 -9.9990e+03 -9.9990e+03 -9.9990e+03 -9.9990e+03 -9.9990e+03 -9.9990e+03 -9.9990e+03 -9.9990e+03 -9.9990e+03 -9.9990e+03 -9.9990e+03 -9.9990e+03 -9.9990e+03 -9.9990e+03 -9.9990e+03 1.7156e+00 1.7046e+00 1.6671e+00 1.5569e+00 1.4232e+00 1.2886e+00 1.3254e+00 1.4044e+00 1.6257e+00 1.9432e+00 2.0185e+00 1.8192e+00 1.5942e+00 1.4282e+00 1.2812e+00 1.2812e+00 1.3327e+00 1.4140e+00 1.4956e+00 1.5076e+00 1.5005e+00 1.4892e+00 1.4683e+00 1.4528e+00 1.4690e+00 1.4811e+00 1.4596e+00 1.4291e+00 1.4080e+00 1.4080e+00 1.4111e+00 1.4468e+00 1.4714e+00 1.4896e+00 1.4206e+00
-9.9990e+03 -9.9990e+03 -9.9990e+03 -9.9990e+03 -9.9990e+03 -9.9990e+03 -9.9990e+03 -9.9990e+03 -9.9990e+03 -9.9990e+03 -9.9990e+03 -9.9990e+03 -9.9990e+03 -9.9990e+03 -9.9990e+03 -9.9990e+03 -9.9990e+03 -9.9990e+03 -9.9990e+03 -9.9990e+03 -9.9990e+03 -9.9990e+03 1.7054e+00 1.6555e+00 1.5569e+00 1.4726e+00 1.3595e+00 1.4034e+00 1.4821e+00 1.6946e+00 2.0058e+00 2.0058e+00 2.0286e+00 1.7028e+00 1.4636e+00 1.2436e+00 1.2339e+00 1.3103e+00 1.4071e+00 1.4749e+00 1.5076e+00 1.4967e+00 1.4876e+00 1.4579e+00 1.4398e+00 1.4398e+00 1.4619e+00 1.4761e+00 1.4629e+00 1.4470e+00 1.4035e+00 1.4755e+00 1.5055e+00 1.5351e+00 1.4602e+00 1.3619e+00
-9.9990e+03 -9.9990e+03 -9.9990e+03 -9.9990e+03 -9.9990e+03 -9.9990e+03 -9.9990e+03 -9.9990e+03 -9.9990e+03 -9.9990e+03 -9.9990e+03 -9.9990e+03 -9.9990e+03 -9.9990e+03 -9.9990e+03 -9.9990e+03 -9.9990e+03 -9.9990e+03 -9.9990e+03 -9.9990e+03 -9.9990e+03 -9.9990e+03 1.7204e+00 1.6661e+00 1.5810e+00 1.5052e+00 1.5052e+00 1.4557e+00 1.4844e+00 1.5881e+00 1.8839e+00 2.0022e+00 1.9531e+00 1.5819e+00 1.3644e+00 1.2144e+00 1.2168e+00 1.3077e+00 1.4045e+00 1.4605e+00 1.4605e+00 1.4729e+00 1.4876e+00 1.4620e+00 1.4522e+00 1.4393e+00 1.4785e+00 1.4853e+00 1.4830e+00 1.5372e+00 1.4927e+00 1.4827e+00 1.4761e+00 1.4761e+00 1.4439e+00 1.4001e+00
