bias_correction/pipeline/U_2_s_1.3_d_248.asc
ncols        88
nrows        90
xllcorner    2777636
yllcorner    1185112
cellsize     25
NODATA_value -9999
[rows 25 to 49 of 90, columns 0 to 55 of 88]
-9.9990e+03 -9.9990e+03 -9.9990e+03 -9.9990e+03 -9.9990e+03 -9.9990e+03 -9.9990e+03 -9.9990e+03 -9.9990e+03 -9.9990e+03 -9.9990e+03 -9.9990e+03 -9.9990e+03 1.0325e+00 1.0036e+00 1.0306e+00 1.0522e+00 1.0522e+00 1.1007e+00 1.1889e+00 1.3316e+00 1.3044e+00 1.3561e+00 1.4479e+00 1.8383e+00 1.9079e+00 1.8782e+00 1.7275e+00 1.5375e+00 1.6405e+00 1.6533e+00 1.7367e+00 1.6609e+00 1.5178e+00 1.3420e+00 1.2643e+00 1.2540e+00 1.1351e+00 1.0774e+00 1.0460e+00 1.0942e+00 1.1524e+00 1.1079e+00 1.0179e+00 1.0179e+00 9.6542e-01 1.0360e+00 1.0275e+00 9.4415e-01 8.4779e-01 1.0463e+00 1.4936e+00 2.2048e+00 2.4088e+00 1.8662e+00 1.4032e+00
-9.9990e+03 -9.9990e+03 -9.9990e+03 -9.9990e+03 -9.9990e+03 -9.9990e+03 -9.9990e+03 -9.9990e+03 -9.9990e+03 -9.9990e+03 -9.9990e+03 -9.9990e+03 -9.9990e+03 1.2399e+00 1.1565e+00 1.1337e+00 1.0338e+00 1.0234e+00 1.1263e+00 1.2647e+00 1.3177e+00 1.1908e+00 1.1582e+00 1.2736e+00 1.6188e+00 1.8209e+00 1.6803e+00 1.8469e+00 1.7836e+00 1.8014e+00 1.8069e+00 1.8171e+00 1.6328e+00 1.4821e+00 1.3036e+00 1.2171e+00 1.1808e+00 1.0968e+00 1.0555e+00 1.0454e+00 1.0227e+00 1.0683e+00 1.1229e+00 1.0940e+00 1.0002e+00 9.5457e-01 1.0111e+00 1.0159e+00 9.3613e-01 8.8750e-01 1.1345e+00 1.5895e+00 2.2351e+00 2.1981e+00 2.3465e+00 1.9428e+00
-9.9990e+03 -9.9990e+03 -9.9990e+03 -9.9990e+03 -9.9990e+03 -9.9990e+03 -9.9990e+03 -9.9990e+03 -9.9990e+03 -9.9990e+03 -9.9990e+03 -9.9990e+03 -9.9990e+03 1.3418e+00 1.2735e+00 1.1337e+00 1.0498e+00 1.0091e+00 1.1074e+00 1.2584e+00 1.2584e+00 1.2388e+00 1.1395e+00 1.0788e+00 1.1930e+00 1.4561e+00 1.5310e+00 1.6540e+00 1.7397e+00 2.0145e+00 2.0213e+00 1.8171e+00 1.5414e+00 1.4110e+00 1.3538e+00 1.2761e+00 1.1899e+00 1.1252e+00 1.0851e+00 1.0454e+00 1.0002e+00 1.0440e+00 1.1148e+00 1.0858e+00 9.8920e-01 9.7043e-01 1.0128e+00 1.0159e+00 1.0322e+00 9.6680e-01 1.0240e+00 1.2056e+00 1.6475e+00 2.0847e+00 2.2308e+00 1.9428e+00
-9.9990e+03 -9.9990e+03 -9.9990e+03 -9.9990e+03 -9.9990e+03 -9.9990e+03 -9.9990e+03 -9.9990e+03 -9.9990e+03 -9.9990e+03 -9.9990e+03 -9.9990e+03 -9.9990e+03 1.4093e+00 1.3593e+00 1.3593e+00 1.2321e+00 1.0815e+00 1.0076e+00 1.0711e+00 1.2071e+00 1.2005e+00 1.1264e+00 1.0664e+00 1.2187e+00 1.4040e+00 1.5310e+00 1.5030e+00 1.7492e+00 1.8834e+00 2.2474e+00 2.1797e+00 1.7593e+00 1.4500e+00 1.3538e+00 1.2665e+00 1.1845e+00 1.1300e+00 1.0857e+00 1.0373e+00 9.9450e-01 1.0402e+00 1.1148e+00 1.1040e+00 1.0777e+00 1.0301e+00 1.0067e+00 1.0356e+00 1.0630e+00 1.0189e+00 1.0240e+00 1.2611e+00 1.6593e+00 1.9367e+00 2.1096e+00 2.0232e+00
-9.9990e+03 -9.9990e+03 -9.9990e+03 -9.9990e+03 -9.9990e+03 -9.9990e+03 -9.9990e+03 -9.9990e+03 -9.9990e+03 -9.9990e+03 -9.9990e+03 -9.9990e+03 -9.9990e+03 1.3130e+00 1.3927e+00 1.3725e+00 1.2145e+00 1.1089e+00 1.0250e+00 1.0457e+00 1.1524e+00 1.1836e+00 1.1525e+00 1.1273e+00 1.2182e+00 1.2846e+00 1.3828e+00 1.3499e+00 1.4689e+00 2.0679e+00 2.3802e+00 2.2143e+00 1.6870e+00 1.4073e+00 1.3275e+00 1.2682e+00 1.1904e+00 1.1271e+00 1.1271e+00 1.0839e+00 1.0479e+00 1.0034e+00 1.0420e+00 1.0887e+00 1.0831e+00 1.0854e+00 1.0492e+00 1.0584e+00 1.0879e+00 1.0759e+00 1.0854e+00 1.1469e+00 1.3048e+00 1.5790e+00 1.7907e+00 1.9712e+00
-9.9990e+03 -9.9990e+03 -9.9990e+03 -9.9990e+03 -9.9990e+03 -9.9990e+03 -9.9990e+03 -9.9990e+03 -9.9990e+03 -9.9990e+03 -9.9990e+03 -9.9990e+03 -9.9990e+03 1.3130e+00 1.3392e+00 1.3039e+00 1.2016e+00 1.1519e+00 1.0573e+00 1.1108e+00 1.0696e+00 1.1277e+00 1.1883e+00 1.2152e+00 1.2816e+00 1.2899e+00 1.3276e+00 1.3278e+00 1.5612e+00 2.0679e+00 2.4347e+00 2.1457e+00 1.9937e+00 1.6344e+00 1.4179e+00 1.3728e+00 1.2740e+00 1.1880e+00 1.1371e+00 1.0987e+00 1.0693e+00 1.0086e+00 1.0296e+00 1.0853e+00 1.1157e+00 1.0854e+00 1.1350e+00 1.0726e+00 1.0487e+00 1.0961e+00 1.1230e+00 1.2129e+00 1.3377e+00 1.5790e+00 1.6979e+00 1.8579e+00
-9.9990e+03 -9.9990e+03 -9.9990e+03 -9.9990e+03 -9.9990e+03 -9.9990e+03 -9.9990e+03 -9.9990e+03 -9.9990e+03 -9.9990e+03 -9.9990e+03 -9.9990e+03 -9.9990e+03 1.3005e+00 1.3193e+00 1.3056e+00 1.1953e+00 1.1842e+00 1.1797e+00 1.1371e+00 1.0862e+00 1.1209e+00 1.2197e+00 1.2729e+00 1.2862e+00 1.2402e+00 1.2536e+00 1.2221e+00 1.3863e+00 1.7782e+00 2.4061e+00 2.3581e+00 1.8546e+00 1.6111e+00 1.4699e+00 1.4200e+00 1.2942e+00 1.1942e+00 1.1762e+00 1.1363e+00 1.0587e+00 1.0587e+00 9.8615e-01 1.0059e+00 1.1231e+00 1.1806e+00 1.1654e+00 1.0689e+00 1.0431e+00 1.1052e+00 1.1702e+00 1.2636e+00 1.3659e+00 1.5398e+00 1.6429e+00 1.6429e+00
-9.9990e+03 -9.9990e+03 -9.9990e+03 -9.9990e+03 -9.9990e+03 -9.9990e+03 -9.9990e+03 -9.9990e+03 -9.9990e+03 -9.9990e+03 -9.9990e+03 -9.9990e+03 -9.9990e+03 1.2148e+00 1.2894e+00 1.2597e+00 1.1953e+00 1.1749e+00 1.1956e+00 1.1178e+00 1.0987e+00 1.1425e+00 1.2099e+00 1.2805e+00 1.3116e+00 1.2399e+00 1.1762e+00 1.2447e+00 1.5046e+00 2.0244e+00 2.4900e+00 2.2335e+00 1.8546e+00 1.5894e+00 1.5219e+00 1.4425e+00 1.4425e+00 1.3261e+00 1.3034e+00 1.2263e+00 1.1537e+00 1.0345e+00 9.7513e-01 1.0672e+00 1.2055e+00 1.2591e+00 1.1695e+00 1.0575e+00 1.0431e+00 1.1185e+00 1.1185e+00 1.1983e+00 1.2806e+00 1.3874e+00 1.5097e+00 1.5921e+00
-9.9990e+03 -9.9990e+03 -9.9990e+03 -9.9990e+03 -9.9990e+03 -9.9990e+03 -9.9990e+03 -9.9990e+03 -9.9990e+03 -9.9990e+03 -9.9990e+03 -9.9990e+03 -9.9990e+03 1.2117e+00 1.2517e+00 1.2297e+00 1.1705e+00 1.1661e+00 1.1585e+00 1.1029e+00 1.0875e+00 1.1269e+00 1.2637e+00 1.3068e+00 1.2981e+00 1.1859e+00 1.1547e+00 1.3397e+00 1.6919e+00 2.2500e+00 2.5009e+00 2.5009e+00 2.0984e+00 1.6436e+00 1.5424e+00 1.4802e+00 1.4485e+00 1.3807e+00 1.3748e+00 1.2568e+00 1.1404e+00 1.0289e+00 1.0019e+00 1.0672e+00 1.1913e+00 1.3071e+00 1.3032e+00 1.1507e+00 1.0517e+00 1.0902e+00 1.1317e+00 1.1983e+00 1.2727e+00 1.4022e+00 1.4817e+00 1.5269e+00
-9.9990e+03 -9.9990e+03 -9.9990e+03 -9.9990e+03 -9.9990e+03 -9.9990e+03 -9.9990e+03 -9.9990e+03 -9.9990e+03 -9.9990e+03 -9.9990e+03 -9.9990e+03 -9.9990e+03 1.1125e+00 1.1012e+00 1.1855e+00 1.2015e+00 1.1699e+00 1.1309e+00 1.1029e+00 1.0810e+00 1.1693e+00 1.2843e+00 1.2931e+00 1.2541e+00 1.1743e+00 1.1743e+00 1.1916e+00 1.4366e+00 1.8717e+00 2.5184e+00 2.4706e+00 2.0093e+00 1.5732e+00 1.4835e+00 1.4802e+00 1.4432e+00 1.4435e+00 1.4036e+00 1.4036e+00 1.2557e+00 1.1190e+00 1.0658e+00 1.0957e+00 1.3186e+00 1.3800e+00 1.2543e+00 1.1326e+00 1.0772e+00 1.1292e+00 1.1403e+00 1.1839e+00 1.2608e+00 1.2608e+00 1.3740e+00 1.4407e+00
-9.9990e+03 -9.9990e+03 -9.9990e+03 -9.9990e+03 -9.9990e+03 -9.9990e+03 -9.9990e+03 -9.9990e+03 -9.9990e+03 -9.9990e+03 -9.9990e+03 -9.9990e+03 -9.9990e+03 1.0831e+00 1.1012e+00 1.1454e+00 1.2030e+00 1.1546e+00 1.0944e+00 1.0613e+00 1.0755e+00 1.1096e+00 1.2045e+00 1.2519e+00 1.2637e+00 1.2253e+00 1.1968e+00 1.2521e+00 1.5637e+00 2.0779e+00 2.5184e+00 2.3728e+00 1.9033e+00 1.5134e+00 1.5134e+00 1.4345e+00 1.4028e+00 1.4215e+00 1.4679e+00 1.3892e+00 1.2415e+00 1.1538e+00 1.1550e+00 1.2290e+00 1.4149e+00 1.3783e+00 1.2543e+00 1.1335e+00 1.1335e+00 1.1949e+00 1.1824e+00 1.1647e+00 1.1880e+00 1.2537e+00 1.3740e+00 1.3800e+00
-9.9990e+03 -9.9990e+03 -9.9990e+03 -9.9990e+03 -9.9990e+03 -9.9990e+03 -9.9990e+03 -9.9990e+03 -9.9990e+03 -9.9990e+03 -9.9990e+03 -9.9990e+03 -9.9990e+03 1.0465e+00 1.0451e+00 1.0276e+00 1.1281e+00 1.1546e+00 1.1245e+00 1.0891e+00 1.1185e+00 1.1339e+00 1.1900e+00 1.2181e+00 1.2465e+00 1.2513e+00 1.2391e+00 1.3154e+00 1.7033e+00 1.7033e+00 2.2670e+00 2.5948e+00 2.2175e+00 1.6567e+00 1.4950e+00 1.4269e+00 1.3898e+00 1.3900e+00 1.4457e+00 1.3586e+00 1.2422e+00 1.2349e+00 1.2714e+00 1.2714e+00 1.4397e+00 1.4136e+00 1.3082e+00 1.1578e+00 1.1734e+00 1.2725e+00 1.2427e+00 1.1981e+00 1.2015e+00 1.2515e+00 1.3417e+00 1.3137e+00
-9.9990e+03 -9.9990e+03 -9.9990e+03 -9.9990e+03 -9.9990e+03 -9.9990e+03 -9.9990e+03 -9.9990e+03 -9.9990e+03 -9.9990e+03 -9.9990e+03 -9.9990e+03 -9.9990e+03 1.0929e+00 1.0222e+00 1.0364e+00 1.1127e+00 1.1546e+00 1.0930e+00 1.1097e+00 1.1504e+00 1.1417e+00 1.1633e+00 1.2017e+00 1.2017e+00 1.2490e+00 1.2565e+00 1.2751e+00 1.4639e+00 1.8658e+00 2.4345e+00 2.5426e+00 2.0570e+00 1.6567e+00 1.4927e+00 1.4385e+00 1.3804e+00 1.3600e+00 1.3600e+00 1.3784e+00 1.3487e+00 1.2758e+00 1.3341e+00 1.3832e+00 1.4565e+00 1.3542e+00 1.2266e+00 1.1583e+00 1.2332e+00 1.2725e+00 1.2904e+00 1.2904e+00 1.2393e+00 1.2236e+00 1.2665e+00 1.2850e+00
-9.9990e+03 -9.9990e+03 -9.9990e+03 -9.9990e+03 -9.9990e+03 -9.9990e+03 -9.9990e+03 -9.9990e+03 -9.9990e+03 -9.9990e+03 -9.9990e+03 -9.9990e+03 -9.9990e+03 1.0488e+00 1.0149e+00 1.0431e+00 1.0839e+00 1.0905e+00 1.0666e+00 1.0666e+00 1.0986e+00 1.1480e+00 1.1536e+00 1.1974e+00 1.2001e+00 1.2334e+00 1.2643e+00 1.3227e+00 1.5687e+00 2.0068e+00 2.5367e+00 2.4685e+00 2.4685e+00 1.9547e+00 1.5827e+00 1.4851e+00 1.4226e+00 1.3836e+00 1.3628e+00 1.3889e+00 1.3597e+00 1.3329e+00 1.4358e+00 1.4704e+00 1.4108e+00 1.2679e+00 1.2679e+00 1.1458e+00 1.1798e+00 1.2929e+00 1.3832e+00 1.3151e+00 1.2576e+00 1.2586e+00 1.2897e+00 1.2584e+00
-9.9990e+03 -9.9990e+03 -9.9990e+03 -9.9990e+03 -9.9990e+03 -9.9990e+03 -9.9990e+03 -9.9990e+03 -9.9990e+03 -9.9990e+03 -9.9990e+03 -9.9990e+03 -9.9990e+03 1.0113e+00 1.0113e+00 9.6983e-01 1.0239e+00 1.0539e+00 1.0359e+00 1.0438e+00 1.0986e+00 1.1490e+00 1.1990e+00 1.2373e+00 1.1943e+00 1.2145e+00 1.2852e+00 1.2852e+00 1.3831e+00 1.7016e+00 2.1445e+00 2.5713e+00 2.4236e+00 1.9270e+00 1.6008e+00 1.4692e+00 1.4226e+00 1.3984e+00 1.3953e+00 1.4229e+00 1.3967e+00 1.3967e+00 1.4520e+00 1.4870e+00 1.4871e+00 1.3525e+00 1.2189e+00 1.1651e+00 1.2028e+00 1.3296e+00 1.3951e+00 1.3263e+00 1.2576e+00 1.2989e+00 1.3046e+00 1.3049e+00
-9.9990e+03 -9.9990e+03 -9.9990e+03 -9.9990e+03 -9.9990e+03 -9.9990e+03 -9.9990e+03 -9.9990e+03 -9.9990e+03 -9.9990e+03 -9.9990e+03 -9.9990e+03 -9.9990e+03 9.8569e-01 9.6204e-01 9.4676e-01 1.0211e+00 1.0591e+00 1.0474e+00 1.0124e+00 1.0566e+00 1.1895e+00 1.1895e+00 1.2628e+00 1.2460e+00 1.1956e+00 1.2546e+00 1.3257e+00 1.4556e+00 1.8151e+00 2.2270e+00 2.5713e+00 2.3843e+00 1.9517e+00 1.6509e+00 1.4702e+00 1.4702e+00 1.4385e+00 1.4438e+00 1.4451e+00 1.4487e+00 1.4242e+00 1.4772e+00 1.4878e+00 1.4540e+00 1.3263e+00 1.2260e+00 1.1651e+00 1.2221e+00 1.3353e+00 1.3207e+00 1.3885e+00 1.3424e+00 1.3242e+00 1.3238e+00 1.3049e+00
-9.9990e+03 -9.9990e+03 -9.9990e+03 -9.9990e+03 -9.9990e+03 -9.9990e+03 -9.9990e+03 -9.9990e+03 -9.9990e+03 -9.9990e+03 -9.9990e+03 -9.9990e+03 -9.9990e+03 9.6232e-01 9.2825e-01 9.4676e-01 1.0412e+00 1.0412e+00 1.0789e+00 1.0477e+00 1.0064e+00 1.0923e+00 1.2349e+00 1.2993e+00 1.2454e+00 1.2265e+00 1.3006e+00 1.3504e+00 1.5194e+00 1.9089e+00 2.2489e+00 2.2489e+00 2.4131e+00 2.3419e+00 2.0324e+00 1.7147e+00 1.5085e+00 1.5206e+00 1.5174e+00 1.4950e+00 1.4691e+00 1.4491e+00 1.4766e+00 1.4566e+00 1.4566e+00 1.3685e+00 1.3293e+00 1.2646e+00 1.2307e+00 1.2326e+00 1.3126e+00 1.3794e+00 1.3652e+00 1.3516e+00 1.3321e+00 1.2969e+00
-9.9990e+03 -9.9990e+03 -9.9990e+03 -9.9990e+03 -9.9990e+03 -9.9990e+03 -9.9990e+03 -9.9990e+03 -9.9990e+03 -9.9990e+03 -9.9990e+03 -9.9990e+03 -9.9990e+03 9.4840e-01 9.4122e-01 9.2952e-01 9.6687e-01 1.0364e+00 1.0789e+00 1.0364e+00 1.0241e+00 1.1465e+00 1.2548e+00 1.2892e+00 1.2366e+00 1.2636e+00 1.2636e+00 1.3374e+00 1.3962e+00 1.6662e+00 1.9417e+00 2.2076e+00 2.2952e+00 2.2784e+00 2.0324e+00 1.7973e+00 1.6013e+00 1.6447e+00 1.6137e+00 1.6137e+00 1.5652e+00 1.4704e+00 1.4581e+00 1.4651e+00 1.4182e+00 1.3492e+00 1.3331e+00 1.2954e+00 1.2545e+00 1.2491e+00 1.3126e+00 1.3712e+00 1.3810e+00 1.3796e+00 1.3643e+00 1.3361e+00
-9.9990e+03 -9.9990e+03 -9.9990e+03 -9.9990e+03 -9.9990e+03 -9.9990e+03 -9.9990e+03 -9.9990e+03 -9.9990e+03 -9.9990e+03 -9.9990e+03 -9.9990e+03 -9.9990e+03 9.2798e-01 9.4204e-01 9.5434e-01 9.4625e-01 9.7152e-01 1.0302e+00 1.0265e+00 1.0265e+00 1.0822e+00 1.1496e+00 1.2246e+00 1.2486e+00 1.2383e+00 1.2849e+00 1.3569e+00 1.4550e+00 1.7105e+00 1.9168e+00 2.1183e+00 2.1860e+00 2.2221e+00 2.2221e+00 2.0815e+00 1.8617e+00 1.7683e+00 1.7259e+00 1.6735e+00 1.5895e+00 1.4895e+00 1.4684e+00 1.4465e+00 1.3930e+00 1.3450e+00 1.3312e+00 1.3081e+00 1.3111e+00 1.2773e+00 1.2740e+00 1.3224e+00 1.3606e+00 1.3716e+00 1.3712e+00 1.3517e+00
-9.9990e+03 -9.9990e+03 -9.9990e+03 -9.9990e+03 -9.9990e+03 -9.9990e+03 -9.9990e+03 -9.9990e+03 -9.9990e+03 -9.9990e+03 -9.9990e+03 -9.9990e+03 -9.9990e+03 9.2798e-01 1.0157e+00 1.0157e+00 9.8774e-01 8.8314e-01 8.8682e-01 9.5885e-01 1.0461e+00 1.0822e+00 1.1731e+00 1.2263e+00 1.3069e+00 1.2741e+00 1.3004e+00 1.3836e+00 1.5253e+00 1.5253e+00 1.7130e+00 1.8485e+00 1.9540e+00 2.1171e+00 2.1744e+00 2.0567e+00 1.8739e+00 1.7683e+00 1.7519e+00 1.7115e+00 1.6261e+00 1.5201e+00 1.4745e+00 1.4788e+00 1.4298e+00 1.3838e+00 1.3460e+00 1.3293e+00 1.3236e+00 1.2989e+00 1.2986e+00 1.3259e+00 1.3531e+00 1.3716e+00 1.3750e+00 1.3718e+00
-9.9990e+03 -9.9990e+03 -9.9990e+03 -9.9990e+03 -9.9990e+03 -9.9990e+03 -9.9990e+03 -9.9990e+03 -9.9990e+03 -9.9990e+03 -9.9990e+03 -9.9990e+03 -9.9990e+03 9.9362e-01 1.1217e+00 1.0863e+00 9.8136e-01 8.3397e-01 8.2733e-01 9.9740e-01 1.0751e+00 1.1121e+00 1.2543e+00 1.2965e+00 1.3943e+00 1.3834e+00 1.3274e+00 1.3559e+00 1.4260e+00 1.5687e+00 1.6808e+00 1.7975e+00 1.9525e+00 2.1095e+00 2.1599e+00 1.9908e+00 1.8211e+00 1.7553e+00 1.7038e+00 1.7295e+00 1.7314e+00 1.6691e+00 1.5617e+00 1.4730e+00 1.4088e+00 1.3724e+00 1.3597e+00 1.3465e+00 1.3236e+00 1.3090e+00 1.3085e+00 1.3064e+00 1.3335e+00 1.3598e+00 1.3764e+00 1.3756e+00
-9.9990e+03 -9.9990e+03 -9.9990e+03 -9.9990e+03 -9.9990e+03 -9.9990e+03 -9.9990e+03 -9.9990e+03 -9.9990e+03 -9.9990e+03 -9.9990e+03 -9.9990e+03 -9.9990e+03 1.1054e+00 1.2404e+00 1.1468e+00 9.8136e-01 9.0392e-01 8.9330e-01 1.0083e+00 1.0708e+00 1.1466e+00 1.2872e+00 1.3485e+00 1.3943e+00 1.4250e+00 1.3675e+00 1.3713e+00 1.4334e+00 1.5573e+00 1.6398e+00 1.7904e+00 1.7904e+00 2.0256e+00 2.1361e+00 2.0439e+00 1.8927e+00 1.7451e+00 1.6616e+00 1.6979e+00 1.7314e+00 1.7012e+00 1.5943e+00 1.4611e+00 1.3895e+00 1.3641e+00 1.3727e+00 1.3882e+00 1.3798e+00 1.3506e+00 1.3045e+00 1.3132e+00 1.3559e+00 1.3853e+00 1.3857e+00 1.3730e+00
-9.9990e+03 -9.9990e+03 -9.9990e+03 -9.9990e+03 -9.9990e+03 -9.9990e+03 -9.9990e+03 -9.9990e+03 -9.9990e+03 -9.9990e+03 -9.9990e+03 -9.9990e+03 -9.9990e+03 1.1939e+00 1.2459e+00 1.2811e+00 1.1468e+00 1.0897e+00 1.0328e+00 1.0083e+00 1.1516e+00 1.2288e+00 1.3809e+00 1.4147e+00 1.4437e+00 1.4301e+00 1.3861e+00 1.3861e+00 1.3596e+00 1.3846e+00 1.4254e+00 1.6366e+00 1.8541e+00 2.1156e+00 2.1319e+00 2.0439e+00 1.8066e+00 1.7039e+00 1.6394e+00 1.6657e+00 1.7283e+00 1.7161e+00 1.7153e+00 1.6098e+00 1.4477e+00 1.3816e+00 1.3868e+00 1.4133e+00 1.4050e+00 1.3525e+00 1.3049e+00 1.3132e+00 1.3808e+00 1.4079e+00 1.3905e+00 1.3905e+00
-9.9990e+03 -9.9990e+03 -9.9990e+03 -9.9990e+03 -9.9990e+03 -9.9990e+03 -9.9990e+03 -9.9990e+03 -9.9990e+03 -9.9990e+03 -9.9990e+03 -9.9990e+03 -9.9990e+03 1.2751e+00 1.2643e+00 1.2857e+00 1.1797e+00 1.2159e+00 1.1830e+00 1.1545e+00 1.2916e+00 1.3485e+00 1.3997e+00 1.4100e+00 1.4274e+00 1.4250e+00 1.4190e+00 1.3865e+00 1.3061e+00 1.2966e+00 1.3870e+00 1.6796e+00 1.9652e+00 2.1695e+00 2.0773e+00 1.9383e+00 1.8560e+00 1.7692e+00 1.6877e+00 1.6193e+00 1.6359e+00 1.7086e+00 1.7085e+00 1.5970e+00 1.4402e+00 1.3855e+00 1.3929e+00 1.4192e+00 1.4105e+00 1.3571e+00 1.3571e+00 1.3199e+00 1.3561e+00 1.3890e+00 1.4014e+00 1.3959e+00
-9.9990e+03 -9.9990e+03 -9.9990e+03 -9.9990e+03 -9.9990e+03 -9.9990e+03 -9.9990e+03 -9.9990e+03 -9.9990e+03 -9.9990e+03 -9.9990e+03 -9.9990e+03 -9.9990e+03 1.2769e+00 1.2643e+00 1.2801e+00 1.2212e+00 1.3040e+00 1.3513e+00 1.3356e+00 1.4425e+00 1.3960e+00 1.3997e+00 1.3828e+00 1.4055e+00 1.4083e+00 1.4049e+00 1.3606e+00 1.2522e+00 1.2356e+00 1.3870e+00 1.4429e+00 1.7783e+00 2.1256e+00 2.1614e+00 2.0053e+00 1.8203e+00 1.7556e+00 1.6877e+00 1.6041e+00 1.6298e+00 1.7149e+00 1.6919e+00 1.5753e+00 1.4335e+00 1.4335e+00 1.3918e+00 1.3752e+00 1.4001e+00 1.3886e+00 1.3730e+00 1.3502e+00 1.3731e+00 1.3875e+00 1.4014e+00 1.3877e+00
