bias_correction/pipeline/U_3_s_1.1_d_221.asc
ncols        88
nrows        90
xllcorner    2777636
yllcorner    1185112
cellsize     25
NODATA_value -9999
[rows 25 to 49 of 90, columns 0 to 55 of 88]
-9.9990e+03 -9.9990e+03 -9.9990e+03 -9.9990e+03 -9.9990e+03 -9.9990e+03 -9.9990e+03 -9.9990e+03 -9.9990e+03 -9.9990e+03 -9.9990e+03 -9.9990e+03 -9.9990e+03 -9.9990e+03 -9.9990e+03 -9.9990e+03 -9.9990e+03 -9.9990e+03 -9.9990e+03 -9.9990e+03 5.0840e-01 5.0791e-01 8.5939e-01 8.7359e-01 1.3662e+00 1.3619e+00 1.3619e+00 1.0683e+00 9.0961e-01 8.9734e-01 8.4951e-01 7.0116e-01 6.5590e-01 5.7045e-01 4.5820e-01 7.2311e-01 1.2008e+00 2.1714e+00 2.1714e+00 2.4583e+00 2.1426e+00 2.3654e+00 2.4834e+00 1.7009e+00 1.2286e+00 1.0613e+00 1.0613e+00 9.2553e-01 7.3177e-01 6.7276e-01 7.9923e-01 1.4262e+00 1.9002e+00 2.1662e+00 1.7825e+00 1.6282e+00
-9.9990e+03 -9.9990e+03 -9.9990e+03 -9.9990e+03 -9.9990e+03 -9.9990e+03 -9.9990e+03 -9.9990e+03 -9.9990e+03 -9.9990e+03 -9.9990e+03 -9.9990e+03 -9.9990e+03 -9.9990e+03 -9.9990e+03 -9.9990e+03 -9.9990e+03 -9.9990e+03 -9.9990e+03 5.2555e-01 5.0840e-01 4.6143e-01 5.4558e-01 8.2990e-01 8.2990e-01 1.2491e+00 1.2557e+00 1.1015e+00 1.0248e+00 9.8933e-01 8.7353e-01 7.4700e-01 7.4700e-01 6.9333e-01 7.8533e-01 1.0964e+00 1.1492e+00 2.0084e+00 2.1021e+00 1.9357e+00 2.1550e+00 2.1550e+00 1.7174e+00 1.2496e+00 1.0226e+00 1.0049e+00 9.1926e-01 8.5955e-01 6.9814e-01 6.7276e-01 7.1736e-01 1.4523e+00 2.2192e+00 2.2192e+00 2.0358e+00 1.4012e+00
-9.9990e+03 -9.9990e+03 -9.9990e+03 -9.9990e+03 -9.9990e+03 -9.9990e+03 -9.9990e+03 -9.9990e+03 -9.9990e+03 -9.9990e+03 -9.9990e+03 -9.9990e+03 -9.9990e+03 -9.9990e+03 -9.9990e+03 -9.9990e+03 -9.9990e+03 -9.9990e+03 5.8070e-01 5.8070e-01 5.3768e-01 6.3186e-01 5.6347e-01 5.4364e-01 5.8074e-01 7.3534e-01 9.2445e-01 9.2445e-01 1.0185e+00 9.9396e-01 1.0732e+00 8.8723e-01 7.7693e-01 8.8886e-01 1.1086e+00 1.0964e+00 1.7556e+00 1.9578e+00 1.7503e+00 1.7503e+00 1.9746e+00 1.6379e+00 1.2945e+00 1.3060e+00 1.0226e+00 8.8993e-01 8.6316e-01 8.5955e-01 7.4546e-01 6.5172e-01 1.0133e+00 1.0133e+00 1.7487e+00 1.9662e+00 2.0424e+00 1.7563e+00
-9.9990e+03 -9.9990e+03 -9.9990e+03 -9.9990e+03 -9.9990e+03 -9.9990e+03 -9.9990e+03 -9.9990e+03 -9.9990e+03 -9.9990e+03 -9.9990e+03 -9.9990e+03 -9.9990e+03 -9.9990e+03 -9.9990e+03 -9.9990e+03 -9.9990e+03 -9.9990e+03 5.8792e-01 5.6512e-01 6.3664e-01 6.3186e-01 6.4000e-01 5.7235e-01 5.8760e-01 6.0570e-01 6.8321e-01 8.3948e-01 8.9041e-01 1.1779e+00 1.0732e+00 1.1022e+00 9.5230e-01 1.0927e+00 1.0927e+00 1.6940e+00 1.8572e+00 1.6141e+00 1.6483e+00 1.8197e+00 1.4228e+00 1.2082e+00 1.2945e+00 1.1433e+00 9.6867e-01 1.0063e+00 8.9740e-01 7.6453e-01 6.6426e-01 7.3036e-01 8.1127e-01 1.0030e+00 1.4948e+00 1.9138e+00 1.9138e+00 1.7863e+00
-9.9990e+03 -9.9990e+03 -9.9990e+03 -9.9990e+03 -9.9990e+03 -9.9990e+03 -9.9990e+03 -9.9990e+03 -9.9990e+03 -9.9990e+03 -9.9990e+03 -9.9990e+03 -9.9990e+03 -9.9990e+03 -9.9990e+03 -9.9990e+03 -9.9990e+03 5.9210e-01 5.0157e-01 5.5290e-01 5.5290e-01 6.2265e-01 6.0773e-01 5.8349e-01 5.6301e-01 6.0570e-01 6.5217e-01 7.4692e-01 8.9041e-01 1.0669e+00 1.2737e+00 1.1044e+00 1.1044e+00 1.1197e+00 1.5559e+00 1.7543e+00 1.8288e+00 1.6550e+00 1.6026e+00 1.3700e+00 1.3700e+00 1.1314e+00 1.1015e+00 1.0882e+00 1.1286e+00 1.0063e+00 9.1179e-01 7.1201e-01 7.4812e-01 7.4812e-01 8.5593e-01 1.1911e+00 1.2768e+00 1.5523e+00 1.7301e+00 1.6234e+00
-9.9990e+03 -9.9990e+03 -9.9990e+03 -9.9990e+03 -9.9990e+03 -9.9990e+03 -9.9990e+03 -9.9990e+03 -9.9990e+03 -9.9990e+03 -9.9990e+03 -9.9990e+03 -9.9990e+03 -9.9990e+03 -9.9990e+03 -9.9990e+03 5.9365e-01 5.1340e-01 4.8400e-01 4.7926e-01 5.3221e-01 5.3182e-01 5.9539e-01 5.8349e-01 6.0036e-01 6.4850e-01 7.2713e-01 7.2713e-01 8.9992e-01 1.1264e+00 1.4154e+00 1.3211e+00 1.3228e+00 1.3443e+00 1.6520e+00 1.6520e+00 1.6821e+00 1.6520e+00 1.4009e+00 1.3343e+00 1.0900e+00 9.4202e-01 9.9468e-01 1.0882e+00 1.1565e+00 1.0778e+00 8.1734e-01 8.1734e-01 8.0192e-01 8.2780e-01 9.4987e-01 1.0103e+00 1.2768e+00 1.3023e+00 1.4479e+00 1.6234e+00
-9.9990e+03 -9.9990e+03 -9.9990e+03 -9.9990e+03 -9.9990e+03 -9.9990e+03 -9.9990e+03 -9.9990e+03 -9.9990e+03 -9.9990e+03 -9.9990e+03 -9.9990e+03 -9.9990e+03 -9.9990e+03 -9.9990e+03 5.9860e-01 5.3002e-01 5.2924e-01 4.8400e-01 4.5417e-01 4.8264e-01 4.8264e-01 5.7710e-01 6.2958e-01 6.7666e-01 6.4486e-01 7.0578e-01 7.4804e-01 9.8604e-01 1.1264e+00 1.3555e+00 1.4356e+00 1.3367e+00 1.3641e+00 1.4482e+00 1.6502e+00 1.7465e+00 1.5485e+00 1.4009e+00 1.1094e+00 9.2368e-01 8.9500e-01 8.9500e-01 1.0383e+00 1.1582e+00 1.1276e+00 9.9990e-01 8.9351e-01 9.5113e-01 9.6807e-01 9.4987e-01 1.0017e+00 1.1664e+00 1.2521e+00 1.3445e+00 1.4199e+00
-9.9990e+03 -9.9990e+03 -9.9990e+03 -9.9990e+03 -9.9990e+03 -9.9990e+03 -9.9990e+03 -9.9990e+03 -9.9990e+03 -9.9990e+03 -9.9990e+03 -9.9990e+03 -9.9990e+03 -9.9990e+03 6.8235e-01 5.5189e-01 5.5189e-01 5.3827e-01 4.9525e-01 5.2387e-01 4.7439e-01 5.5091e-01 6.3886e-01 7.1315e-01 6.7666e-01 6.9063e-01 6.9666e-01 8.7167e-01 8.7167e-01 1.2350e+00 1.4657e+00 1.4320e+00 1.3881e+00 1.3641e+00 1.3689e+00 1.5633e+00 1.7465e+00 1.6717e+00 1.2908e+00 1.0088e+00 1.0088e+00 8.8120e-01 9.0301e-01 9.2354e-01 1.0540e+00 1.0822e+00 1.1616e+00 1.0506e+00 1.0506e+00 1.0331e+00 9.9800e-01 1.0266e+00 1.1575e+00 1.2521e+00 1.3308e+00 1.3750e+00
-9.9990e+03 -9.9990e+03 -9.9990e+03 -9.9990e+03 -9.9990e+03 -9.9990e+03 -9.9990e+03 -9.9990e+03 -9.9990e+03 -9.9990e+03 -9.9990e+03 -9.9990e+03 -9.9990e+03 7.2102e-01 7.2102e-01 6.0026e-01 5.5136e-01 5.6052e-01 5.7321e-01 5.2387e-01 5.3658e-01 5.9472e-01 7.1292e-01 7.1292e-01 7.3330e-01 6.7912e-01 7.0310e-01 7.6992e-01 1.0927e+00 1.3688e+00 1.4972e+00 1.4320e+00 1.3452e+00 1.3093e+00 1.3074e+00 1.3869e+00 1.5654e+00 1.5033e+00 1.4400e+00 1.1867e+00 1.1645e+00 9.8865e-01 8.8220e-01 8.8220e-01 9.6176e-01 1.1868e+00 1.2409e+00 1.1801e+00 1.1126e+00 1.1164e+00 1.0470e+00 1.0266e+00 1.0962e+00 1.2487e+00 1.3722e+00 1.3722e+00
-9.9990e+03 -9.9990e+03 -9.9990e+03 -9.9990e+03 -9.9990e+03 -9.9990e+03 -9.9990e+03 -9.9990e+03 -9.9990e+03 -9.9990e+03 -9.9990e+03 -9.9990e+03 -9.9990e+03 7.2007e-01 6.6171e-01 6.4370e-01 6.0465e-01 5.6052e-01 6.0203e-01 5.6089e-01 5.7262e-01 5.7262e-01 6.7208e-01 7.5106e-01 7.3312e-01 7.0773e-01 6.9888e-01 7.9007e-01 1.1864e+00 1.1864e+00 1.5600e+00 1.4315e+00 1.2903e+00 1.2511e+00 1.3074e+00 1.2933e+00 1.3884e+00 1.5201e+00 1.5201e+00 1.4022e+00 1.1579e+00 1.1050e+00 9.5126e-01 9.0507e-01 1.0201e+00 1.2125e+00 1.2409e+00 1.2432e+00 1.1727e+00 1.1197e+00 1.1197e+00 1.1149e+00 1.1858e+00 1.2738e+00 1.3202e+00 1.3815e+00
-9.9990e+03 -9.9990e+03 -9.9990e+03 -9.9990e+03 -9.9990e+03 -9.9990e+03 -9.9990e+03 -9.9990e+03 -9.9990e+03 -9.9990e+03 -9.9990e+03 -9.9990e+03 -9.9990e+03 6.5981e-01 6.4503e-01 6.4117e-01 6.4117e-01 6.1709e-01 5.9077e-01 5.8799e-01 5.7497e-01 6.2130e-01 6.9053e-01 7.3247e-01 7.3247e-01 7.1605e-01 7.2887e-01 8.3967e-01 9.7000e-01 1.4480e+00 1.6266e+00 1.4623e+00 1.2903e+00 1.1636e+00 1.1581e+00 1.2810e+00 1.2810e+00 1.4928e+00 1.5588e+00 1.6000e+00 1.3838e+00 1.1050e+00 1.0995e+00 1.0381e+00 1.0201e+00 1.1423e+00 1.2256e+00 1.2299e+00 1.2299e+00 1.1847e+00 1.2579e+00 1.2576e+00 1.1987e+00 1.2787e+00 1.3241e+00 1.3580e+00
-9.9990e+03 -9.9990e+03 -9.9990e+03 -9.9990e+03 -9.9990e+03 -9.9990e+03 -9.9990e+03 -9.9990e+03 -9.9990e+03 -9.9990e+03 -9.9990e+03 -9.9990e+03 -9.9990e+03 6.3839e-01 6.3116e-01 6.3475e-01 6.2467e-01 6.0670e-01 5.9077e-01 5.8956e-01 6.2373e-01 6.5825e-01 6.5825e-01 7.1563e-01 7.2681e-01 7.2088e-01 7.7088e-01 8.3967e-01 1.0044e+00 1.4418e+00 1.6069e+00 1.6069e+00 1.3091e+00 1.0913e+00 1.0536e+00 1.1435e+00 1.3701e+00 1.5054e+00 1.6846e+00 1.6000e+00 1.5562e+00 1.2944e+00 1.3292e+00 1.1604e+00 1.1465e+00 1.1779e+00 1.1774e+00 1.2242e+00 1.2515e+00 1.3236e+00 1.3406e+00 1.3406e+00 1.3432e+00 1.3398e+00 1.3833e+00 1.3588e+00
-9.9990e+03 -9.9990e+03 -9.9990e+03 -9.9990e+03 -9.9990e+03 -9.9990e+03 -9.9990e+03 -9.9990e+03 -9.9990e+03 -9.9990e+03 -9.9990e+03 -9.9990e+03 -9.9990e+03 6.3839e-01 6.0202e-01 6.0501e-01 6.1399e-01 6.1399e-01 5.9472e-01 6.2564e-01 6.5386e-01 6.4675e-01 6.8164e-01 6.9544e-01 7.2331e-01 7.2088e-01 7.3401e-01 8.6515e-01 1.2099e+00 1.2099e+00 1.6079e+00 1.4867e+00 1.3192e+00 1.1695e+00 1.0776e+00 1.1445e+00 1.3755e+00 1.3755e+00 1.6678e+00 1.6556e+00 1.5436e+00 1.4931e+00 1.3292e+00 1.3948e+00 1.2937e+00 1.1838e+00 1.1838e+00 1.2091e+00 1.3306e+00 1.3975e+00 1.3907e+00 1.4084e+00 1.4563e+00 1.4550e+00 1.3833e+00 1.4015e+00
-9.9990e+03 -9.9990e+03 -9.9990e+03 -9.9990e+03 -9.9990e+03 -9.9990e+03 -9.9990e+03 -9.9990e+03 -9.9990e+03 -9.9990e+03 -9.9990e+03 -9.9990e+03 -9.9990e+03 5.7812e-01 5.8949e-01 6.0655e-01 6.1269e-01 5.9835e-01 5.9263e-01 6.3803e-01 6.5386e-01 6.6585e-01 6.6494e-01 7.0246e-01 7.0246e-01 7.2226e-01 7.4122e-01 8.6696e-01 1.0059e+00 1.1840e+00 1.5945e+00 1.4724e+00 1.4724e+00 1.1725e+00 1.1715e+00 1.3330e+00 1.3082e+00 1.6186e+00 1.6188e+00 1.5153e+00 1.5436e+00 1.5468e+00 1.5235e+00 1.4388e+00 1.4388e+00 1.2999e+00 1.2122e+00 1.2699e+00 1.2972e+00 1.3975e+00 1.4614e+00 1.4784e+00 1.4563e+00 1.5039e+00 1.4860e+00 1.4821e+00
-9.9990e+03 -9.9990e+03 -9.9990e+03 -9.9990e+03 -9.9990e+03 -9.9990e+03 -9.9990e+03 -9.9990e+03 -9.9990e+03 -9.9990e+03 -9.9990e+03 -9.9990e+03 -9.9990e+03 5.3743e-01 5.6405e-01 6.0655e-01 6.0908e-01 5.8079e-01 5.8079e-01 6.0310e-01 6.6471e-01 6.8774e-01 6.6991e-01 6.8169e-01 6.8433e-01 7.0520e-01 7.4122e-01 7.8703e-01 9.7445e-01 1.3967e+00 1.3967e+00 1.5807e+00 1.3257e+00 1.3704e+00 1.4449e+00 1.3330e+00 1.7127e+00 1.6184e+00 1.5036e+00 1.5036e+00 1.5259e+00 1.5470e+00 1.5489e+00 1.5411e+00 1.4591e+00 1.4884e+00 1.3318e+00 1.3318e+00 1.3185e+00 1.4542e+00 1.5224e+00 1.4944e+00 1.5007e+00 1.5087e+00 1.5459e+00 1.4821e+00
-9.9990e+03 -9.9990e+03 -9.9990e+03 -9.9990e+03 -9.9990e+03 -9.9990e+03 -9.9990e+03 -9.9990e+03 -9.9990e+03 -9.9990e+03 -9.9990e+03 -9.9990e+03 -9.9990e+03 5.4692e-01 5.3983e-01 5.9254e-01 6.1026e-01 6.0633e-01 5.7422e-01 5.7719e-01 6.7369e-01 6.8774e-01 7.5279e-01 7.2240e-01 6.8604e-01 6.8604e-01 7.3673e-01 8.5847e-01 9.5925e-01 1.1317e+00 1.5247e+00 1.5607e+00 1.5395e+00 1.3704e+00 1.5738e+00 1.8962e+00 1.6761e+00 1.6761e+00 1.5366e+00 1.6163e+00 1.4282e+00 1.4836e+00 1.4694e+00 1.6025e+00 1.6067e+00 1.6067e+00 1.4723e+00 1.3265e+00 1.3787e+00 1.3945e+00 1.5224e+00 1.5391e+00 1.4942e+00 1.5282e+00 1.5282e+00 1.5601e+00
-9.9990e+03 -9.9990e+03 -9.9990e+03 -9.9990e+03 -9.9990e+03 -9.9990e+03 -9.9990e+03 -9.9990e+03 -9.9990e+03 -9.9990e+03 -9.9990e+03 -9.9990e+03 -9.9990e+03 5.4731e-01 5.5874e-01 5.5158e-01 6.1026e-01 6.1175e-01 5.7906e-01 6.1437e-01 6.1437e-01 7.5681e-01 8.0597e-01 8.1109e-01 7.1918e-01 7.0040e-01 7.2057e-01 8.5079e-01 9.5925e-01 1.0639e+00 1.4046e+00 1.6378e+00 1.6711e+00 1.7670e+00 2.2872e+00 1.9076e+00 1.7766e+00 1.6798e+00 1.7191e+00 1.4707e+00 1.4707e+00 1.3762e+00 1.5340e+00 1.5836e+00 1.6323e+00 1.5701e+00 1.4757e+00 1.4289e+00 1.3787e+00 1.4881e+00 1.5489e+00 1.5242e+00 1.5242e+00 1.4986e+00 1.5535e+00 1.5511e+00
-9.9990e+03 -9.9990e+03 -9.9990e+03 -9.9990e+03 -9.9990e+03 -9.9990e+03 -9.9990e+03 -9.9990e+03 -9.9990e+03 -9.9990e+03 -9.9990e+03 -9.9990e+03 -9.9990e+03 6.2101e-01 5.5874e-01 5.8064e-01 6.0278e-01 6.1120e-01 6.1120e-01 5.9994e-01 6.8196e-01 7.4690e-01 8.2916e-01 8.6013e-01 7.6419e-01 6.6892e-01 6.6892e-01 7.4752e-01 9.1387e-01 9.8624e-01 1.1710e+00 1.6378e+00 2.0022e+00 2.4911e+00 2.2872e+00 2.0574e+00 1.7650e+00 1.8645e+00 1.6955e+00 1.5652e+00 1.3418e+00 1.3641e+00 1.4980e+00 1.5836e+00 1.5417e+00 1.4713e+00 1.4605e+00 1.4605e+00 1.5320e+00 1.5585e+00 1.5721e+00 1.5520e+00 1.5176e+00 1.5182e+00 1.5223e+00 1.5223e+00
-9.9990e+03 -9.9990e+03 -9.9990e+03 -9.9990e+03 -9.9990e+03 -9.9990e+03 -9.9990e+03 -9.9990e+03 -9.9990e+03 -9.9990e+03 -9.9990e+03 -9.9990e+03 -9.9990e+03 6.8262e-01 6.2164e-01 6.3091e-01 6.2121e-01 6.1708e-01 6.3505e-01 6.5793e-01 6.7889e-01 6.7889e-01 7.9311e-01 8.3718e-01 7.9373e-01 6.9866e-01 6.6443e-01 6.6570e-01 8.1641e-01 9.8624e-01 1.2677e+00 1.8956e+00 2.5703e+00 2.5703e+00 2.2547e+00 1.8793e+00 2.0545e+00 1.9851e+00 1.6955e+00 1.4917e+00 1.3700e+00 1.3641e+00 1.4265e+00 1.4898e+00 1.4158e+00 1.4158e+00 1.4437e+00 1.5300e+00 1.5917e+00 1.5833e+00 1.5857e+00 1.5735e+00 1.5373e+00 1.5373e+00 1.5112e+00 1.5085e+00
-9.9990e+03 -9.9990e+03 -9.9990e+03 -9.9990e+03 -9.9990e+03 -9.9990e+03 -9.9990e+03 -9.9990e+03 -9.9990e+03 -9.9990e+03 -9.9990e+03 -9.9990e+03 -9.9990e+03 6.8920e-01 6.8295e-01 6.3091e-01 6.4355e-01 6.1943e-01 6.5073e-01 6.5073e-01 6.7170e-01 7.1618e-01 7.8222e-01 8.2734e-01 7.9373e-01 7.5662e-01 6.6411e-01 7.0536e-01 7.0536e-01 1.1165e+00 1.7671e+00 2.3060e+00 2.4518e+00 2.3309e+00 2.1740e+00 2.1412e+00 2.0545e+00 1.7802e+00 1.5506e+00 1.4765e+00 1.4310e+00 1.4312e+00 1.4711e+00 1.3457e+00 1.3693e+00 1.3415e+00 1.4956e+00 1.5623e+00 1.5623e+00 1.5797e+00 1.5967e+00 1.6271e+00 1.5828e+00 1.5355e+00 1.5149e+00 1.5687e+00
-9.9990e+03 -9.9990e+03 -9.9990e+03 -9.9990e+03 -9.9990e+03 -9.9990e+03 -9.9990e+03 -9.9990e+03 -9.9990e+03 -9.9990e+03 -9.9990e+03 -9.9990e+03 -9.9990e+03 7.3017e-01 7.3017e-01 7.0339e-01 6.3161e-01 6.3856e-01 6.3901e-01 6.7773e-01 6.7849e-01 7.1516e-01 7.8222e-01 8.3281e-01 8.3068e-01 7.3646e-01 7.3646e-01 6.8714e-01 1.0063e+00 1.4915e+00 1.6474e+00 2.1246e+00 2.1872e+00 2.1418e+00 2.1418e+00 2.1989e+00 1.7859e+00 1.5161e+00 1.5437e+00 1.4765e+00 1.5632e+00 1.5525e+00 1.4711e+00 1.3746e+00 1.3391e+00 1.4961e+00 1.5644e+00 1.5394e+00 1.5615e+00 1.5616e+00 1.6265e+00 1.6271e+00 1.6480e+00 1.5420e+00 1.5649e+00 1.5649e+00
-9.9990e+03 -9.9990e+03 -9.9990e+03 -9.9990e+03 -9.9990e+03 -9.9990e+03 -9.9990e+03 -9.9990e+03 -9.9990e+03 -9.9990e+03 -9.9990e+03 -9.9990e+03 -9.9990e+03 7.8555e-01 7.9290e-01 7.9951e-01 7.0043e-01 6.3856e-01 6.5222e-01 6.7835e-01 6.7593e-01 6.8212e-01 7.5030e-01 7.7947e-01 8.5069e-01 8.1954e-01 7.9946e-01 8.7669e-01 1.3319e+00 1.3319e+00 1.9205e+00 2.0798e+00 2.0506e+00 2.0913e+00 2.1973e+00 1.8625e+00 1.5311e+00 1.5161e+00 1.4172e+00 1.5539e+00 1.6161e+00 1.6161e+00 1.4590e+00 1.3821e+00 1.5462e+00 1.5219e+00 1.5644e+00 1.6183e+00 1.5517e+00 1.5616e+00 1.5772e+00 1.6536e+00 1.6302e+00 1.6190e+00 1.5906e+00 1.7104e+00
-9.9990e+03 -9.9990e+03 -9.9990e+03 -9.9990e+03 -9.9990e+03 -9.9990e+03 -9.9990e+03 -9.9990e+03 -9.9990e+03 -9.9990e+03 -9.9990e+03 -9.9990e+03 -9.9990e+03 8.5118e-01 8.7175e-01 8.7175e-01 7.9410e-01 7.1627e-01 7.2101e-01 6.6932e-01 6.7593e-01 6.8521e-01 7.2422e-01 7.7947e-01 8.0269e-01 8.3226e-01 8.5313e-01 8.5313e-01 1.1359e+00 1.6097e+00 1.5852e+00 1.8820e+00 2.0506e+00 2.2177e+00 1.8897e+00 1.5358e+00 1.5358e+00 1.4324e+00 1.5465e+00 1.6977e+00 1.6590e+00 1.5172e+00 1.6436e+00 1.6623e+00 1.6623e+00 1.6517e+00 1.6888e+00 1.6659e+00 1.6206e+00 1.5523e+00 1.5517e+00 1.5536e+00 1.6302e+00 1.6903e+00 1.7701e+00 1.8258e+00
-9.9990e+03 -9.9990e+03 -9.9990e+03 -9.9990e+03 -9.9990e+03 -9.9990e+03 -9.9990e+03 -9.9990e+03 -9.9990e+03 -9.9990e+03 -9.9990e+03 -9.9990e+03 -9.9990e+03 8.1778e-01 8.7324e-01 8.4797e-01 8.2164e-01 7.7168e-01 7.2101e-01 7.1134e-01 6.7760e-01 7.0229e-01 7.0229e-01 7.5473e-01 8.1249e-01 8.6668e-01 8.5737e-01 1.0391e+00 1.1161e+00 1.2962e+00 1.5852e+00 1.6290e+00 2.1528e+00 1.9621e+00 1.9621e+00 1.5897e+00 1.5452e+00 1.5717e+00 1.5595e+00 1.7499e+00 1.5913e+00 1.7161e+00 1.7161e+00 1.8366e+00 1.7520e+00 1.7735e+00 1.7287e+00 1.6659e+00 1.6911e+00 1.6023e+00 1.5517e+00 1.5074e+00 1.6245e+00 1.7889e+00 1.9066e+00 1.8814e+00
-9.9990e+03 -9.9990e+03 -9.9990e+03 -9.9990e+03 -9.9990e+03 -9.9990e+03 -9.9990e+03 -9.9990e+03 -9.9990e+03 -9.9990e+03 -9.9990e+03 -9.9990e+03 -9.9990e+03 8.1778e-01 8.1590e-01 8.3902e-01 8.2164e-01 7.9731e-01 7.6197e-01 7.1576e-01 7.3505e-01 7.0149e-01 7.3570e-01 7.6670e-01 8.4724e-01 8.6668e-01 9.2001e-01 9.7983e-01 1.0161e+00 1.0982e+00 1.3142e+00 1.5715e+00 1.9727e+00 2.0319e+00 1.8968e+00 1.6902e+00 1.6706e+00 1.6706e+00 1.7659e+00 1.6213e+00 1.7343e+00 1.7513e+00 2.0109e+00 2.1646e+00 1.9301e+00 1.7735e+00 1.7257e+00 1.7020e+00 1.7061e+00 1.7061e+00 1.5593e+00 1.5583e+00 1.6614e+00 1.7418e+00 1.9066e+00 1.9329e+00
