bias_correction/pipeline/U_3_s_1.1_d_221.asc
ncols        88
nrows        90
xllcorner    2777636
yllcorner    1185112
cellsize     25
NODATA_value -9999
[rows 50 to 74 of 90, columns 0 to 55 of 88]
-9.9990e+03 -9.9990e+03 -9.9990e+03 -9.9990e+03 -9.9990e+03 -9.9990e+03 -9.9990e+03 -9.9990e+03 -9.9990e+03 -9.9990e+03 -9.9990e+03 -9.9990e+03 -9.9990e+03 7.3655e-01 7.9961e-01 7.9961e-01 8.2086e-01 7.8093e-01 7.7449e-01 7.6524e-01 7.7841e-01 7.5572e-01 7.5140e-01 7.5140e-01 8.1974e-01 9.0277e-01 9.4797e-01 9.5834e-01 1.0161e+00 1.0547e+00 1.3378e+00 1.5715e+00 1.7243e+00 1.9766e+00 1.8809e+00 1.8809e+00 1.8285e+00 1.8649e+00 1.7165e+00 1.6359e+00 1.7343e+00 2.2590e+00 2.3688e+00 2.1596e+00 2.1596e+00 1.8515e+00 1.7284e+00 1.7314e+00 1.7211e+00 1.6732e+00 1.7017e+00 1.6854e+00 1.6854e+00 1.7702e+00 1.8837e+00 1.9446e+00
-9.9990e+03 -9.9990e+03 -9.9990e+03 -9.9990e+03 -9.9990e+03 -9.9990e+03 -9.9990e+03 -9.9990e+03 -9.9990e+03 -9.9990e+03 -9.9990e+03 -9.9990e+03 -9.9990e+03 6.7700e-01 7.2382e-01 7.1756e-01 7.4750e-01 7.6454e-01 7.6454e-01 7.8275e-01 7.7659e-01 7.5730e-01 7.5630e-01 7.8226e-01 8.2298e-01 9.2986e-01 9.4797e-01 9.9382e-01 1.0517e+00 1.1873e+00 1.1873e+00 1.4871e+00 1.8943e+00 2.0314e+00 2.0154e+00 2.0242e+00 2.2049e+00 1.8838e+00 1.7165e+00 1.6939e+00 2.1668e+00 2.4994e+00 2.4994e+00 2.3885e+00 2.3458e+00 2.0347e+00 1.8142e+00 1.7949e+00 1.7101e+00 1.7267e+00 1.7267e+00 1.7665e+00 1.7865e+00 1.7966e+00 1.7959e+00 1.9446e+00
-9.9990e+03 -9.9990e+03 -9.9990e+03 -9.9990e+03 -9.9990e+03 -9.9990e+03 -9.9990e+03 -9.9990e+03 -9.9990e+03 -9.9990e+03 -9.9990e+03 -9.9990e+03 -9.9990e+03 6.4587e-01 7.0562e-01 7.0706e-01 7.0706e-01 7.3165e-01 7.6536e-01 7.6290e-01 7.7408e-01 7.5730e-01 7.3981e-01 7.7350e-01 8.2298e-01 8.8219e-01 9.7989e-01 1.0331e+00 1.0975e+00 1.1545e+00 1.2909e+00 1.5185e+00 1.9045e+00 2.0314e+00 2.2727e+00 2.3604e+00 2.1776e+00 2.0440e+00 1.8605e+00 2.1848e+00 2.3573e+00 2.4443e+00 2.5626e+00 2.5408e+00 2.3036e+00 2.3036e+00 1.9954e+00 1.7825e+00 1.7985e+00 1.7302e+00 1.7794e+00 1.8770e+00 1.8649e+00 1.7966e+00 1.8400e+00 1.9455e+00
-9.9990e+03 -9.9990e+03 -9.9990e+03 -9.9990e+03 -9.9990e+03 -9.9990e+03 -9.9990e+03 -9.9990e+03 -9.9990e+03 -9.9990e+03 -9.9990e+03 -9.9990e+03 -9.9990e+03 7.1932e-01 7.5996e-01 7.2790e-01 7.0141e-01 7.1422e-01 7.5402e-01 7.6290e-01 7.5250e-01 7.2656e-01 7.3433e-01 7.3433e-01 8.1476e-01 8.6959e-01 9.7956e-01 1.0128e+00 1.0534e+00 1.1268e+00 1.4191e+00 1.4191e+00 1.7594e+00 2.1746e+00 2.4069e+00 2.4598e+00 2.1776e+00 2.1004e+00 2.3434e+00 2.1848e+00 2.3631e+00 2.5244e+00 2.5909e+00 2.5909e+00 2.5140e+00 2.2428e+00 2.1759e+00 1.9832e+00 1.7985e+00 1.8678e+00 1.9020e+00 1.9247e+00 1.9247e+00 1.8931e+00 1.9333e+00 2.0082e+00
-9.9990e+03 -9.9990e+03 -9.9990e+03 -9.9990e+03 -9.9990e+03 -9.9990e+03 -9.9990e+03 -9.9990e+03 -9.9990e+03 -9.9990e+03 -9.9990e+03 -9.9990e+03 -9.9990e+03 7.1582e-01 7.5996e-01 7.8427e-01 7.5998e-01 7.6412e-01 7.3849e-01 7.6299e-01 7.5433e-01 7.1039e-01 7.0971e-01 7.0392e-01 7.7893e-01 9.2129e-01 9.2129e-01 1.0203e+00 1.0402e+00 1.0510e+00 1.2268e+00 1.7267e+00 2.0906e+00 2.3493e+00 2.4069e+00 2.3539e+00 2.2058e+00 2.4537e+00 2.4537e+00 2.5386e+00 2.5269e+00 2.7558e+00 2.6696e+00 2.6238e+00 2.6072e+00 2.3859e+00 2.1759e+00 2.2179e+00 2.0989e+00 2.2209e+00 1.9760e+00 1.9728e+00 2.0425e+00 2.0408e+00 1.9657e+00 2.0246e+00
-9.9990e+03 -9.9990e+03 -9.9990e+03 -9.9990e+03 -9.9990e+03 -9.9990e+03 -9.9990e+03 -9.9990e+03 -9.9990e+03 -9.9990e+03 -9.9990e+03 -9.9990e+03 -9.9990e+03 5.8893e-01 7.5239e-01 7.8490e-01 8.0571e-01 7.6412e-01 7.7771e-01 7.7367e-01 7.5433e-01 7.4379e-01 7.0120e-01 7.0007e-01 7.0007e-01 8.1881e-01 9.6891e-01 9.7231e-01 1.0178e+00 1.0510e+00 1.1350e+00 1.7689e+00 2.4976e+00 2.4976e+00 2.4671e+00 2.2763e+00 2.4887e+00 2.4710e+00 2.7105e+00 2.7774e+00 2.8137e+00 2.8137e+00 3.0144e+00 2.7850e+00 2.6895e+00 2.5279e+00 2.4643e+00 2.7296e+00 2.5751e+00 2.2209e+00 2.3161e+00 2.1380e+00 2.1286e+00 2.1286e+00 2.0873e+00 2.0761e+00
-9.9990e+03 -9.9990e+03 -9.9990e+03 -9.9990e+03 -9.9990e+03 -9.9990e+03 -9.9990e+03 -9.9990e+03 -9.9990e+03 -9.9990e+03 -9.9990e+03 -9.9990e+03 -9.9990e+03 5.6658e-01 7.1244e-01 7.8490e-01 7.9929e-01 8.0889e-01 7.8278e-01 7.8278e-01 7.6688e-01 7.3009e-01 7.1669e-01 6.8141e-01 6.9616e-01 6.9730e-01 8.8165e-01 9.7231e-01 9.5903e-01 1.1180e+00 1.2376e+00 1.2376e+00 2.0955e+00 2.3748e+00 3.0659e+00 2.4915e+00 2.6444e+00 2.7120e+00 2.8317e+00 2.8317e+00 2.8378e+00 3.1241e+00 3.1152e+00 2.9748e+00 2.6895e+00 2.8124e+00 2.8995e+00 2.7296e+00 2.9409e+00 2.6920e+00 2.4088e+00 2.4088e+00 2.2352e+00 2.1947e+00 2.2487e+00 2.0499e+00
-9.9990e+03 -9.9990e+03 -9.9990e+03 -9.9990e+03 -9.9990e+03 -9.9990e+03 -9.9990e+03 -9.9990e+03 -9.9990e+03 -9.9990e+03 -9.9990e+03 -9.9990e+03 -9.9990e+03 5.6658e-01 6.4729e-01 7.5931e-01 8.0442e-01 8.0442e-01 7.9815e-01 7.7811e-01 7.5675e-01 7.3726e-01 7.1669e-01 6.8722e-01 6.1879e-01 6.3402e-01 7.3761e-01 8.8773e-01 8.7755e-01 9.4187e-01 1.2757e+00 1.4389e+00 1.5619e+00 2.6526e+00 2.6526e+00 3.4606e+00 2.9323e+00 3.1726e+00 2.7913e+00 2.8145e+00 2.9557e+00 3.1117e+00 3.1152e+00 2.9412e+00 2.8699e+00 3.0920e+00 3.0920e+00 3.0947e+00 3.0853e+00 3.1588e+00 2.7871e+00 2.5438e+00 2.6686e+00 2.4144e+00 2.2487e+00 2.1608e+00
-9.9990e+03 -9.9990e+03 -9.9990e+03 -9.9990e+03 -9.9990e+03 -9.9990e+03 -9.9990e+03 -9.9990e+03 -9.9990e+03 -9.9990e+03 -9.9990e+03 -9.9990e+03 -9.9990e+03 6.2862e-01 7.0117e-01 7.2173e-01 7.7922e-01 7.7390e-01 7.8170e-01 7.6975e-01 7.6975e-01 7.3435e-01 7.2118e-01 7.0339e-01 6.5031e-01 6.3402e-01 7.1106e-01 8.4800e-01 8.7755e-01 8.6109e-01 9.3393e-01 1.5939e+00 1.5939e+00 1.8097e+00 2.9947e+00 3.4008e+00 3.9680e+00 3.1726e+00 3.2727e+00 2.9063e+00 2.9437e+00 2.9437e+00 2.9421e+00 2.9260e+00 3.1444e+00 3.1053e+00 3.2565e+00 3.3698e+00 3.3042e+00 3.3042e+00 3.3711e+00 3.1150e+00 3.2174e+00 2.7755e+00 2.3399e+00 2.1792e+00
-9.9990e+03 -9.9990e+03 -9.9990e+03 -9.9990e+03 -9.9990e+03 -9.9990e+03 -9.9990e+03 -9.9990e+03 -9.9990e+03 -9.9990e+03 -9.9990e+03 -9.9990e+03 -9.9990e+03 6.5134e-01 6.9058e-01 6.9058e-01 7.1889e-01 7.7291e-01 7.5020e-01 7.5697e-01 7.4258e-01 7.2140e-01 7.1911e-01 7.0339e-01 7.0741e-01 7.0728e-01 7.9257e-01 7.9257e-01 8.7504e-01 8.3654e-01 8.1716e-01 9.0353e-01 1.7994e+00 2.0030e+00 2.2953e+00 3.4008e+00 3.9609e+00 4.8624e+00 5.2679e+00 3.3902e+00 2.8571e+00 2.6450e+00 2.6830e+00 2.8962e+00 3.1342e+00 3.3193e+00 3.3778e+00 3.3778e+00 3.4365e+00 3.5266e+00 3.6416e+00 3.5193e+00 3.2174e+00 3.1540e+00 2.5510e+00 2.1792e+00
-9.9990e+03 -9.9990e+03 -9.9990e+03 -9.9990e+03 -9.9990e+03 -9.9990e+03 -9.9990e+03 -9.9990e+03 -9.9990e+03 -9.9990e+03 -9.9990e+03 -9.9990e+03 -9.9990e+03 -9.9990e+03 6.6268e-01 6.9651e-01 7.1249e-01 7.2370e-01 7.5020e-01 7.2532e-01 7.0557e-01 7.2140e-01 7.2251e-01 7.4984e-01 7.5666e-01 8.0631e-01 7.7964e-01 8.5036e-01 8.7132e-01 8.9304e-01 8.9304e-01 8.0828e-01 7.7268e-01 7.1515e-01 2.1368e+00 2.5397e+00 2.7509e+00 4.7609e+00 5.2679e+00 5.7498e+00 3.3444e+00 2.4987e+00 2.4987e+00 2.8872e+00 3.3369e+00 3.2967e+00 3.3349e+00 3.4219e+00 3.6157e+00 3.7211e+00 3.6416e+00 3.6747e+00 3.5401e+00 3.0392e+00 3.0392e+00 2.4265e+00
-9.9990e+03 -9.9990e+03 -9.9990e+03 -9.9990e+03 -9.9990e+03 -9.9990e+03 -9.9990e+03 -9.9990e+03 -9.9990e+03 -9.9990e+03 -9.9990e+03 -9.9990e+03 -9.9990e+03 -9.9990e+03 -9.9990e+03 6.7766e-01 7.1249e-01 7.2968e-01 7.1491e-01 7.1255e-01 7.1255e-01 7.1373e-01 7.5302e-01 8.1134e-01 8.0162e-01 8.3331e-01 8.4773e-01 8.6204e-01 8.6204e-01 8.8141e-01 9.1952e-01 9.5553e-01 7.8661e-01 7.1515e-01 6.0031e-01 2.4801e+00 2.7509e+00 2.9376e+00 5.1887e+00 6.1275e+00 6.1275e+00 3.2228e+00 2.6255e+00 2.8597e+00 3.0732e+00 3.2967e+00 3.2107e+00 3.5020e+00 3.6997e+00 3.6997e+00 3.7258e+00 3.6576e+00 3.6161e+00 3.4575e+00 3.3383e+00 2.8461e+00
-9.9990e+03 -9.9990e+03 -9.9990e+03 -9.9990e+03 -9.9990e+03 -9.9990e+03 -9.9990e+03 -9.9990e+03 -9.9990e+03 -9.9990e+03 -9.9990e+03 -9.9990e+03 -9.9990e+03 -9.9990e+03 -9.9990e+03 -9.9990e+03 6.9670e-01 7.2820e-01 7.7444e-01 7.2643e-01 7.5783e-01 7.7194e-01 8.0246e-01 8.0246e-01 8.3938e-01 8.5590e-01 8.6413e-01 8.6324e-01 8.6648e-01 8.7127e-01 9.1231e-01 9.5553e-01 9.6682e-01 7.1441e-01 5.0136e-01 5.0136e-01 2.7216e+00 3.1655e+00 3.4142e+00 5.5394e+00 6.3995e+00 6.7710e+00 3.5493e+00 2.8597e+00 2.8640e+00 2.8669e+00 2.9263e+00 3.3501e+00 3.6586e+00 3.7636e+00 3.7945e+00 3.7300e+00 3.7162e+00 3.5508e+00 3.2346e+00 3.2346e+00
-9.9990e+03 -9.9990e+03 -9.9990e+03 -9.9990e+03 -9.9990e+03 -9.9990e+03 -9.9990e+03 -9.9990e+03 -9.9990e+03 -9.9990e+03 -9.9990e+03 -9.9990e+03 -9.9990e+03 -9.9990e+03 -9.9990e+03 -9.9990e+03 -9.9990e+03 7.2820e-01 7.6565e-01 8.0802e-01 8.0035e-01 8.0035e-01 8.2381e-01 8.3182e-01 8.4802e-01 8.5703e-01 8.6413e-01 8.7814e-01 8.7508e-01 8.7127e-01 8.8669e-01 9.2214e-01 9.6073e-01 9.3925e-01 6.4749e-01 3.9792e-01 3.7620e-01 3.3354e+00 3.3354e+00 3.6113e+00 5.9318e+00 6.2376e+00 7.4243e+00 3.7954e+00 3.8193e+00 2.7578e+00 2.9263e+00 3.1159e+00 3.8471e+00 3.8631e+00 3.8631e+00 3.8224e+00 3.6778e+00 3.6216e+00 3.4912e+00 3.1302e+00
-9.9990e+03 -9.9990e+03 -9.9990e+03 -9.9990e+03 -9.9990e+03 -9.9990e+03 -9.9990e+03 -9.9990e+03 -9.9990e+03 -9.9990e+03 -9.9990e+03 -9.9990e+03 -9.9990e+03 -9.9990e+03 -9.9990e+03 -9.9990e+03 -9.9990e+03 -9.9990e+03 7.9976e-01 8.3285e-01 8.4245e-01 8.4395e-01 8.7070e-01 8.6595e-01 8.4802e-01 8.5197e-01 8.7417e-01 8.8400e-01 8.8400e-01 8.8933e-01 8.8704e-01 8.7932e-01 9.2137e-01 8.9890e-01 9.1815e-01 5.4232e-01 5.4232e-01 3.0860e-01 3.5414e+00 3.7895e+00 3.8283e+00 6.2376e+00 6.7836e+00 8.5316e+00 3.8193e+00 3.8688e+00 2.8532e+00 3.4203e+00 3.4203e+00 4.0266e+00 3.9303e+00 3.9464e+00 3.8001e+00 3.6216e+00 3.5501e+00 3.2869e+00
-9.9990e+03 -9.9990e+03 -9.9990e+03 -9.9990e+03 -9.9990e+03 -9.9990e+03 -9.9990e+03 -9.9990e+03 -9.9990e+03 -9.9990e+03 -9.9990e+03 -9.9990e+03 -9.9990e+03 -9.9990e+03 -9.9990e+03 -9.9990e+03 -9.9990e+03 -9.9990e+03 -9.9990e+03 8.3285e-01 8.5258e-01 8.8880e-01 8.9570e-01 8.8106e-01 8.6915e-01 8.8015e-01 8.5501e-01 8.7452e-01 8.7480e-01 8.8515e-01 8.5903e-01 8.5903e-01 8.4174e-01 8.8564e-01 8.8212e-01 9.1962e-01 5.1420e-01 5.1638e-01 1.1199e-01 3.7895e+00 3.9781e+00 4.6248e+00 7.2001e+00 7.2001e+00 8.9174e+00 4.0734e+00 4.3461e+00 3.0400e+00 3.6445e+00 3.7717e+00 4.0969e+00 4.0969e+00 3.9356e+00 3.7535e+00 3.7546e+00 3.4839e+00
-9.9990e+03 -9.9990e+03 -9.9990e+03 -9.9990e+03 -9.9990e+03 -9.9990e+03 -9.9990e+03 -9.9990e+03 -9.9990e+03 -9.9990e+03 -9.9990e+03 -9.9990e+03 -9.9990e+03 -9.9990e+03 -9.9990e+03 -9.9990e+03 -9.9990e+03 -9.9990e+03 -9.9990e+03 -9.9990e+03 -9.9990e+03 8.6534e-01 8.9570e-01 9.0163e-01 8.9136e-01 8.8015e-01 8.8471e-01 8.5791e-01 8.7604e-01 8.7604e-01 8.6101e-01 8.0246e-01 7.6160e-01 8.0588e-01 8.8212e-01 9.1610e-01 9.5577e-01 5.1638e-01 5.0209e-01 -1.4342e-03 4.2781e+00 4.4583e+00 5.0513e+00 5.4160e+00 8.0781e+00 1.0021e+01 1.0021e+01 4.6402e+00 3.3524e+00 3.4303e+00 3.7608e+00 4.1170e+00 3.9823e+00 3.8729e+00 3.7546e+00 4.0551e+00
-9.9990e+03 -9.9990e+03 -9.9990e+03 -9.9990e+03 -9.9990e+03 -9.9990e+03 -9.9990e+03 -9.9990e+03 -9.9990e+03 -9.9990e+03 -9.9990e+03 -9.9990e+03 -9.9990e+03 -9.9990e+03 -9.9990e+03 -9.9990e+03 -9.9990e+03 -9.9990e+03 -9.9990e+03 -9.9990e+03 -9.9990e+03 -9.9990e+03 8.7949e-01 9.1027e-01 9.1027e-01 8.9742e-01 8.9411e-01 9.0767e-01 8.6835e-01 8.7834e-01 8.8884e-01 8.0173e-01 7.6160e-01 7.6046e-01 8.4776e-01 9.1329e-01 9.6283e-01 9.7605e-01 9.6918e-01 4.3524e-01 -1.3326e-01 -2.8441e-01 4.7222e+00 5.6796e+00 5.6796e+00 8.7113e+00 1.0705e+01 1.1226e+01 4.8578e+00 3.4303e+00 3.4106e+00 3.5696e+00 3.9823e+00 3.8914e+00 4.0589e+00 4.6251e+00
-9.9990e+03 -9.9990e+03 -9.9990e+03 -9.9990e+03 -9.9990e+03 -9.9990e+03 -9.9990e+03 -9.9990e+03 -9.9990e+03 -9.9990e+03 -9.9990e+03 -9.9990e+03 -9.9990e+03 -9.9990e+03 -9.9990e+03 -9.9990e+03 -9.9990e+03 -9.9990e+03 -9.9990e+03 -9.9990e+03 -9.9990e+03 -9.9990e+03 -9.9990e+03 8.7587e-01 9.2121e-01 9.3737e-01 9.1833e-01 9.1833e-01 9.4097e-01 9.5245e-01 1.0041e+00 8.9880e-01 7.9468e-01 7.9951e-01 8.3511e-01 9.1329e-01 9.8080e-01 1.0058e+00 9.4680e-01 9.4680e-01 3.2905e-01 -4.2376e-01 -5.2003e-01 4.9116e+00 6.0554e+00 6.3724e+00 9.8504e+00 1.1226e+01 1.1573e+01 4.9744e+00 3.2005e+00 3.2005e+00 3.4974e+00 4.0288e+00 4.2442e+00 4.4869e+00
-9.9990e+03 -9.9990e+03 -9.9990e+03 -9.9990e+03 -9.9990e+03 -9.9990e+03 -9.9990e+03 -9.9990e+03 -9.9990e+03 -9.9990e+03 -9.9990e+03 -9.9990e+03 -9.9990e+03 -9.9990e+03 -9.9990e+03 -9.9990e+03 -9.9990e+03 -9.9990e+03 -9.9990e+03 -9.9990e+03 -9.9990e+03 -9.9990e+03 -9.9990e+03 -9.9990e+03 8.9658e-01 8.9658e-01 9.5027e-01 9.4244e-01 1.0069e+00 1.0142e+00 1.0041e+00 1.0359e+00 8.8456e-01 7.9951e-01 8.0482e-01 8.8802e-01 1.0118e+00 1.0118e+00 9.7552e-01 9.2851e-01 9.2621e-01 2.2330e-01 -5.2003e-01 -5.8634e-01 5.3228e+00 6.5095e+00 6.5095e+00 9.8855e+00 1.1780e+01 1.1772e+01 4.7584e+00 4.6074e+00 3.1470e+00 3.6446e+00 3.6446e+00 4.1630e+00
-9.9990e+03 -9.9990e+03 -9.9990e+03 -9.9990e+03 -9.9990e+03 -9.9990e+03 -9.9990e+03 -9.9990e+03 -9.9990e+03 -9.9990e+03 -9.9990e+03 -9.9990e+03 -9.9990e+03 -9.9990e+03 -9.9990e+03 -9.9990e+03 -9.9990e+03 -9.9990e+03 -9.9990e+03 -9.9990e+03 -9.9990e+03 -9.9990e+03 -9.9990e+03 -9.9990e+03 -9.9990e+03 8.9413e-01 8.9292e-01 9.9526e-01 1.0069e+00 1.1145e+00 1.1700e+00 1.0206e+00 1.0206e+00 8.5418e-01 8.0662e-01 8.2913e-01 9.3752e-01 1.0008e+00 9.6917e-01 9.2076e-01 9.2621e-01 9.4287e-01 1.2209e-01 3.5242e-02 -6.7565e-01 5.4431e+00 5.5712e+00 6.7360e+00 9.8190e+00 9.8865e+00 1.1703e+01 4.5404e+00 4.5404e+00 3.1692e+00 3.5247e+00 3.4817e+00
-9.9990e+03 -9.9990e+03 -9.9990e+03 -9.9990e+03 -9.9990e+03 -9.9990e+03 -9.9990e+03 -9.9990e+03 -9.9990e+03 -9.9990e+03 -9.9990e+03 -9.9990e+03 -9.9990e+03 -9.9990e+03 -9.9990e+03 -9.9990e+03 -9.9990e+03 -9.9990e+03 -9.9990e+03 -9.9990e+03 -9.9990e+03 -9.9990e+03 -9.9990e+03 -9.9990e+03 -9.9990e+03 -9.9990e+03 8.9292e-01 9.2036e-01 1.0681e+00 1.2239e+00 1.2239e+00 1.1947e+00 9.6966e-01 8.8387e-01 7.8221e-01 7.8221e-01 8.5864e-01 9.6218e-01 9.5424e-01 9.4379e-01 9.3278e-01 9.4751e-01 9.5864e-01 3.5242e-02 -7.0365e-02 -8.9094e-01 5.7501e+00 5.7501e+00 6.9084e+00 9.8103e+00 9.5821e+00 1.1553e+01 4.5767e+00 4.3615e+00 2.8223e+00 3.4817e+00
-9.9990e+03 -9.9990e+03 -9.9990e+03 -9.9990e+03 -9.9990e+03 -9.9990e+03 -9.9990e+03 -9.9990e+03 -9.9990e+03 -9.9990e+03 -9.9990e+03 -9.9990e+03 -9.9990e+03 -9.9990e+03 -9.9990e+03 -9.9990e+03 -9.9990e+03 -9.9990e+03 -9.9990e+03 -9.9990e+03 -9.9990e+03 -9.9990e+03 -9.9990e+03 -9.9990e+03 -9.9990e+03 -9.9990e+03 -9.9990e+03 -9.9990e+03 1.1098e+00 1.1751e+00 1.2873e+00 1.3093e+00 1.0690e+00 1.0690e+00 8.0897e-01 7.7945e-01 7.9533e-01 8.8375e-01 9.5424e-01 9.5625e-01 9.5150e-01 9.4751e-01 9.5149e-01 9.4416e-01 -1.2222e-01 -1.2222e-01 -9.4794e-01 5.8842e+00 5.9029e+00 6.8928e+00 9.5821e+00 9.2815e+00 1.1291e+01 4.1334e+00 4.1334e+00 3.1864e+00
-9.9990e+03 -9.9990e+03 -9.9990e+03 -9.9990e+03 -9.9990e+03 -9.9990e+03 -9.9990e+03 -9.9990e+03 -9.9990e+03 -9.9990e+03 -9.9990e+03 -9.9990e+03 -9.9990e+03 -9.9990e+03 -9.9990e+03 -9.9990e+03 -9.9990e+03 -9.9990e+03 -9.9990e+03 -9.9990e+03 -9.9990e+03 -9.9990e+03 -9.9990e+03 -9.9990e+03 -9.9990e+03 -9.9990e+03 -9.9990e+03 -9.9990e+03 -9.9990e+03 1.2362e+00 1.3693e+00 1.3470e+00 1.2310e+00 9.6861e-01 8.8573e-01 7.4961e-01 7.9533e-01 8.2765e-01 9.2046e-01 9.5919e-01 9.5919e-01 9.5257e-01 9.4372e-01 9.3117e-01 9.2397e-01 -1.6716e-01 -1.8790e-01 -1.0366e+00 -1.0366e+00 5.8937e+00 6.8033e+00 7.1291e+00 9.2065e+00 1.1014e+01 1.1139e+01 5.0756e+00
-9.9990e+03 -9.9990e+03 -9.9990e+03 -9.9990e+03 -9.9990e+03 -9.9990e+03 -9.9990e+03 -9.9990e+03 -9.9990e+03 -9.9990e+03 -9.9990e+03 -9.9990e+03 -9.9990e+03 -9.9990e+03 -9.9990e+03 -9.9990e+03 -9.9990e+03 -9.9990e+03 -9.9990e+03 -9.9990e+03 -9.9990e+03 -9.9990e+03 -9.9990e+03 -9.9990e+03 -9.9990e+03 -9.9990e+03 -9.9990e+03 -9.9990e+03 -9.9990e+03 -9.9990e+03 1.3403e+00 1.3470e+00 1.2608e+00 1.0623e+00 8.8573e-01 8.3528e-01 7.6522e-01 8.6025e-01 8.6025e-01 9.3653e-01 9.5481e-01 9.7315e-01 9.5455e-01 9.5455e-01 9.2498e-01 9.1828e-01 9.2405e-01 -2.3193e-01 -1.0660e+00 -1.1120e+00 6.1851e+00 7.1291e+00 7.2624e+00 9.0210e+00 1.1672e+01 1.1672e+01
