bias_correction/pipeline/U_4_s_1.4_d_290.asc
ncols        88
nrows        90
xllcorner    2777636
yllcorner    1185112
cellsize     25
NODATA_value -9999
[rows 25 to 49 of 90, columns 0 to 55 of 88]
-9.9990e+03 -9.9990e+03 -9.9990e+03 -9.9990e+03 -9.9990e+03 -9.9990e+03 -9.9990e+03 -9.9990e+03 -9.9990e+03 -9.9990e+03 -9.9990e+03 -9.9990e+03 -9.9990e+03 -9.9990e+03 -9.9990e+03 -9.9990e+03 -9.9990e+03 -9.9990e+03 1.3509e+00 1.3288e+00 1.3849e+00 1.2971e+00 1.2971e+00 1.2452e+00 1.2325e+00 1.2214e+00 1.2522e+00 1.3285e+00 1.3669e+00 1.4001e+00 1.5770e+00 2.0057e+00 2.2688e+00 2.3736e+00 2.0294e+00 1.9823e+00 1.7349e+00 1.4866e+00 1.4402e+00 1.4402e+00 1.2949e+00 1.3507e+00 1.3926e+00 1.3698e+00 1.2301e+00 1.1630e+00 1.1608e+00 1.1822e+00 1.1844e+00 1.1531e+00 1.3416e+00 1.7287e+00 2.4672e+00 2.5681e+00 2.3091e+00 2.0806e+00
-9.9990e+03 -9.9990e+03 -9.9990e+03 -9.9990e+03 -9.9990e+03 -9.9990e+03 -9.9990e+03 -9.9990e+03 -9.9990e+03 -9.9990e+03 -9.9990e+03 -9.9990e+03 -9.9990e+03 -9.9990e+03 -9.9990e+03 -9.9990e+03 -9.9990e+03 -9.9990e+03 1.2484e+00 1.2046e+00 1.3208e+00 1.3001e+00 1.2633e+00 1.2194e+00 1.2389e+00 1.4060e+00 1.4436e+00 1.4817e+00 1.4817e+00 1.4454e+00 1.7377e+00 2.1729e+00 2.4173e+00 2.2879e+00 1.7957e+00 1.7379e+00 1.5689e+00 1.3820e+00 1.3281e+00 1.2308e+00 1.1863e+00 1.3297e+00 1.3763e+00 1.2627e+00 1.1720e+00 1.1720e+00 1.1608e+00 1.2182e+00 1.2467e+00 1.1909e+00 1.2839e+00 1.5358e+00 2.1399e+00 2.4690e+00 2.3754e+00 1.8777e+00
-9.9990e+03 -9.9990e+03 -9.9990e+03 -9.9990e+03 -9.9990e+03 -9.9990e+03 -9.9990e+03 -9.9990e+03 -9.9990e+03 -9.9990e+03 -9.9990e+03 -9.9990e+03 -9.9990e+03 -9.9990e+03 -9.9990e+03 -9.9990e+03 -9.9990e+03 -9.9990e+03 1.1845e+00 1.1270e+00 1.2567e+00 1.3065e+00 1.2897e+00 1.2238e+00 1.2593e+00 1.4700e+00 1.5642e+00 1.6102e+00 1.6198e+00 1.8820e+00 2.3273e+00 2.3594e+00 2.1009e+00 1.6567e+00 1.6567e+00 1.5876e+00 1.4820e+00 1.3820e+00 1.2703e+00 1.1995e+00 1.1863e+00 1.2663e+00 1.3371e+00 1.3062e+00 1.2181e+00 1.1812e+00 1.2277e+00 1.2846e+00 1.3160e+00 1.3271e+00 1.3271e+00 1.4772e+00 1.8662e+00 2.2445e+00 2.3129e+00 2.0006e+00
-9.9990e+03 -9.9990e+03 -9.9990e+03 -9.9990e+03 -9.9990e+03 -9.9990e+03 -9.9990e+03 -9.9990e+03 -9.9990e+03 -9.9990e+03 -9.9990e+03 -9.9990e+03 -9.9990e+03 -9.9990e+03 -9.9990e+03 -9.9990e+03 -9.9990e+03 1.1706e+00 1.1458e+00 1.2458e+00 1.3087e+00 1.3403e+00 1.3328e+00 1.2456e+00 1.3202e+00 1.5698e+00 1.6712e+00 1.6600e+00 1.6198e+00 1.9193e+00 2.3702e+00 2.3594e+00 1.9536e+00 1.6022e+00 1.5316e+00 1.4633e+00 1.3446e+00 1.2351e+00 1.1792e+00 1.1792e+00 1.1647e+00 1.2334e+00 1.2897e+00 1.3119e+00 1.2617e+00 1.2300e+00 1.2316e+00 1.2933e+00 1.3343e+00 1.3863e+00 1.4926e+00 1.6061e+00 2.0045e+00 2.1452e+00 2.0115e+00 1.8400e+00
-9.9990e+03 -9.9990e+03 -9.9990e+03 -9.9990e+03 -9.9990e+03 -9.9990e+03 -9.9990e+03 -9.9990e+03 -9.9990e+03 -9.9990e+03 -9.9990e+03 -9.9990e+03 -9.9990e+03 -9.9990e+03 -9.9990e+03 -9.9990e+03 -9.9990e+03 1.2456e+00 1.2823e+00 1.3808e+00 1.3623e+00 1.3993e+00 1.3328e+00 1.4410e+00 1.6585e+00 1.7182e+00 1.6474e+00 1.5390e+00 1.5891e+00 1.8239e+00 2.3259e+00 2.3897e+00 1.9728e+00 1.6251e+00 1.5115e+00 1.4570e+00 1.3598e+00 1.2443e+00 1.1965e+00 1.2097e+00 1.2378e+00 1.2700e+00 1.2231e+00 1.2602e+00 1.2662e+00 1.2662e+00 1.2500e+00 1.2978e+00 1.3342e+00 1.4108e+00 1.5030e+00 1.5526e+00 1.7921e+00 1.9475e+00 1.9274e+00 1.9034e+00
-9.9990e+03 -9.9990e+03 -9.9990e+03 -9.9990e+03 -9.9990e+03 -9.9990e+03 -9.9990e+03 -9.9990e+03 -9.9990e+03 -9.9990e+03 -9.9990e+03 -9.9990e+03 -9.9990e+03 -9.9990e+03 -9.9990e+03 -9.9990e+03 1.3894e+00 1.3894e+00 1.4541e+00 1.3808e+00 1.4280e+00 1.4224e+00 1.3984e+00 1.5158e+00 1.7115e+00 1.7057e+00 1.5898e+00 1.4725e+00 1.6861e+00 2.1867e+00 2.5583e+00 2.1464e+00 1.7262e+00 1.5373e+00 1.5127e+00 1.4535e+00 1.3659e+00 1.2693e+00 1.2327e+00 1.2650e+00 1.2772e+00 1.2866e+00 1.1941e+00 1.2089e+00 1.2513e+00 1.3441e+00 1.3378e+00 1.3476e+00 1.3629e+00 1.4823e+00 1.5116e+00 1.5116e+00 1.6493e+00 1.7774e+00 1.9274e+00 1.8953e+00
-9.9990e+03 -9.9990e+03 -9.9990e+03 -9.9990e+03 -9.9990e+03 -9.9990e+03 -9.9990e+03 -9.9990e+03 -9.9990e+03 -9.9990e+03 -9.9990e+03 -9.9990e+03 -9.9990e+03 -9.9990e+03 -9.9990e+03 -9.9990e+03 1.4922e+00 1.5806e+00 1.6171e+00 1.4708e+00 1.3935e+00 1.4003e+00 1.5514e+00 1.5514e+00 1.7279e+00 1.6702e+00 1.5188e+00 1.4082e+00 1.5741e+00 2.0307e+00 2.5258e+00 2.3398e+00 1.9107e+00 1.6216e+00 1.4590e+00 1.3623e+00 1.2840e+00 1.2758e+00 1.3294e+00 1.3771e+00 1.3283e+00 1.3215e+00 1.1933e+00 1.1384e+00 1.1935e+00 1.3552e+00 1.4277e+00 1.4052e+00 1.3629e+00 1.4325e+00 1.4693e+00 1.5557e+00 1.6643e+00 1.7512e+00 1.8516e+00 1.8335e+00
-9.9990e+03 -9.9990e+03 -9.9990e+03 -9.9990e+03 -9.9990e+03 -9.9990e+03 -9.9990e+03 -9.9990e+03 -9.9990e+03 -9.9990e+03 -9.9990e+03 -9.9990e+03 -9.9990e+03 -9.9990e+03 -9.9990e+03 -9.9990e+03 1.5506e+00 1.6479e+00 1.6572e+00 1.4468e+00 1.3148e+00 1.3561e+00 1.5754e+00 1.7313e+00 1.5715e+00 1.4451e+00 1.3596e+00 1.4637e+00 1.8867e+00 1.8867e+00 2.4114e+00 2.4810e+00 2.1338e+00 1.7733e+00 1.4814e+00 1.3675e+00 1.2834e+00 1.3022e+00 1.3862e+00 1.3771e+00 1.3551e+00 1.2036e+00 1.0845e+00 1.1293e+00 1.3452e+00 1.3552e+00 1.5230e+00 1.5001e+00 1.3445e+00 1.3775e+00 1.4322e+00 1.5031e+00 1.5954e+00 1.6737e+00 1.7766e+00 1.7833e+00
-9.9990e+03 -9.9990e+03 -9.9990e+03 -9.9990e+03 -9.9990e+03 -9.9990e+03 -9.9990e+03 -9.9990e+03 -9.9990e+03 -9.9990e+03 -9.9990e+03 -9.9990e+03 -9.9990e+03 -9.9990e+03 -9.9990e+03 1.5882e+00 1.6574e+00 1.6579e+00 1.6579e+00 1.4318e+00 1.2833e+00 1.3206e+00 1.5537e+00 1.6928e+00 1.5312e+00 1.3798e+00 1.3279e+00 1.4326e+00 1.7646e+00 2.2455e+00 2.5754e+00 2.3571e+00 1.9698e+00 1.5344e+00 1.5344e+00 1.3879e+00 1.2834e+00 1.3151e+00 1.4247e+00 1.4203e+00 1.3770e+00 1.2133e+00 1.0608e+00 1.1024e+00 1.3451e+00 1.5892e+00 1.5931e+00 1.4072e+00 1.3427e+00 1.4101e+00 1.4715e+00 1.4780e+00 1.5607e+00 1.6117e+00 1.6924e+00 1.7232e+00
-9.9990e+03 -9.9990e+03 -9.9990e+03 -9.9990e+03 -9.9990e+03 -9.9990e+03 -9.9990e+03 -9.9990e+03 -9.9990e+03 -9.9990e+03 -9.9990e+03 -9.9990e+03 -9.9990e+03 -9.9990e+03 -9.9990e+03 1.5904e+00 1.6545e+00 1.6441e+00 1.4461e+00 1.2966e+00 1.3309e+00 1.4377e+00 1.6191e+00 1.5171e+00 1.5171e+00 1.3400e+00 1.3004e+00 1.4326e+00 1.6623e+00 2.0442e+00 2.5754e+00 2.5574e+00 2.1891e+00 1.6314e+00 1.4451e+00 1.3376e+00 1.3202e+00 1.4380e+00 1.4674e+00 1.3908e+00 1.3908e+00 1.2248e+00 1.0617e+00 1.1085e+00 1.3633e+00 1.6319e+00 1.6591e+00 1.4496e+00 1.3346e+00 1.4024e+00 1.4771e+00 1.5403e+00 1.5602e+00 1.5271e+00 1.6525e+00 1.6414e+00
-9.9990e+03 -9.9990e+03 -9.9990e+03 -9.9990e+03 -9.9990e+03 -9.9990e+03 -9.9990e+03 -9.9990e+03 -9.9990e+03 -9.9990e+03 -9.9990e+03 -9.9990e+03 -9.9990e+03 -9.9990e+03 -9.9990e+03 1.5550e+00 1.6474e+00 1.6344e+00 1.4461e+00 1.3298e+00 1.3586e+00 1.4377e+00 1.5225e+00 1.4875e+00 1.3540e+00 1.3092e+00 1.3928e+00 1.5821e+00 1.8478e+00 1.8478e+00 2.4598e+00 2.6532e+00 2.4168e+00 1.7674e+00 1.5257e+00 1.3935e+00 1.3294e+00 1.4369e+00 1.4630e+00 1.3887e+00 1.2301e+00 1.1390e+00 1.1508e+00 1.4034e+00 1.6841e+00 1.6999e+00 1.6999e+00 1.4802e+00 1.3320e+00 1.3929e+00 1.4861e+00 1.5313e+00 1.5241e+00 1.4704e+00 1.5812e+00 1.5924e+00
-9.9990e+03 -9.9990e+03 -9.9990e+03 -9.9990e+03 -9.9990e+03 -9.9990e+03 -9.9990e+03 -9.9990e+03 -9.9990e+03 -9.9990e+03 -9.9990e+03 -9.9990e+03 -9.9990e+03 -9.9990e+03 1.4965e+00 1.6171e+00 1.6231e+00 1.4624e+00 1.4480e+00 1.3315e+00 1.3649e+00 1.4061e+00 1.4335e+00 1.4473e+00 1.3911e+00 1.3421e+00 1.3901e+00 1.5301e+00 1.7057e+00 1.9909e+00 2.6086e+00 2.5956e+00 2.1819e+00 1.6347e+00 1.4616e+00 1.4616e+00 1.3517e+00 1.4273e+00 1.4414e+00 1.3696e+00 1.2367e+00 1.2095e+00 1.2272e+00 1.4642e+00 1.7003e+00 1.7210e+00 1.4976e+00 1.3295e+00 1.3843e+00 1.4956e+00 1.5305e+00 1.5305e+00 1.5081e+00 1.4704e+00 1.5114e+00 1.5377e+00
-9.9990e+03 -9.9990e+03 -9.9990e+03 -9.9990e+03 -9.9990e+03 -9.9990e+03 -9.9990e+03 -9.9990e+03 -9.9990e+03 -9.9990e+03 -9.9990e+03 -9.9990e+03 -9.9990e+03 -9.9990e+03 1.4526e+00 1.5627e+00 1.6083e+00 1.4919e+00 1.3323e+00 1.3451e+00 1.4005e+00 1.4046e+00 1.4192e+00 1.4340e+00 1.4207e+00 1.3777e+00 1.3984e+00 1.4917e+00 1.6236e+00 1.8234e+00 2.4112e+00 2.6354e+00 2.4140e+00 1.7997e+00 1.5618e+00 1.4503e+00 1.4165e+00 1.4058e+00 1.3270e+00 1.2563e+00 1.2867e+00 1.2867e+00 1.3241e+00 1.5378e+00 1.7003e+00 1.7185e+00 1.5037e+00 1.3295e+00 1.3652e+00 1.4829e+00 1.5421e+00 1.5221e+00 1.4487e+00 1.4544e+00 1.4885e+00 1.4245e+00
-9.9990e+03 -9.9990e+03 -9.9990e+03 -9.9990e+03 -9.9990e+03 -9.9990e+03 -9.9990e+03 -9.9990e+03 -9.9990e+03 -9.9990e+03 -9.9990e+03 -9.9990e+03 -9.9990e+03 -9.9990e+03 1.4267e+00 1.4989e+00 1.5622e+00 1.4990e+00 1.3311e+00 1.3090e+00 1.3787e+00 1.4129e+00 1.4316e+00 1.4632e+00 1.4031e+00 1.4040e+00 1.4387e+00 1.5618e+00 1.6990e+00 1.9664e+00 2.1777e+00 2.5695e+00 2.5875e+00 2.0062e+00 1.6993e+00 1.5430e+00 1.4251e+00 1.3818e+00 1.3270e+00 1.2987e+00 1.3722e+00 1.4218e+00 1.6073e+00 1.7190e+00 1.6996e+00 1.5110e+00 1.5110e+00 1.3346e+00 1.3412e+00 1.4435e+00 1.5414e+00 1.5478e+00 1.4873e+00 1.4300e+00 1.4616e+00 1.4442e+00
-9.9990e+03 -9.9990e+03 -9.9990e+03 -9.9990e+03 -9.9990e+03 -9.9990e+03 -9.9990e+03 -9.9990e+03 -9.9990e+03 -9.9990e+03 -9.9990e+03 -9.9990e+03 -9.9990e+03 1.4439e+00 1.3684e+00 1.4662e+00 1.4633e+00 1.3746e+00 1.3103e+00 1.3103e+00 1.3600e+00 1.4246e+00 1.4836e+00 1.5384e+00 1.4277e+00 1.3996e+00 1.4074e+00 1.5003e+00 1.5956e+00 1.9664e+00 2.3841e+00 2.6035e+00 2.2230e+00 1.8888e+00 1.6902e+00 1.5430e+00 1.4533e+00 1.3797e+00 1.3351e+00 1.3670e+00 1.4683e+00 1.5034e+00 1.6513e+00 1.7103e+00 1.6705e+00 1.5169e+00 1.3946e+00 1.3408e+00 1.4085e+00 1.4713e+00 1.5583e+00 1.5307e+00 1.5307e+00 1.4369e+00 1.4568e+00 1.4671e+00
-9.9990e+03 -9.9990e+03 -9.9990e+03 -9.9990e+03 -9.9990e+03 -9.9990e+03 -9.9990e+03 -9.9990e+03 -9.9990e+03 -9.9990e+03 -9.9990e+03 -9.9990e+03 -9.9990e+03 1.5108e+00 1.3647e+00 1.3709e+00 1.3898e+00 1.3801e+00 1.3462e+00 1.3565e+00 1.3543e+00 1.4900e+00 1.5874e+00 1.4724e+00 1.4724e+00 1.3969e+00 1.4074e+00 1.4481e+00 1.5142e+00 1.8041e+00 2.1877e+00 2.5189e+00 2.3881e+00 2.0912e+00 1.8794e+00 1.5313e+00 1.4114e+00 1.4229e+00 1.4523e+00 1.5660e+00 1.6212e+00 1.5713e+00 1.6598e+00 1.6758e+00 1.6358e+00 1.5170e+00 1.4336e+00 1.3718e+00 1.4046e+00 1.4381e+00 1.5394e+00 1.5572e+00 1.5193e+00 1.4768e+00 1.4906e+00 1.4411e+00
-9.9990e+03 -9.9990e+03 -9.9990e+03 -9.9990e+03 -9.9990e+03 -9.9990e+03 -9.9990e+03 -9.9990e+03 -9.9990e+03 -9.9990e+03 -9.9990e+03 -9.9990e+03 -9.9990e+03 1.4145e+00 1.4145e+00 1.2967e+00 1.3130e+00 1.3801e+00 1.3884e+00 1.3781e+00 1.3543e+00 1.4222e+00 1.5378e+00 1.5162e+00 1.3904e+00 1.3722e+00 1.4078e+00 1.4529e+00 1.6172e+00 2.0420e+00 2.0420e+00 2.3862e+00 2.3995e+00 2.2092e+00 2.0661e+00 1.6570e+00 1.4877e+00 1.4861e+00 1.5395e+00 1.6534e+00 1.6642e+00 1.6426e+00 1.6245e+00 1.5641e+00 1.5173e+00 1.4708e+00 1.4570e+00 1.4156e+00 1.4271e+00 1.4357e+00 1.5014e+00 1.5573e+00 1.5557e+00 1.5135e+00 1.5157e+00 1.4411e+00
-9.9990e+03 -9.9990e+03 -9.9990e+03 -9.9990e+03 -9.9990e+03 -9.9990e+03 -9.9990e+03 -9.9990e+03 -9.9990e+03 -9.9990e+03 -9.9990e+03 -9.9990e+03 -9.9990e+03 1.4786e+00 1.2979e+00 1.2920e+00 1.3354e+00 1.3698e+00 1.3386e+00 1.3386e+00 1.3224e+00 1.3207e+00 1.4187e+00 1.5079e+00 1.4015e+00 1.4034e+00 1.4140e+00 1.4554e+00 1.5947e+00 1.9520e+00 2.2787e+00 2.2583e+00 2.2092e+00 2.1553e+00 1.9890e+00 1.6280e+00 1.6280e+00 1.5780e+00 1.6004e+00 1.7087e+00 1.6964e+00 1.6232e+00 1.5808e+00 1.5404e+00 1.5175e+00 1.4994e+00 1.4570e+00 1.4567e+00 1.4554e+00 1.4738e+00 1.5394e+00 1.5727e+00 1.5557e+00 1.5520e+00 1.5455e+00 1.4721e+00
-9.9990e+03 -9.9990e+03 -9.9990e+03 -9.9990e+03 -9.9990e+03 -9.9990e+03 -9.9990e+03 -9.9990e+03 -9.9990e+03 -9.9990e+03 -9.9990e+03 -9.9990e+03 -9.9990e+03 1.4877e+00 1.3340e+00 1.3215e+00 1.3218e+00 1.3185e+00 1.2469e+00 1.2110e+00 1.2497e+00 1.3212e+00 1.3826e+00 1.4011e+00 1.4380e+00 1.4380e+00 1.4739e+00 1.5070e+00 1.5961e+00 1.8953e+00 2.1949e+00 2.1879e+00 2.1370e+00 2.1402e+00 2.0790e+00 1.7998e+00 1.7075e+00 1.7046e+00 1.7288e+00 1.7160e+00 1.6290e+00 1.6290e+00 1.5760e+00 1.5404e+00 1.5210e+00 1.5172e+00 1.4852e+00 1.4802e+00 1.4837e+00 1.4759e+00 1.5317e+00 1.5767e+00 1.5794e+00 1.5762e+00 1.5537e+00 1.5149e+00
-9.9990e+03 -9.9990e+03 -9.9990e+03 -9.9990e+03 -9.9990e+03 -9.9990e+03 -9.9990e+03 -9.9990e+03 -9.9990e+03 -9.9990e+03 -9.9990e+03 -9.9990e+03 -9.9990e+03 1.4069e+00 1.3744e+00 1.3575e+00 1.3247e+00 1.2672e+00 1.1564e+00 1.0970e+00 1.2280e+00 1.2812e+00 1.3504e+00 1.4454e+00 1.5508e+00 1.6657e+00 1.6146e+00 1.6590e+00 1.7837e+00 2.0894e+00 2.0968e+00 2.0968e+00 2.0558e+00 2.0684e+00 2.0790e+00 1.9642e+00 1.8523e+00 1.7046e+00 1.7360e+00 1.7195e+00 1.6576e+00 1.6157e+00 1.5908e+00 1.5346e+00 1.5269e+00 1.5015e+00 1.4924e+00 1.4924e+00 1.5080e+00 1.5044e+00 1.5457e+00 1.5788e+00 1.5906e+00 1.6000e+00 1.5942e+00 1.5639e+00
-9.9990e+03 -9.9990e+03 -9.9990e+03 -9.9990e+03 -9.9990e+03 -9.9990e+03 -9.9990e+03 -9.9990e+03 -9.9990e+03 -9.9990e+03 -9.9990e+03 -9.9990e+03 -9.9990e+03 1.3714e+00 1.4207e+00 1.3748e+00 1.3365e+00 1.1311e+00 1.0411e+00 1.1015e+00 1.1407e+00 1.2229e+00 1.3170e+00 1.4898e+00 1.6301e+00 1.6657e+00 1.7343e+00 1.7196e+00 1.7837e+00 1.9533e+00 1.9553e+00 1.9571e+00 1.9630e+00 2.1202e+00 2.1096e+00 1.9918e+00 1.9918e+00 1.7729e+00 1.7473e+00 1.7185e+00 1.6884e+00 1.6736e+00 1.6527e+00 1.5643e+00 1.5391e+00 1.4993e+00 1.4934e+00 1.5254e+00 1.5795e+00 1.5779e+00 1.5887e+00 1.5791e+00 1.6099e+00 1.6099e+00 1.6238e+00 1.6041e+00
-9.9990e+03 -9.9990e+03 -9.9990e+03 -9.9990e+03 -9.9990e+03 -9.9990e+03 -9.9990e+03 -9.9990e+03 -9.9990e+03 -9.9990e+03 -9.9990e+03 -9.9990e+03 -9.9990e+03 1.2496e+00 1.4422e+00 1.4048e+00 1.4109e+00 1.2207e+00 1.1218e+00 1.1015e+00 1.2421e+00 1.3893e+00 1.5103e+00 1.7126e+00 1.8203e+00 1.7536e+00 1.7930e+00 1.7438e+00 1.7262e+00 1.7887e+00 1.7667e+00 1.8275e+00 1.8480e+00 2.0938e+00 2.2251e+00 2.1056e+00 1.9115e+00 1.7790e+00 1.7408e+00 1.7285e+00 1.7211e+00 1.7106e+00 1.7106e+00 1.6093e+00 1.5642e+00 1.5074e+00 1.4876e+00 1.5317e+00 1.6029e+00 1.6145e+00 1.6053e+00 1.5765e+00 1.6069e+00 1.6431e+00 1.6697e+00 1.6941e+00
-9.9990e+03 -9.9990e+03 -9.9990e+03 -9.9990e+03 -9.9990e+03 -9.9990e+03 -9.9990e+03 -9.9990e+03 -9.9990e+03 -9.9990e+03 -9.9990e+03 -9.9990e+03 -9.9990e+03 1.3836e+00 1.3836e+00 1.3931e+00 1.4109e+00 1.3337e+00 1.2508e+00 1.1581e+00 1.3453e+00 1.5191e+00 1.6027e+00 1.7812e+00 1.8224e+00 1.7990e+00 1.7321e+00 1.6351e+00 1.6429e+00 1.5967e+00 1.5572e+00 1.6846e+00 1.7412e+00 2.0414e+00 2.2942e+00 2.1910e+00 1.9769e+00 1.8225e+00 1.7851e+00 1.7488e+00 1.7423e+00 1.7468e+00 1.7166e+00 1.6095e+00 1.5392e+00 1.5005e+00 1.5276e+00 1.6053e+00 1.6053e+00 1.6405e+00 1.6221e+00 1.5765e+00 1.6048e+00 1.6599e+00 1.6697e+00 1.7287e+00
-9.9990e+03 -9.9990e+03 -9.9990e+03 -9.9990e+03 -9.9990e+03 -9.9990e+03 -9.9990e+03 -9.9990e+03 -9.9990e+03 -9.9990e+03 -9.9990e+03 -9.9990e+03 -9.9990e+03 1.3355e+00 1.3775e+00 1.4049e+00 1.3862e+00 1.3335e+00 1.3929e+00 1.4840e+00 1.4840e+00 1.6311e+00 1.6768e+00 1.7707e+00 1.7626e+00 1.7694e+00 1.7082e+00 1.6256e+00 1.5537e+00 1.4895e+00 1.4609e+00 1.6527e+00 1.9704e+00 2.2467e+00 2.2381e+00 2.0420e+00 1.9534e+00 1.8847e+00 1.8543e+00 1.7906e+00 1.7314e+00 1.7463e+00 1.7546e+00 1.6751e+00 1.6035e+00 1.5005e+00 1.5248e+00 1.5861e+00 1.6459e+00 1.6338e+00 1.6032e+00 1.6095e+00 1.6750e+00 1.6750e+00 1.7007e+00 1.7593e+00
-9.9990e+03 -9.9990e+03 -9.9990e+03 -9.9990e+03 -9.9990e+03 -9.9990e+03 -9.9990e+03 -9.9990e+03 -9.9990e+03 -9.9990e+03 -9.9990e+03 -9.9990e+03 -9.9990e+03 1.3132e+00 1.3746e+00 1.4082e+00 1.3928e+00 1.3832e+00 1.4603e+00 1.5799e+00 1.7048e+00 1.7088e+00 1.7041e+00 1.6648e+00 1.6273e+00 1.6727e+00 1.6727e+00 1.6221e+00 1.5277e+00 1.4477e+00 1.4135e+00 1.5797e+00 1.8832e+00 2.1519e+00 2.2514e+00 2.1137e+00 1.9534e+00 1.9207e+00 1.8353e+00 1.7187e+00 1.7200e+00 1.7670e+00 1.7546e+00 1.7478e+00 1.6918e+00 1.5483e+00 1.5394e+00 1.5629e+00 1.6245e+00 1.6340e+00 1.6220e+00 1.6231e+00 1.6914e+00 1.7422e+00 1.7756e+00 1.7800e+00
