bias_correction/pipeline/U_4_s_1.4_d_290.asc
ncols        88
nrows        90
xllcorner    2777636
yllcorner    1185112
cellsize     25
NODATA_value -9999
[rows 50 to 74 of 90, columns 0 to 55 of 88]
-9.9990e+03 -9.9990e+03 -9.9990e+03 -9.9990e+03 -9.9990e+03 -9.9990e+03 -9.9990e+03 -9.9990e+03 -9.9990e+03 -9.9990e+03 -9.9990e+03 -9.9990e+03 -9.9990e+03 1.3493e+00 1.4082e+00 1.4082e+00 1.4229e+00 1.4475e+00 1.5245e+00 1.6501e+00 1.7540e+00 1.7092e+00 1.6325e+00 1.5703e+00 1.5385e+00 1.6137e+00 1.5988e+00 1.5529e+00 1.4561e+00 1.4202e+00 1.5365e+00 1.5365e+00 1.7897e+00 2.1519e+00 2.2326e+00 2.1791e+00 2.0294e+00 1.9871e+00 1.8967e+00 1.7175e+00 1.6886e+00 1.7533e+00 1.8037e+00 1.7772e+00 1.7108e+00 1.5737e+00 1.5551e+00 1.5593e+00 1.5881e+00 1.6163e+00 1.6256e+00 1.6378e+00 1.7053e+00 1.7568e+00 1.7783e+00 1.7763e+00
-9.9990e+03 -9.9990e+03 -9.9990e+03 -9.9990e+03 -9.9990e+03 -9.9990e+03 -9.9990e+03 -9.9990e+03 -9.9990e+03 -9.9990e+03 -9.9990e+03 -9.9990e+03 -9.9990e+03 1.2835e+00 1.3857e+00 1.5044e+00 1.5334e+00 1.6105e+00 1.7049e+00 1.7606e+00 1.7606e+00 1.6891e+00 1.5856e+00 1.5016e+00 1.5385e+00 1.5381e+00 1.5687e+00 1.5529e+00 1.4914e+00 1.4615e+00 1.5243e+00 1.7219e+00 1.9181e+00 2.1660e+00 2.1982e+00 2.1266e+00 2.0323e+00 2.0323e+00 1.9506e+00 1.7529e+00 1.6827e+00 1.7339e+00 1.8323e+00 1.8360e+00 1.7801e+00 1.6302e+00 1.5809e+00 1.5605e+00 1.5909e+00 1.6112e+00 1.6319e+00 1.7122e+00 1.7700e+00 1.7639e+00 1.7704e+00 1.7580e+00
-9.9990e+03 -9.9990e+03 -9.9990e+03 -9.9990e+03 -9.9990e+03 -9.9990e+03 -9.9990e+03 -9.9990e+03 -9.9990e+03 -9.9990e+03 -9.9990e+03 -9.9990e+03 -9.9990e+03 1.1908e+00 1.3134e+00 1.5044e+00 1.6292e+00 1.6911e+00 1.7049e+00 1.7229e+00 1.6382e+00 1.5465e+00 1.4476e+00 1.3880e+00 1.4535e+00 1.5178e+00 1.5178e+00 1.5843e+00 1.5534e+00 1.5289e+00 1.5382e+00 1.6783e+00 1.8266e+00 2.0762e+00 2.1650e+00 2.1158e+00 2.0449e+00 1.9840e+00 1.8926e+00 1.7071e+00 1.7200e+00 1.8373e+00 1.8760e+00 1.8760e+00 1.8426e+00 1.6951e+00 1.6395e+00 1.5983e+00 1.5688e+00 1.5765e+00 1.5899e+00 1.6968e+00 1.7627e+00 1.7639e+00 1.7377e+00 1.6840e+00
-9.9990e+03 -9.9990e+03 -9.9990e+03 -9.9990e+03 -9.9990e+03 -9.9990e+03 -9.9990e+03 -9.9990e+03 -9.9990e+03 -9.9990e+03 -9.9990e+03 -9.9990e+03 -9.9990e+03 1.2478e+00 1.5054e+00 1.5225e+00 1.7055e+00 1.7517e+00 1.7045e+00 1.6452e+00 1.5588e+00 1.5006e+00 1.3945e+00 1.3359e+00 1.3748e+00 1.4402e+00 1.5597e+00 1.6123e+00 1.6033e+00 1.6362e+00 1.6645e+00 1.7579e+00 1.7579e+00 1.9830e+00 2.0928e+00 2.0737e+00 2.0238e+00 1.9742e+00 1.9370e+00 1.7643e+00 1.7251e+00 1.8275e+00 1.9023e+00 1.9001e+00 1.8498e+00 1.7186e+00 1.6521e+00 1.5726e+00 1.5726e+00 1.5510e+00 1.5899e+00 1.6490e+00 1.7263e+00 1.7570e+00 1.7243e+00 1.6794e+00
-9.9990e+03 -9.9990e+03 -9.9990e+03 -9.9990e+03 -9.9990e+03 -9.9990e+03 -9.9990e+03 -9.9990e+03 -9.9990e+03 -9.9990e+03 -9.9990e+03 -9.9990e+03 -9.9990e+03 1.2433e+00 1.4920e+00 1.7309e+00 1.7659e+00 1.6504e+00 1.5669e+00 1.4788e+00 1.3810e+00 1.4426e+00 1.3457e+00 1.3052e+00 1.3255e+00 1.3772e+00 1.4905e+00 1.6496e+00 1.6829e+00 1.6960e+00 1.6627e+00 1.6936e+00 1.7696e+00 2.0011e+00 2.0237e+00 1.9477e+00 1.9160e+00 1.9081e+00 1.9081e+00 1.8362e+00 1.7598e+00 1.8275e+00 1.9322e+00 1.9628e+00 1.8498e+00 1.7790e+00 1.6893e+00 1.5957e+00 1.5418e+00 1.4945e+00 1.5783e+00 1.6651e+00 1.7263e+00 1.7278e+00 1.7278e+00 1.6893e+00
-9.9990e+03 -9.9990e+03 -9.9990e+03 -9.9990e+03 -9.9990e+03 -9.9990e+03 -9.9990e+03 -9.9990e+03 -9.9990e+03 -9.9990e+03 -9.9990e+03 -9.9990e+03 -9.9990e+03 1.2906e+00 1.4663e+00 1.6972e+00 1.7244e+00 1.6195e+00 1.5107e+00 1.4210e+00 1.3429e+00 1.3074e+00 1.2989e+00 1.3357e+00 1.3439e+00 1.4230e+00 1.5878e+00 1.6272e+00 1.7179e+00 1.7272e+00 1.6660e+00 1.6228e+00 1.6482e+00 1.8887e+00 1.9588e+00 1.9477e+00 1.8397e+00 1.8207e+00 1.8760e+00 1.8247e+00 1.8831e+00 1.9707e+00 2.0241e+00 2.0241e+00 1.9114e+00 1.8074e+00 1.7016e+00 1.6197e+00 1.5461e+00 1.4623e+00 1.4966e+00 1.5799e+00 1.6796e+00 1.7471e+00 1.7207e+00 1.6516e+00
-9.9990e+03 -9.9990e+03 -9.9990e+03 -9.9990e+03 -9.9990e+03 -9.9990e+03 -9.9990e+03 -9.9990e+03 -9.9990e+03 -9.9990e+03 -9.9990e+03 -9.9990e+03 -9.9990e+03 1.4475e+00 1.5252e+00 1.6307e+00 1.6307e+00 1.5755e+00 1.4921e+00 1.4029e+00 1.3237e+00 1.2917e+00 1.3117e+00 1.3851e+00 1.3700e+00 1.4236e+00 1.5878e+00 1.7312e+00 1.7510e+00 1.6418e+00 1.5368e+00 1.5266e+00 1.6482e+00 1.7697e+00 1.8889e+00 1.8963e+00 1.7509e+00 1.6825e+00 1.8611e+00 1.9018e+00 1.9899e+00 2.0189e+00 2.0655e+00 1.9867e+00 1.8156e+00 1.7008e+00 1.6562e+00 1.5607e+00 1.4429e+00 1.4429e+00 1.4220e+00 1.4847e+00 1.6033e+00 1.7435e+00 1.7457e+00 1.6840e+00
-9.9990e+03 -9.9990e+03 -9.9990e+03 -9.9990e+03 -9.9990e+03 -9.9990e+03 -9.9990e+03 -9.9990e+03 -9.9990e+03 -9.9990e+03 -9.9990e+03 -9.9990e+03 -9.9990e+03 1.4307e+00 1.4405e+00 1.5239e+00 1.5065e+00 1.4783e+00 1.4058e+00 1.3307e+00 1.2952e+00 1.2952e+00 1.3473e+00 1.3851e+00 1.4356e+00 1.4755e+00 1.5740e+00 1.7354e+00 1.7372e+00 1.6013e+00 1.4593e+00 1.4345e+00 1.6442e+00 1.8002e+00 1.7904e+00 1.6665e+00 1.5497e+00 1.6596e+00 1.7774e+00 1.9355e+00 2.1164e+00 2.0978e+00 2.0809e+00 1.9797e+00 1.8274e+00 1.7144e+00 1.6620e+00 1.5693e+00 1.4334e+00 1.3543e+00 1.4114e+00 1.5109e+00 1.6256e+00 1.7547e+00 1.7236e+00 1.7236e+00
-9.9990e+03 -9.9990e+03 -9.9990e+03 -9.9990e+03 -9.9990e+03 -9.9990e+03 -9.9990e+03 -9.9990e+03 -9.9990e+03 -9.9990e+03 -9.9990e+03 -9.9990e+03 -9.9990e+03 1.4236e+00 1.4405e+00 1.4149e+00 1.4219e+00 1.4783e+00 1.4116e+00 1.3530e+00 1.3316e+00 1.4155e+00 1.5244e+00 1.5196e+00 1.5541e+00 1.5614e+00 1.6765e+00 1.6765e+00 1.6659e+00 1.5617e+00 1.4118e+00 1.3848e+00 1.5572e+00 1.7214e+00 1.7392e+00 1.6029e+00 1.4518e+00 1.5393e+00 1.8971e+00 2.1926e+00 2.3163e+00 2.0908e+00 1.9571e+00 1.8760e+00 1.8551e+00 1.7497e+00 1.6571e+00 1.5593e+00 1.4223e+00 1.3520e+00 1.3701e+00 1.4443e+00 1.6256e+00 1.7190e+00 1.7396e+00 1.6431e+00
-9.9990e+03 -9.9990e+03 -9.9990e+03 -9.9990e+03 -9.9990e+03 -9.9990e+03 -9.9990e+03 -9.9990e+03 -9.9990e+03 -9.9990e+03 -9.9990e+03 -9.9990e+03 -9.9990e+03 1.3411e+00 1.3359e+00 1.3427e+00 1.3427e+00 1.4363e+00 1.4040e+00 1.3874e+00 1.3937e+00 1.5055e+00 1.5983e+00 1.5938e+00 1.6050e+00 1.5353e+00 1.5747e+00 1.5464e+00 1.4572e+00 1.3803e+00 1.3467e+00 1.4245e+00 1.6440e+00 1.6440e+00 1.6726e+00 1.5641e+00 1.4028e+00 1.4397e+00 1.8137e+00 2.1678e+00 2.3563e+00 2.1244e+00 1.9510e+00 1.8760e+00 1.7724e+00 1.6395e+00 1.5334e+00 1.4030e+00 1.3602e+00 1.3520e+00 1.3582e+00 1.4111e+00 1.5410e+00 1.6481e+00 1.7220e+00 1.6719e+00
-9.9990e+03 -9.9990e+03 -9.9990e+03 -9.9990e+03 -9.9990e+03 -9.9990e+03 -9.9990e+03 -9.9990e+03 -9.9990e+03 -9.9990e+03 -9.9990e+03 -9.9990e+03 -9.9990e+03 1.3041e+00 1.2908e+00 1.2915e+00 1.3153e+00 1.3790e+00 1.4193e+00 1.5597e+00 1.6049e+00 1.6585e+00 1.6585e+00 1.6270e+00 1.5928e+00 1.4886e+00 1.4708e+00 1.4359e+00 1.4004e+00 1.3592e+00 1.3125e+00 1.3501e+00 1.5486e+00 1.5879e+00 1.5046e+00 1.3894e+00 1.3953e+00 1.7038e+00 1.7038e+00 2.0654e+00 2.3563e+00 2.1781e+00 1.9678e+00 1.8883e+00 1.7768e+00 1.6243e+00 1.4952e+00 1.3723e+00 1.3642e+00 1.3724e+00 1.4136e+00 1.4683e+00 1.5620e+00 1.6566e+00 1.6855e+00 1.6974e+00
-9.9990e+03 -9.9990e+03 -9.9990e+03 -9.9990e+03 -9.9990e+03 -9.9990e+03 -9.9990e+03 -9.9990e+03 -9.9990e+03 -9.9990e+03 -9.9990e+03 -9.9990e+03 -9.9990e+03 1.2764e+00 1.2759e+00 1.2623e+00 1.2700e+00 1.3535e+00 1.4563e+00 1.6308e+00 1.6955e+00 1.6934e+00 1.5622e+00 1.5221e+00 1.4196e+00 1.3384e+00 1.3613e+00 1.3613e+00 1.3528e+00 1.3396e+00 1.2721e+00 1.3501e+00 1.4441e+00 1.5019e+00 1.5046e+00 1.3910e+00 1.3858e+00 1.6264e+00 1.9520e+00 2.2558e+00 2.2499e+00 2.0150e+00 1.8379e+00 1.7573e+00 1.7573e+00 1.6145e+00 1.4724e+00 1.3508e+00 1.3700e+00 1.3995e+00 1.4177e+00 1.4465e+00 1.5081e+00 1.5868e+00 1.6594e+00 1.6050e+00
-9.9990e+03 -9.9990e+03 -9.9990e+03 -9.9990e+03 -9.9990e+03 -9.9990e+03 -9.9990e+03 -9.9990e+03 -9.9990e+03 -9.9990e+03 -9.9990e+03 -9.9990e+03 -9.9990e+03 1.2694e+00 1.2432e+00 1.2310e+00 1.3224e+00 1.3358e+00 1.4864e+00 1.6747e+00 1.7531e+00 1.6970e+00 1.5622e+00 1.4332e+00 1.3449e+00 1.3384e+00 1.3150e+00 1.3126e+00 1.3042e+00 1.2252e+00 1.2143e+00 1.3565e+00 1.4411e+00 1.4411e+00 1.4777e+00 1.3995e+00 1.4085e+00 1.5886e+00 1.8891e+00 2.1986e+00 2.2848e+00 2.0435e+00 1.7790e+00 1.7088e+00 1.6018e+00 1.4658e+00 1.3378e+00 1.3588e+00 1.4324e+00 1.4152e+00 1.4152e+00 1.4131e+00 1.4735e+00 1.5288e+00 1.6112e+00 1.6291e+00
-9.9990e+03 -9.9990e+03 -9.9990e+03 -9.9990e+03 -9.9990e+03 -9.9990e+03 -9.9990e+03 -9.9990e+03 -9.9990e+03 -9.9990e+03 -9.9990e+03 -9.9990e+03 -9.9990e+03 1.2736e+00 1.2186e+00 1.1955e+00 1.3224e+00 1.5061e+00 1.6884e+00 1.7643e+00 1.6669e+00 1.4646e+00 1.5126e+00 1.3602e+00 1.2868e+00 1.2938e+00 1.2877e+00 1.2771e+00 1.2658e+00 1.1933e+00 1.1841e+00 1.3068e+00 1.4185e+00 1.4673e+00 1.4172e+00 1.4404e+00 1.6968e+00 1.9691e+00 2.2327e+00 2.2327e+00 2.2852e+00 2.0586e+00 1.7271e+00 1.6398e+00 1.5776e+00 1.4767e+00 1.3389e+00 1.3518e+00 1.4297e+00 1.3991e+00 1.3734e+00 1.4377e+00 1.5184e+00 1.5794e+00 1.6161e+00 1.6161e+00
-9.9990e+03 -9.9990e+03 -9.9990e+03 -9.9990e+03 -9.9990e+03 -9.9990e+03 -9.9990e+03 -9.9990e+03 -9.9990e+03 -9.9990e+03 -9.9990e+03 -9.9990e+03 -9.9990e+03 1.2736e+00 1.2277e+00 1.1990e+00 1.3122e+00 1.5175e+00 1.6728e+00 1.7197e+00 1.6016e+00 1.4223e+00 1.3063e+00 1.2423e+00 1.2410e+00 1.2718e+00 1.2505e+00 1.2039e+00 1.2298e+00 1.1713e+00 1.1833e+00 1.3015e+00 1.4340e+00 1.5032e+00 1.4554e+00 1.5307e+00 1.8583e+00 2.0895e+00 2.3092e+00 2.2487e+00 2.0187e+00 1.6500e+00 1.4976e+00 1.5599e+00 1.5599e+00 1.5065e+00 1.3615e+00 1.3765e+00 1.4297e+00 1.3891e+00 1.3399e+00 1.4377e+00 1.5218e+00 1.5630e+00 1.5926e+00 1.5244e+00
-9.9990e+03 -9.9990e+03 -9.9990e+03 -9.9990e+03 -9.9990e+03 -9.9990e+03 -9.9990e+03 -9.9990e+03 -9.9990e+03 -9.9990e+03 -9.9990e+03 -9.9990e+03 -9.9990e+03 1.2393e+00 1.2177e+00 1.3179e+00 1.5182e+00 1.5182e+00 1.6337e+00 1.6435e+00 1.5168e+00 1.3804e+00 1.2839e+00 1.2359e+00 1.2503e+00 1.2608e+00 1.2354e+00 1.1846e+00 1.1666e+00 1.2195e+00 1.4205e+00 1.4941e+00 1.5700e+00 1.6237e+00 1.5201e+00 1.6809e+00 2.0211e+00 2.2389e+00 2.4086e+00 2.1933e+00 1.9084e+00 1.5776e+00 1.4976e+00 1.5196e+00 1.5144e+00 1.4163e+00 1.4304e+00 1.4766e+00 1.4065e+00 1.3597e+00 1.3597e+00 1.4103e+00 1.5272e+00 1.5715e+00 1.5600e+00 1.5001e+00
-9.9990e+03 -9.9990e+03 -9.9990e+03 -9.9990e+03 -9.9990e+03 -9.9990e+03 -9.9990e+03 -9.9990e+03 -9.9990e+03 -9.9990e+03 -9.9990e+03 -9.9990e+03 -9.9990e+03 1.2192e+00 1.1883e+00 1.2500e+00 1.4805e+00 1.5681e+00 1.5309e+00 1.4549e+00 1.3618e+00 1.3124e+00 1.2597e+00 1.2597e+00 1.2745e+00 1.2840e+00 1.2538e+00 1.1893e+00 1.1751e+00 1.2913e+00 1.5330e+00 1.5999e+00 1.6696e+00 1.6237e+00 1.8445e+00 2.1504e+00 2.3446e+00 2.4254e+00 2.1387e+00 2.1933e+00 1.8003e+00 1.5328e+00 1.4369e+00 1.4805e+00 1.5161e+00 1.4545e+00 1.4777e+00 1.4974e+00 1.4214e+00 1.3773e+00 1.4068e+00 1.5293e+00 1.5655e+00 1.5117e+00 1.4921e+00 1.4348e+00
-9.9990e+03 -9.9990e+03 -9.9990e+03 -9.9990e+03 -9.9990e+03 -9.9990e+03 -9.9990e+03 -9.9990e+03 -9.9990e+03 -9.9990e+03 -9.9990e+03 -9.9990e+03 -9.9990e+03 1.1743e+00 1.1451e+00 1.1804e+00 1.3697e+00 1.4349e+00 1.4321e+00 1.4462e+00 1.3817e+00 1.3595e+00 1.3033e+00 1.3130e+00 1.3404e+00 1.2700e+00 1.1860e+00 1.1905e+00 1.1905e+00 1.3411e+00 1.5330e+00 1.7136e+00 1.7795e+00 1.7437e+00 1.9730e+00 2.2042e+00 2.3717e+00 2.3877e+00 2.1272e+00 1.7434e+00 1.5176e+00 1.4306e+00 1.4672e+00 1.5098e+00 1.4904e+00 1.4840e+00 1.5041e+00 1.5064e+00 1.4314e+00 1.4052e+00 1.4217e+00 1.4994e+00 1.5426e+00 1.4942e+00 1.4818e+00 1.4609e+00
-9.9990e+03 -9.9990e+03 -9.9990e+03 -9.9990e+03 -9.9990e+03 -9.9990e+03 -9.9990e+03 -9.9990e+03 -9.9990e+03 -9.9990e+03 -9.9990e+03 -9.9990e+03 -9.9990e+03 -9.9990e+03 -9.9990e+03 -9.9990e+03 1.3170e+00 1.3170e+00 1.3504e+00 1.3947e+00 1.3506e+00 1.3595e+00 1.3634e+00 1.3833e+00 1.3404e+00 1.2910e+00 1.1810e+00 1.1836e+00 1.3437e+00 1.6220e+00 1.7922e+00 1.8822e+00 2.0160e+00 2.0985e+00 2.0985e+00 2.2247e+00 2.3081e+00 2.2993e+00 2.1091e+00 1.7484e+00 1.5366e+00 1.4745e+00 1.4743e+00 1.5132e+00 1.4967e+00 1.4995e+00 1.4996e+00 1.4509e+00 1.4256e+00 1.4339e+00 1.4507e+00 1.4711e+00 1.5125e+00 1.4838e+00 1.4731e+00 1.4814e+00
-9.9990e+03 -9.9990e+03 -9.9990e+03 -9.9990e+03 -9.9990e+03 -9.9990e+03 -9.9990e+03 -9.9990e+03 -9.9990e+03 -9.9990e+03 -9.9990e+03 -9.9990e+03 -9.9990e+03 -9.9990e+03 -9.9990e+03 -9.9990e+03 -9.9990e+03 -9.9990e+03 1.3640e+00 1.3530e+00 1.3484e+00 1.3559e+00 1.3930e+00 1.3930e+00 1.4050e+00 1.3465e+00 1.2390e+00 1.1609e+00 1.3157e+00 1.5980e+00 1.8216e+00 1.9529e+00 2.1257e+00 2.2148e+00 2.2007e+00 2.0179e+00 2.1690e+00 2.0610e+00 1.7755e+00 1.5655e+00 1.5655e+00 1.5158e+00 1.4940e+00 1.5283e+00 1.5202e+00 1.4912e+00 1.4944e+00 1.4673e+00 1.4454e+00 1.4534e+00 1.4448e+00 1.4854e+00 1.4776e+00 1.4598e+00 1.4848e+00 1.5129e+00
-9.9990e+03 -9.9990e+03 -9.9990e+03 -9.9990e+03 -9.9990e+03 -9.9990e+03 -9.9990e+03 -9.9990e+03 -9.9990e+03 -9.9990e+03 -9.9990e+03 -9.9990e+03 -9.9990e+03 -9.9990e+03 -9.9990e+03 -9.9990e+03 -9.9990e+03 -9.9990e+03 -9.9990e+03 -9.9990e+03 -9.9990e+03 1.3810e+00 1.4417e+00 1.4874e+00 1.3863e+00 1.2787e+00 1.2221e+00 1.3192e+00 1.5460e+00 1.5460e+00 1.8113e+00 1.9942e+00 2.2070e+00 2.2989e+00 2.1630e+00 1.8710e+00 1.9964e+00 1.9636e+00 1.7602e+00 1.5967e+00 1.5533e+00 1.5503e+00 1.5481e+00 1.5541e+00 1.5004e+00 1.5004e+00 1.4981e+00 1.4673e+00 1.4687e+00 1.4744e+00 1.4448e+00 1.4658e+00 1.4710e+00 1.4551e+00 1.4934e+00 1.5512e+00
-9.9990e+03 -9.9990e+03 -9.9990e+03 -9.9990e+03 -9.9990e+03 -9.9990e+03 -9.9990e+03 -9.9990e+03 -9.9990e+03 -9.9990e+03 -9.9990e+03 -9.9990e+03 -9.9990e+03 -9.9990e+03 -9.9990e+03 -9.9990e+03 -9.9990e+03 -9.9990e+03 -9.9990e+03 -9.9990e+03 -9.9990e+03 -9.9990e+03 -9.9990e+03 -9.9990e+03 1.4366e+00 1.3387e+00 1.2736e+00 1.2957e+00 1.4668e+00 1.6582e+00 1.9780e+00 2.2348e+00 2.3726e+00 2.1632e+00 2.1632e+00 1.8192e+00 1.8162e+00 1.8258e+00 1.7602e+00 1.6107e+00 1.5747e+00 1.5503e+00 1.5761e+00 1.5882e+00 1.5217e+00 1.5115e+00 1.5098e+00 1.4904e+00 1.4958e+00 1.4703e+00 1.4558e+00 1.4558e+00 1.4663e+00 1.4631e+00 1.5271e+00 1.5962e+00
-9.9990e+03 -9.9990e+03 -9.9990e+03 -9.9990e+03 -9.9990e+03 -9.9990e+03 -9.9990e+03 -9.9990e+03 -9.9990e+03 -9.9990e+03 -9.9990e+03 -9.9990e+03 -9.9990e+03 -9.9990e+03 -9.9990e+03 -9.9990e+03 -9.9990e+03 -9.9990e+03 -9.9990e+03 -9.9990e+03 -9.9990e+03 -9.9990e+03 -9.9990e+03 -9.9990e+03 -9.9990e+03 -9.9990e+03 -9.9990e+03 1.3061e+00 1.4059e+00 1.5522e+00 1.9219e+00 2.2221e+00 2.3726e+00 2.1836e+00 1.8720e+00 1.7112e+00 1.7192e+00 1.6490e+00 1.5957e+00 1.5708e+00 1.5708e+00 1.5716e+00 1.5924e+00 1.6041e+00 1.5495e+00 1.5275e+00 1.5262e+00 1.5130e+00 1.5203e+00 1.5010e+00 1.4559e+00 1.4627e+00 1.5019e+00 1.5834e+00 1.6511e+00 1.5790e+00
-9.9990e+03 -9.9990e+03 -9.9990e+03 -9.9990e+03 -9.9990e+03 -9.9990e+03 -9.9990e+03 -9.9990e+03 -9.9990e+03 -9.9990e+03 -9.9990e+03 -9.9990e+03 -9.9990e+03 -9.9990e+03 -9.9990e+03 -9.9990e+03 -9.9990e+03 -9.9990e+03 -9.9990e+03 -9.9990e+03 -9.9990e+03 -9.9990e+03 -9.9990e+03 -9.9990e+03 -9.9990e+03 -9.9990e+03 -9.9990e+03 -9.9990e+03 -9.9990e+03 1.5522e+00 1.8147e+00 2.1140e+00 2.3680e+00 2.2130e+00 1.9702e+00 1.7248e+00 1.6835e+00 1.6155e+00 1.5746e+00 1.5655e+00 1.5770e+00 1.5882e+00 1.6001e+00 1.5763e+00 1.5348e+00 1.5261e+00 1.5261e+00 1.5297e+00 1.5478e+00 1.5371e+00 1.4687e+00 1.4652e+00 1.5170e+00 1.6362e+00 1.7008e+00 1.5712e+00
-9.9990e+03 -9.9990e+03 -9.9990e+03 -9.9990e+03 -9.9990e+03 -9.9990e+03 -9.9990e+03 -9.9990e+03 -9.9990e+03 -9.9990e+03 -9.9990e+03 -9.9990e+03 -9.9990e+03 -9.9990e+03 -9.9990e+03 -9.9990e+03 -9.9990e+03 -9.9990e+03 -9.9990e+03 -9.9990e+03 -9.9990e+03 -9.9990e+03 -9.9990e+03 -9.9990e+03 -9.9990e+03 -9.9990e+03 -9.9990e+03 -9.9990e+03 -9.9990e+03 -9.9990e+03 -9.9990e+03 -9.9990e+03 2.2111e+00 2.0244e+00 1.8697e+00 1.8047e+00 1.7041e+00 1.5848e+00 1.5577e+00 1.5639e+00 1.5861e+00 1.5804e+00 1.5947e+00 1.5868e+00 1.5365e+00 1.5165e+00 1.5344e+00 1.5680e+00 1.5639e+00 1.5100e+00 1.4839e+00 1.4839e+00 1.5405e+00 1.6581e+00 1.7137e+00 1.5712e+00
