bias_correction/pipeline/UV_0_s_2.3_d_200.asc
ncols        88
nrows        90
xllcorner    2777636
yllcorner    1185112
cellsize     25
NODATA_value -9999
[rows 25 to 49 of 90, columns 0 to 55 of 88]
-9.9990e+03 -9.9990e+03 -9.9990e+03 -9.9990e+03 -9.9990e+03 -9.9990e+03 -9.9990e+03 -9.9990e+03 -9.9990e+03 -9.9990e+03 -9.9990e+03 -9.9990e+03 -9.9990e+03 -9.9990e+03 -9.9990e+03 -9.9990e+03 -9.9990e+03 -9.9990e+03 2.7422e+00 2.5398e+00 3.9378e+00 4.0021e+00 4.0021e+00 5.6800e+00 5.4726e+00 5.2603e+00 4.0845e+00 3.8398e+00 3.8052e+00 3.3710e+00 3.7679e+00 4.2926e+00 4.4506e+00 4.6865e+00 4.2452e+00 4.0591e+00 3.3886e+00 2.9323e+00 2.9488e+00 2.9488e+00 2.7080e+00 2.6872e+00 2.5349e+00 2.4451e+00 2.4269e+00 2.4528e+00 2.5169e+00 2.5560e+00 2.5657e+00 2.5230e+00 2.6754e+00 3.0461e+00 3.5271e+00 3.4949e+00 3.2494e+00 2.7264e+00
-9.9990e+03 -9.9990e+03 -9.9990e+03 -9.9990e+03 -9.9990e+03 -9.9990e+03 -9.9990e+03 -9.9990e+03 -9.9990e+03 -9.9990e+03 -9.9990e+03 -9.9990e+03 -9.9990e+03 -9.9990e+03 -9.9990e+03 -9.9990e+03 -9.9990e+03 -9.9990e+03 2.4237e+00 2.2256e+00 2.4790e+00 2.5483e+00 2.9414e+00 4.4690e+00 4.7429e+00 5.0240e+00 4.9542e+00 4.9652e+00 4.9652e+00 3.9802e+00 4.2803e+00 4.5393e+00 4.6649e+00 4.4288e+00 3.8603e+00 3.5223e+00 3.0205e+00 2.7766e+00 2.6942e+00 2.6090e+00 2.5874e+00 2.5589e+00 2.5674e+00 2.4143e+00 2.4228e+00 2.4228e+00 2.5169e+00 2.5683e+00 2.5863e+00 2.5939e+00 2.6769e+00 2.8619e+00 3.6173e+00 3.8807e+00 3.9025e+00 3.0071e+00
-9.9990e+03 -9.9990e+03 -9.9990e+03 -9.9990e+03 -9.9990e+03 -9.9990e+03 -9.9990e+03 -9.9990e+03 -9.9990e+03 -9.9990e+03 -9.9990e+03 -9.9990e+03 -9.9990e+03 -9.9990e+03 -9.9990e+03 -9.9990e+03 -9.9990e+03 -9.9990e+03 2.4544e+00 2.3543e+00 2.2997e+00 2.4904e+00 2.9178e+00 3.4914e+00 4.0408e+00 4.5100e+00 5.2927e+00 5.4365e+00 5.3079e+00 4.9170e+00 4.6084e+00 4.1727e+00 4.0757e+00 3.6441e+00 3.6441e+00 3.3310e+00 2.9995e+00 2.7766e+00 2.6577e+00 2.6259e+00 2.5874e+00 2.6292e+00 2.6807e+00 2.5321e+00 2.4948e+00 2.4542e+00 2.5114e+00 2.5285e+00 2.4787e+00 2.5992e+00 2.5992e+00 2.5988e+00 3.2958e+00 3.7452e+00 4.0313e+00 3.7759e+00
-9.9990e+03 -9.9990e+03 -9.9990e+03 -9.9990e+03 -9.9990e+03 -9.9990e+03 -9.9990e+03 -9.9990e+03 -9.9990e+03 -9.9990e+03 -9.9990e+03 -9.9990e+03 -9.9990e+03 -9.9990e+03 -9.9990e+03 -9.9990e+03 -9.9990e+03 2.7230e+00 2.8036e+00 3.1974e+00 2.9860e+00 3.5433e+00 3.9720e+00 3.5136e+00 4.0141e+00 4.2648e+00 4.7794e+00 4.7770e+00 5.3079e+00 4.8919e+00 4.3115e+00 4.1727e+00 3.7087e+00 3.4227e+00 3.3249e+00 3.1139e+00 2.9876e+00 2.7693e+00 2.7065e+00 2.7065e+00 2.6223e+00 2.6492e+00 2.7065e+00 2.6647e+00 2.6106e+00 2.5192e+00 2.4487e+00 2.4238e+00 2.3444e+00 2.3721e+00 2.2243e+00 2.1536e+00 3.0057e+00 3.4272e+00 3.7735e+00 4.1160e+00
-9.9990e+03 -9.9990e+03 -9.9990e+03 -9.9990e+03 -9.9990e+03 -9.9990e+03 -9.9990e+03 -9.9990e+03 -9.9990e+03 -9.9990e+03 -9.9990e+03 -9.9990e+03 -9.9990e+03 -9.9990e+03 -9.9990e+03 -9.9990e+03 -9.9990e+03 3.3010e+00 3.4738e+00 3.7807e+00 3.6927e+00 4.0483e+00 3.9720e+00 4.0874e+00 3.9397e+00 4.1559e+00 3.8340e+00 3.4422e+00 4.4737e+00 4.0198e+00 3.6612e+00 3.7869e+00 3.4367e+00 3.2521e+00 3.2555e+00 3.1359e+00 3.0285e+00 2.8832e+00 2.7818e+00 2.6809e+00 2.6170e+00 2.6110e+00 2.5867e+00 2.6562e+00 2.5520e+00 2.5520e+00 2.4254e+00 2.3446e+00 2.2699e+00 2.2156e+00 2.0434e+00 1.9091e+00 2.1990e+00 2.5428e+00 2.8826e+00 4.0384e+00
-9.9990e+03 -9.9990e+03 -9.9990e+03 -9.9990e+03 -9.9990e+03 -9.9990e+03 -9.9990e+03 -9.9990e+03 -9.9990e+03 -9.9990e+03 -9.9990e+03 -9.9990e+03 -9.9990e+03 -9.9990e+03 -9.9990e+03 -9.9990e+03 3.9258e+00 3.9258e+00 3.9605e+00 3.7807e+00 3.9626e+00 3.8816e+00 4.0585e+00 3.8079e+00 3.4660e+00 3.5795e+00 3.2394e+00 3.0093e+00 3.1595e+00 3.1255e+00 3.2648e+00 3.3100e+00 3.2283e+00 3.2014e+00 3.1974e+00 3.1522e+00 3.0895e+00 2.9200e+00 2.7981e+00 2.6921e+00 2.5913e+00 2.5280e+00 2.4609e+00 2.5495e+00 2.4752e+00 2.3626e+00 2.2879e+00 2.1954e+00 2.1246e+00 2.0360e+00 1.9027e+00 1.9027e+00 1.8405e+00 1.9976e+00 2.8826e+00 3.2000e+00
-9.9990e+03 -9.9990e+03 -9.9990e+03 -9.9990e+03 -9.9990e+03 -9.9990e+03 -9.9990e+03 -9.9990e+03 -9.9990e+03 -9.9990e+03 -9.9990e+03 -9.9990e+03 -9.9990e+03 -9.9990e+03 -9.9990e+03 -9.9990e+03 3.9985e+00 3.8031e+00 3.5420e+00 3.6988e+00 3.3428e+00 2.9493e+00 3.2013e+00 3.2013e+00 2.8989e+00 3.1308e+00 2.9272e+00 2.8518e+00 2.9167e+00 2.9799e+00 3.1950e+00 3.2941e+00 3.2598e+00 3.1920e+00 3.1787e+00 3.1375e+00 3.0775e+00 2.8928e+00 2.7940e+00 2.6963e+00 2.5982e+00 2.5218e+00 2.4461e+00 2.3949e+00 2.3288e+00 2.2621e+00 2.2361e+00 2.1392e+00 2.1246e+00 2.0563e+00 1.9983e+00 1.8369e+00 1.8771e+00 2.0214e+00 2.4540e+00 2.6517e+00
-9.9990e+03 -9.9990e+03 -9.9990e+03 -9.9990e+03 -9.9990e+03 -9.9990e+03 -9.9990e+03 -9.9990e+03 -9.9990e+03 -9.9990e+03 -9.9990e+03 -9.9990e+03 -9.9990e+03 -9.9990e+03 -9.9990e+03 -9.9990e+03 3.5711e+00 3.3126e+00 3.0649e+00 3.1900e+00 2.9306e+00 2.6992e+00 2.6480e+00 2.4807e+00 2.4226e+00 2.6403e+00 2.6505e+00 2.6644e+00 2.8884e+00 2.8884e+00 3.0593e+00 3.2831e+00 3.2331e+00 3.1360e+00 3.1274e+00 3.0607e+00 3.0132e+00 2.9856e+00 2.8847e+00 2.6963e+00 2.6099e+00 2.5085e+00 2.3488e+00 2.2593e+00 2.2073e+00 2.2621e+00 2.1879e+00 2.1142e+00 2.0720e+00 2.0252e+00 1.9975e+00 1.9726e+00 1.9957e+00 2.0834e+00 2.2168e+00 2.3834e+00
-9.9990e+03 -9.9990e+03 -9.9990e+03 -9.9990e+03 -9.9990e+03 -9.9990e+03 -9.9990e+03 -9.9990e+03 -9.9990e+03 -9.9990e+03 -9.9990e+03 -9.9990e+03 -9.9990e+03 -9.9990e+03 -9.9990e+03 2.6086e+00 2.8302e+00 2.6826e+00 2.6826e+00 2.8714e+00 2.7495e+00 2.6614e+00 2.5612e+00 2.4593e+00 2.3870e+00 2.4046e+00 2.4430e+00 2.4784e+00 2.7141e+00 2.8727e+00 3.0584e+00 3.1498e+00 3.0510e+00 3.0333e+00 3.0333e+00 2.9420e+00 3.0132e+00 2.9465e+00 2.8723e+00 2.7764e+00 2.6528e+00 2.5234e+00 2.3908e+00 2.2891e+00 2.2410e+00 2.1719e+00 2.1306e+00 2.0620e+00 1.9801e+00 1.9229e+00 1.8951e+00 1.9956e+00 1.9986e+00 2.0414e+00 2.1888e+00 2.3001e+00
-9.9990e+03 -9.9990e+03 -9.9990e+03 -9.9990e+03 -9.9990e+03 -9.9990e+03 -9.9990e+03 -9.9990e+03 -9.9990e+03 -9.9990e+03 -9.9990e+03 -9.9990e+03 -9.9990e+03 -9.9990e+03 -9.9990e+03 2.3253e+00 2.4460e+00 2.4008e+00 2.3728e+00 2.5551e+00 2.5283e+00 2.4750e+00 2.5158e+00 2.4391e+00 2.4391e+00 2.3517e+00 2.3615e+00 2.4784e+00 2.5223e+00 2.6624e+00 3.0584e+00 3.0963e+00 2.9878e+00 2.9204e+00 2.8100e+00 2.7089e+00 2.8011e+00 2.7474e+00 2.6874e+00 2.6582e+00 2.6582e+00 2.5367e+00 2.3933e+00 2.3053e+00 2.2766e+00 2.2197e+00 2.2090e+00 2.1615e+00 1.9827e+00 1.8975e+00 1.8421e+00 1.8722e+00 1.8761e+00 1.9029e+00 2.1674e+00 2.2730e+00
-9.9990e+03 -9.9990e+03 -9.9990e+03 -9.9990e+03 -9.9990e+03 -9.9990e+03 -9.9990e+03 -9.9990e+03 -9.9990e+03 -9.9990e+03 -9.9990e+03 -9.9990e+03 -9.9990e+03 -9.9990e+03 -9.9990e+03 2.1459e+00 2.1804e+00 2.1647e+00 2.3728e+00 2.3405e+00 2.3152e+00 2.4750e+00 2.4299e+00 2.4015e+00 2.3751e+00 2.3226e+00 2.2766e+00 2.3612e+00 2.4662e+00 2.4662e+00 2.8802e+00 3.0098e+00 2.9480e+00 2.8420e+00 2.7201e+00 2.6192e+00 2.6373e+00 2.5927e+00 2.5481e+00 2.6077e+00 2.5109e+00 2.4032e+00 2.3364e+00 2.3136e+00 2.3321e+00 2.3001e+00 2.3001e+00 2.2897e+00 2.0953e+00 2.0050e+00 1.9341e+00 1.7929e+00 1.7733e+00 1.7691e+00 1.9498e+00 2.0365e+00
-9.9990e+03 -9.9990e+03 -9.9990e+03 -9.9990e+03 -9.9990e+03 -9.9990e+03 -9.9990e+03 -9.9990e+03 -9.9990e+03 -9.9990e+03 -9.9990e+03 -9.9990e+03 -9.9990e+03 -9.9990e+03 1.9619e+00 2.0129e+00 1.9882e+00 1.9609e+00 2.1378e+00 2.0837e+00 2.0199e+00 2.2165e+00 2.1556e+00 2.1607e+00 2.3777e+00 2.3340e+00 2.2911e+00 2.2365e+00 2.2878e+00 2.4818e+00 2.9306e+00 2.9816e+00 2.8510e+00 2.7074e+00 2.5938e+00 2.5938e+00 2.5391e+00 2.4838e+00 2.4349e+00 2.4930e+00 2.4187e+00 2.3423e+00 2.3282e+00 2.3010e+00 2.3058e+00 2.3508e+00 2.3511e+00 2.3365e+00 2.1953e+00 2.1302e+00 1.8662e+00 1.8662e+00 1.8250e+00 1.7691e+00 1.8004e+00 1.8584e+00
-9.9990e+03 -9.9990e+03 -9.9990e+03 -9.9990e+03 -9.9990e+03 -9.9990e+03 -9.9990e+03 -9.9990e+03 -9.9990e+03 -9.9990e+03 -9.9990e+03 -9.9990e+03 -9.9990e+03 -9.9990e+03 1.7575e+00 1.8499e+00 1.8566e+00 1.8630e+00 1.8866e+00 1.8221e+00 1.7333e+00 1.8109e+00 1.8214e+00 1.8938e+00 2.1999e+00 2.1943e+00 2.1949e+00 2.2568e+00 2.2715e+00 2.3916e+00 2.7453e+00 2.9349e+00 2.8277e+00 2.7045e+00 2.5584e+00 2.4668e+00 2.4300e+00 2.3712e+00 2.3342e+00 2.3338e+00 2.3021e+00 2.3021e+00 2.2884e+00 2.2674e+00 2.3058e+00 2.3085e+00 2.2931e+00 2.3365e+00 2.3068e+00 2.2781e+00 2.0524e+00 1.9831e+00 1.9267e+00 1.7921e+00 1.8174e+00 1.8708e+00
-9.9990e+03 -9.9990e+03 -9.9990e+03 -9.9990e+03 -9.9990e+03 -9.9990e+03 -9.9990e+03 -9.9990e+03 -9.9990e+03 -9.9990e+03 -9.9990e+03 -9.9990e+03 -9.9990e+03 -9.9990e+03 1.4920e+00 1.6737e+00 1.7023e+00 1.7272e+00 1.8424e+00 1.8114e+00 1.7996e+00 1.6867e+00 1.7068e+00 1.7840e+00 1.9562e+00 2.0101e+00 2.0319e+00 2.2248e+00 2.3285e+00 2.5112e+00 2.6056e+00 2.8544e+00 2.8850e+00 2.6624e+00 2.4975e+00 2.4122e+00 2.3928e+00 2.3379e+00 2.3342e+00 2.3068e+00 2.3264e+00 2.2865e+00 2.2923e+00 2.2920e+00 2.2522e+00 2.2187e+00 2.2187e+00 2.2772e+00 2.2694e+00 2.2860e+00 2.2272e+00 2.1641e+00 2.1029e+00 1.9041e+00 1.9179e+00 1.9541e+00
-9.9990e+03 -9.9990e+03 -9.9990e+03 -9.9990e+03 -9.9990e+03 -9.9990e+03 -9.9990e+03 -9.9990e+03 -9.9990e+03 -9.9990e+03 -9.9990e+03 -9.9990e+03 -9.9990e+03 1.2554e+00 1.1737e+00 1.4618e+00 1.4889e+00 1.4694e+00 1.7317e+00 1.7317e+00 1.7745e+00 1.8135e+00 1.8295e+00 1.8637e+00 1.8535e+00 1.9216e+00 1.9271e+00 2.0833e+00 2.1875e+00 2.5112e+00 2.8424e+00 3.0380e+00 2.7479e+00 2.5507e+00 2.4085e+00 2.4122e+00 2.3596e+00 2.3293e+00 2.3058e+00 2.2934e+00 2.3512e+00 2.3658e+00 2.4008e+00 2.3961e+00 2.2709e+00 2.2279e+00 2.1737e+00 2.1650e+00 2.1930e+00 2.2391e+00 2.2729e+00 2.2336e+00 2.2336e+00 2.0784e+00 2.0900e+00 2.1147e+00
-9.9990e+03 -9.9990e+03 -9.9990e+03 -9.9990e+03 -9.9990e+03 -9.9990e+03 -9.9990e+03 -9.9990e+03 -9.9990e+03 -9.9990e+03 -9.9990e+03 -9.9990e+03 -9.9990e+03 1.0729e+00 9.7156e-01 1.2233e+00 1.2417e+00 1.2388e+00 1.5064e+00 1.5488e+00 1.6533e+00 1.8864e+00 1.8962e+00 1.8653e+00 1.8653e+00 1.8682e+00 1.9271e+00 1.9373e+00 1.9696e+00 2.3772e+00 2.6813e+00 3.0025e+00 2.9930e+00 2.8063e+00 2.5699e+00 2.3258e+00 2.3064e+00 2.2965e+00 2.2899e+00 2.3267e+00 2.3693e+00 2.4192e+00 2.4645e+00 2.4549e+00 2.3547e+00 2.2993e+00 2.2402e+00 2.1336e+00 2.1367e+00 2.1803e+00 2.2853e+00 2.3032e+00 2.2979e+00 2.2203e+00 2.2317e+00 2.2263e+00
-9.9990e+03 -9.9990e+03 -9.9990e+03 -9.9990e+03 -9.9990e+03 -9.9990e+03 -9.9990e+03 -9.9990e+03 -9.9990e+03 -9.9990e+03 -9.9990e+03 -9.9990e+03 -9.9990e+03 1.0002e+00 1.0002e+00 9.8225e-01 1.0199e+00 1.2388e+00 1.2480e+00 1.2426e+00 1.6533e+00 1.7236e+00 1.7010e+00 1.8375e+00 1.7326e+00 1.6134e+00 1.7979e+00 1.7948e+00 1.8746e+00 2.3301e+00 2.3301e+00 2.6407e+00 3.1351e+00 3.0251e+00 2.8420e+00 2.3801e+00 2.3241e+00 2.3305e+00 2.2924e+00 2.2879e+00 2.2679e+00 2.3860e+00 2.3677e+00 2.3355e+00 2.3566e+00 2.3074e+00 2.2651e+00 2.1959e+00 2.1715e+00 2.1709e+00 2.2371e+00 2.2837e+00 2.2949e+00 2.2869e+00 2.2732e+00 2.2263e+00
-9.9990e+03 -9.9990e+03 -9.9990e+03 -9.9990e+03 -9.9990e+03 -9.9990e+03 -9.9990e+03 -9.9990e+03 -9.9990e+03 -9.9990e+03 -9.9990e+03 -9.9990e+03 -9.9990e+03 1.1116e+00 9.9075e-01 9.5497e-01 9.0508e-01 1.0234e+00 9.9002e-01 9.9002e-01 1.2467e+00 1.2526e+00 1.2528e+00 1.5946e+00 1.4224e+00 1.2626e+00 1.5240e+00 1.5213e+00 1.6321e+00 2.0084e+00 2.2322e+00 2.4657e+00 3.0489e+00 3.0523e+00 2.9430e+00 2.5269e+00 2.5269e+00 2.4705e+00 2.3430e+00 2.3143e+00 2.2523e+00 2.2232e+00 2.1803e+00 2.1543e+00 2.3071e+00 2.2834e+00 2.2651e+00 2.2232e+00 2.1831e+00 2.1838e+00 2.2147e+00 2.2344e+00 2.2949e+00 2.2850e+00 2.2644e+00 2.2575e+00
-9.9990e+03 -9.9990e+03 -9.9990e+03 -9.9990e+03 -9.9990e+03 -9.9990e+03 -9.9990e+03 -9.9990e+03 -9.9990e+03 -9.9990e+03 -9.9990e+03 -9.9990e+03 -9.9990e+03 1.1446e+00 1.0761e+00 1.0012e+00 8.9430e-01 8.9511e-01 9.0665e-01 9.5776e-01 9.6561e-01 1.0200e+00 1.1154e+00 1.0815e+00 1.0239e+00 1.0239e+00 1.1606e+00 1.1870e+00 1.3807e+00 1.7723e+00 1.9476e+00 2.1129e+00 2.6585e+00 2.8107e+00 2.8222e+00 2.7984e+00 2.6603e+00 2.5638e+00 2.4165e+00 2.3448e+00 2.1630e+00 2.1630e+00 2.0926e+00 2.1543e+00 2.1536e+00 2.1704e+00 2.2537e+00 2.2164e+00 2.1792e+00 2.1561e+00 2.1585e+00 2.1824e+00 2.2421e+00 2.2426e+00 2.2436e+00 2.2486e+00
-9.9990e+03 -9.9990e+03 -9.9990e+03 -9.9990e+03 -9.9990e+03 -9.9990e+03 -9.9990e+03 -9.9990e+03 -9.9990e+03 -9.9990e+03 -9.9990e+03 -9.9990e+03 -9.9990e+03 1.1453e+00 1.0907e+00 9.7356e-01 8.7514e-01 8.6651e-01 9.3101e-01 1.0908e+00 1.0507e+00 1.1731e+00 1.3405e+00 1.1727e+00 1.2244e+00 1.3826e+00 1.1696e+00 1.3774e+00 1.5825e+00 1.7094e+00 1.8726e+00 1.8726e+00 2.2149e+00 2.3282e+00 2.8222e+00 2.7122e+00 2.5654e+00 2.5638e+00 2.4920e+00 2.4268e+00 2.2451e+00 2.1637e+00 2.1171e+00 2.0644e+00 2.1053e+00 2.1496e+00 2.1830e+00 2.1830e+00 2.1787e+00 2.1540e+00 2.1548e+00 2.1790e+00 2.2056e+00 2.2208e+00 2.2235e+00 2.2414e+00
-9.9990e+03 -9.9990e+03 -9.9990e+03 -9.9990e+03 -9.9990e+03 -9.9990e+03 -9.9990e+03 -9.9990e+03 -9.9990e+03 -9.9990e+03 -9.9990e+03 -9.9990e+03 -9.9990e+03 1.3670e+00 1.0485e+00 1.0142e+00 1.0233e+00 9.5436e-01 1.2076e+00 1.5341e+00 1.2746e+00 1.4758e+00 1.8016e+00 1.5070e+00 1.7402e+00 1.3826e+00 1.5504e+00 1.7254e+00 1.5825e+00 1.6969e+00 1.8138e+00 1.9562e+00 2.0508e+00 2.1390e+00 2.3591e+00 2.2773e+00 2.2773e+00 2.4557e+00 2.3926e+00 2.3624e+00 2.3536e+00 2.2914e+00 2.2490e+00 2.1210e+00 2.1586e+00 2.1969e+00 2.1841e+00 2.2039e+00 2.2032e+00 2.1782e+00 2.1911e+00 2.2026e+00 2.2171e+00 2.2171e+00 2.2116e+00 2.2155e+00
-9.9990e+03 -9.9990e+03 -9.9990e+03 -9.9990e+03 -9.9990e+03 -9.9990e+03 -9.9990e+03 -9.9990e+03 -9.9990e+03 -9.9990e+03 -9.9990e+03 -9.9990e+03 -9.9990e+03 1.7674e+00 1.3622e+00 1.4266e+00 1.5224e+00 1.1547e+00 1.4541e+00 1.5341e+00 1.8636e+00 2.1695e+00 2.1138e+00 2.3863e+00 2.4502e+00 1.9191e+00 2.0325e+00 2.0390e+00 1.8319e+00 1.8388e+00 1.8492e+00 1.8899e+00 1.9899e+00 2.0959e+00 2.1366e+00 2.0745e+00 2.0383e+00 2.1944e+00 2.1976e+00 2.2200e+00 2.3305e+00 2.2895e+00 2.2895e+00 2.2309e+00 2.2272e+00 2.2233e+00 2.2174e+00 2.2246e+00 2.2069e+00 2.1976e+00 2.1863e+00 2.1737e+00 2.1991e+00 2.1847e+00 2.1564e+00 2.1592e+00
-9.9990e+03 -9.9990e+03 -9.9990e+03 -9.9990e+03 -9.9990e+03 -9.9990e+03 -9.9990e+03 -9.9990e+03 -9.9990e+03 -9.9990e+03 -9.9990e+03 -9.9990e+03 -9.9990e+03 1.9798e+00 1.9798e+00 2.1136e+00 1.5224e+00 1.6423e+00 1.8003e+00 1.7686e+00 2.0658e+00 2.2089e+00 2.3862e+00 2.4174e+00 2.2251e+00 2.3154e+00 2.0758e+00 1.8579e+00 1.8689e+00 1.8464e+00 1.9373e+00 1.9112e+00 2.0163e+00 2.1631e+00 2.1221e+00 2.0652e+00 2.0165e+00 2.0206e+00 2.0249e+00 2.0482e+00 2.2341e+00 2.2074e+00 2.1428e+00 2.1724e+00 2.1318e+00 2.1207e+00 2.2076e+00 2.1871e+00 2.1871e+00 2.1815e+00 2.1473e+00 2.1737e+00 2.1570e+00 2.1442e+00 2.1564e+00 2.1245e+00
-9.9990e+03 -9.9990e+03 -9.9990e+03 -9.9990e+03 -9.9990e+03 -9.9990e+03 -9.9990e+03 -9.9990e+03 -9.9990e+03 -9.9990e+03 -9.9990e+03 -9.9990e+03 -9.9990e+03 2.3083e+00 2.5286e+00 2.6332e+00 2.2830e+00 2.2949e+00 2.2453e+00 2.0681e+00 2.0681e+00 2.0753e+00 2.2104e+00 2.0765e+00 1.8866e+00 1.9560e+00 1.7419e+00 1.6219e+00 1.7383e+00 1.7633e+00 1.8806e+00 2.0820e+00 2.2641e+00 2.3640e+00 2.1814e+00 2.1080e+00 2.0580e+00 1.9820e+00 1.9678e+00 1.9759e+00 2.0787e+00 2.0872e+00 2.0639e+00 2.0715e+00 2.0165e+00 2.1207e+00 2.1318e+00 2.1432e+00 2.1536e+00 2.1078e+00 2.0651e+00 2.0943e+00 2.0858e+00 2.0858e+00 2.1264e+00 2.1016e+00
-9.9990e+03 -9.9990e+03 -9.9990e+03 -9.9990e+03 -9.9990e+03 -9.9990e+03 -9.9990e+03 -9.9990e+03 -9.9990e+03 -9.9990e+03 -9.9990e+03 -9.9990e+03 -9.9990e+03 2.5192e+00 2.5859e+00 2.5770e+00 2.6323e+00 2.5772e+00 2.5017e+00 2.1742e+00 2.0691e+00 1.9773e+00 1.8985e+00 1.8221e+00 1.7937e+00 1.6519e+00 1.6519e+00 1.6048e+00 1.5790e+00 1.6324e+00 1.7617e+00 2.0628e+00 2.2603e+00 2.4085e+00 2.3557e+00 2.2711e+00 2.0580e+00 2.0282e+00 2.0114e+00 2.0007e+00 2.0238e+00 2.0330e+00 2.0639e+00 2.0144e+00 1.9606e+00 2.0067e+00 2.0269e+00 2.0573e+00 2.1360e+00 2.1044e+00 2.0619e+00 2.0300e+00 2.0130e+00 1.9947e+00 2.0527e+00 2.0157e+00
