bias_correction/pipeline/UV_0_s_2.3_d_200.asc
ncols        88
nrows        90
xllcorner    2777636
yllcorner    1185112
cellsize     25
NODATA_value -9999
[rows 50 to 74 of 90, columns 0 to 55 of 88]
-9.9990e+03 -9.9990e+03 -9.9990e+03 -9.9990e+03 -9.9990e+03 -9.9990e+03 -9.9990e+03 -9.9990e+03 -9.9990e+03 -9.9990e+03 -9.9990e+03 -9.9990e+03 -9.9990e+03 2.6663e+00 2.5820e+00 2.5820e+00 2.5619e+00 2.5623e+00 2.5815e+00 2.4089e+00 2.3082e+00 2.2162e+00 1.9350e+00 1.9508e+00 1.9810e+00 1.7842e+00 1.7588e+00 1.7041e+00 1.5776e+00 1.6331e+00 1.9286e+00 1.9286e+00 2.1073e+00 2.4085e+00 2.4469e+00 2.3869e+00 2.2004e+00 2.1399e+00 2.0774e+00 2.0125e+00 2.0260e+00 2.0409e+00 2.0136e+00 1.9643e+00 1.8959e+00 1.8989e+00 1.8921e+00 1.8949e+00 2.0746e+00 2.0778e+00 2.0605e+00 2.0164e+00 1.9815e+00 1.9452e+00 1.9718e+00 1.9397e+00
-9.9990e+03 -9.9990e+03 -9.9990e+03 -9.9990e+03 -9.9990e+03 -9.9990e+03 -9.9990e+03 -9.9990e+03 -9.9990e+03 -9.9990e+03 -9.9990e+03 -9.9990e+03 -9.9990e+03 2.5231e+00 2.4510e+00 2.3780e+00 2.4924e+00 2.5060e+00 2.5043e+00 2.5360e+00 2.5360e+00 2.4459e+00 2.1646e+00 2.1571e+00 1.9810e+00 2.0092e+00 1.9893e+00 1.7041e+00 1.6680e+00 1.6676e+00 1.7393e+00 1.9034e+00 2.0841e+00 2.3740e+00 2.3802e+00 2.3287e+00 2.2218e+00 2.2218e+00 2.1142e+00 2.0302e+00 2.0077e+00 2.0050e+00 2.0302e+00 1.9826e+00 1.8990e+00 1.8234e+00 1.7608e+00 1.7335e+00 1.9140e+00 1.9351e+00 1.9411e+00 1.9867e+00 1.9323e+00 1.8716e+00 1.9139e+00 1.8809e+00
-9.9990e+03 -9.9990e+03 -9.9990e+03 -9.9990e+03 -9.9990e+03 -9.9990e+03 -9.9990e+03 -9.9990e+03 -9.9990e+03 -9.9990e+03 -9.9990e+03 -9.9990e+03 -9.9990e+03 2.2764e+00 2.2798e+00 2.3780e+00 2.3524e+00 2.3729e+00 2.5043e+00 2.4747e+00 2.3876e+00 2.3445e+00 2.2606e+00 2.2021e+00 2.1687e+00 2.1441e+00 2.1441e+00 1.9276e+00 1.8771e+00 1.8646e+00 1.7209e+00 1.8554e+00 2.0358e+00 2.2358e+00 2.3061e+00 2.2962e+00 2.2593e+00 2.1504e+00 2.0287e+00 1.9469e+00 1.9205e+00 1.9021e+00 1.9530e+00 1.9530e+00 1.8910e+00 1.8065e+00 1.7265e+00 1.6951e+00 1.7497e+00 1.7936e+00 1.8329e+00 1.9193e+00 1.8653e+00 1.8716e+00 1.8053e+00 1.7439e+00
-9.9990e+03 -9.9990e+03 -9.9990e+03 -9.9990e+03 -9.9990e+03 -9.9990e+03 -9.9990e+03 -9.9990e+03 -9.9990e+03 -9.9990e+03 -9.9990e+03 -9.9990e+03 -9.9990e+03 2.2701e+00 2.4568e+00 2.2988e+00 2.3438e+00 2.3985e+00 2.3721e+00 2.3351e+00 2.2668e+00 2.2741e+00 2.1789e+00 2.1363e+00 2.1897e+00 2.1854e+00 2.1844e+00 2.0562e+00 2.0597e+00 2.0899e+00 1.9931e+00 2.1502e+00 2.1502e+00 2.2079e+00 2.3097e+00 2.3279e+00 2.2638e+00 2.2069e+00 2.1216e+00 1.9373e+00 1.8811e+00 1.8415e+00 1.8734e+00 1.8375e+00 1.7996e+00 1.7652e+00 1.7417e+00 1.7039e+00 1.7039e+00 1.7427e+00 1.8329e+00 1.8444e+00 1.8179e+00 1.7880e+00 1.7032e+00 1.6332e+00
-9.9990e+03 -9.9990e+03 -9.9990e+03 -9.9990e+03 -9.9990e+03 -9.9990e+03 -9.9990e+03 -9.9990e+03 -9.9990e+03 -9.9990e+03 -9.9990e+03 -9.9990e+03 -9.9990e+03 2.3230e+00 2.5819e+00 2.5674e+00 2.5948e+00 2.5025e+00 2.3353e+00 2.2747e+00 2.1902e+00 2.1726e+00 2.0937e+00 2.0704e+00 2.1640e+00 2.2333e+00 2.2999e+00 2.1909e+00 2.2152e+00 2.2692e+00 2.1816e+00 2.3190e+00 2.4596e+00 2.4319e+00 2.4703e+00 2.4709e+00 2.3226e+00 2.2846e+00 2.2846e+00 2.0330e+00 1.9565e+00 1.8415e+00 1.8017e+00 1.7736e+00 1.7996e+00 1.7782e+00 1.7607e+00 1.7415e+00 1.7556e+00 1.7800e+00 1.8069e+00 1.8072e+00 1.7766e+00 1.6716e+00 1.6716e+00 1.6055e+00
-9.9990e+03 -9.9990e+03 -9.9990e+03 -9.9990e+03 -9.9990e+03 -9.9990e+03 -9.9990e+03 -9.9990e+03 -9.9990e+03 -9.9990e+03 -9.9990e+03 -9.9990e+03 -9.9990e+03 2.2811e+00 2.4727e+00 2.7090e+00 2.6668e+00 2.5374e+00 2.4011e+00 2.3177e+00 2.2531e+00 2.1122e+00 2.0739e+00 2.1215e+00 2.2486e+00 2.3992e+00 2.5385e+00 2.3560e+00 2.4117e+00 2.5037e+00 2.3719e+00 2.5092e+00 2.6271e+00 2.5683e+00 2.6025e+00 2.4709e+00 2.4678e+00 2.4236e+00 2.1980e+00 2.0958e+00 2.0110e+00 1.8581e+00 1.8422e+00 1.8422e+00 1.7681e+00 1.7850e+00 1.7924e+00 1.7461e+00 1.7415e+00 1.7606e+00 1.8121e+00 1.8479e+00 1.8657e+00 1.7397e+00 1.7094e+00 1.7104e+00
-9.9990e+03 -9.9990e+03 -9.9990e+03 -9.9990e+03 -9.9990e+03 -9.9990e+03 -9.9990e+03 -9.9990e+03 -9.9990e+03 -9.9990e+03 -9.9990e+03 -9.9990e+03 -9.9990e+03 2.1605e+00 2.2173e+00 2.4994e+00 2.4994e+00 2.4584e+00 2.4059e+00 2.3245e+00 2.3026e+00 2.2250e+00 2.2328e+00 2.3159e+00 2.2830e+00 2.5245e+00 2.5385e+00 2.6628e+00 2.7598e+00 2.6153e+00 2.7134e+00 2.7868e+00 2.6271e+00 2.7108e+00 2.7284e+00 2.5817e+00 2.5485e+00 2.4966e+00 2.3092e+00 2.1781e+00 2.0641e+00 1.9818e+00 1.9887e+00 1.9883e+00 1.8701e+00 1.8884e+00 1.8983e+00 1.7814e+00 1.7992e+00 1.7992e+00 1.8051e+00 1.8751e+00 1.9468e+00 1.8580e+00 1.8352e+00 1.8237e+00
-9.9990e+03 -9.9990e+03 -9.9990e+03 -9.9990e+03 -9.9990e+03 -9.9990e+03 -9.9990e+03 -9.9990e+03 -9.9990e+03 -9.9990e+03 -9.9990e+03 -9.9990e+03 -9.9990e+03 2.1563e+00 2.2651e+00 2.3201e+00 2.4216e+00 2.4801e+00 2.3496e+00 2.3581e+00 2.3537e+00 2.3537e+00 2.4686e+00 2.3159e+00 2.4985e+00 2.7317e+00 2.7533e+00 2.9052e+00 2.9300e+00 2.7970e+00 2.8061e+00 2.8141e+00 2.8401e+00 2.8487e+00 2.8385e+00 2.6632e+00 2.6467e+00 2.6135e+00 2.3997e+00 2.2812e+00 2.1405e+00 2.0234e+00 2.0359e+00 2.0285e+00 1.9742e+00 1.9595e+00 1.9620e+00 1.9114e+00 1.9214e+00 1.9298e+00 1.9395e+00 2.0553e+00 2.1501e+00 1.9804e+00 1.9498e+00 1.9498e+00
-9.9990e+03 -9.9990e+03 -9.9990e+03 -9.9990e+03 -9.9990e+03 -9.9990e+03 -9.9990e+03 -9.9990e+03 -9.9990e+03 -9.9990e+03 -9.9990e+03 -9.9990e+03 -9.9990e+03 2.4933e+00 2.2651e+00 2.4363e+00 2.6103e+00 2.4801e+00 2.5082e+00 2.5683e+00 2.4736e+00 2.6552e+00 2.8570e+00 2.7981e+00 2.9225e+00 2.9031e+00 2.9672e+00 2.9672e+00 2.8811e+00 2.8482e+00 2.7499e+00 2.6935e+00 2.8445e+00 2.8539e+00 2.8645e+00 2.8138e+00 2.8457e+00 2.8992e+00 2.5505e+00 2.4167e+00 2.3039e+00 2.0512e+00 2.0401e+00 2.0337e+00 2.0014e+00 1.9824e+00 1.9818e+00 1.9779e+00 1.9773e+00 1.9545e+00 1.9634e+00 2.0361e+00 2.1501e+00 2.1860e+00 2.1573e+00 1.9247e+00
-9.9990e+03 -9.9990e+03 -9.9990e+03 -9.9990e+03 -9.9990e+03 -9.9990e+03 -9.9990e+03 -9.9990e+03 -9.9990e+03 -9.9990e+03 -9.9990e+03 -9.9990e+03 -9.9990e+03 2.7038e+00 2.7013e+00 2.8568e+00 2.8568e+00 2.7512e+00 2.8422e+00 2.9245e+00 2.6991e+00 2.8688e+00 3.0114e+00 2.9888e+00 2.9633e+00 2.7815e+00 2.7686e+00 2.6442e+00 2.5639e+00 2.5984e+00 2.5469e+00 2.5714e+00 2.7090e+00 2.7090e+00 2.7343e+00 2.8565e+00 2.9110e+00 3.0062e+00 2.9298e+00 2.8357e+00 2.6915e+00 2.2376e+00 2.2043e+00 2.0337e+00 2.0421e+00 2.0516e+00 1.9936e+00 1.9810e+00 1.9414e+00 1.9545e+00 1.9241e+00 1.9209e+00 2.1296e+00 2.2067e+00 2.2292e+00 2.0901e+00
-9.9990e+03 -9.9990e+03 -9.9990e+03 -9.9990e+03 -9.9990e+03 -9.9990e+03 -9.9990e+03 -9.9990e+03 -9.9990e+03 -9.9990e+03 -9.9990e+03 -9.9990e+03 -9.9990e+03 2.5868e+00 2.7812e+00 2.8985e+00 3.0386e+00 3.1169e+00 3.1616e+00 3.1826e+00 3.1111e+00 3.1311e+00 3.1311e+00 3.0440e+00 2.9236e+00 2.7329e+00 2.5900e+00 2.5126e+00 2.5261e+00 2.5332e+00 2.5603e+00 2.6390e+00 2.6067e+00 2.6572e+00 2.7001e+00 2.7911e+00 2.8988e+00 3.1103e+00 3.1103e+00 3.1226e+00 2.6915e+00 2.5545e+00 2.4790e+00 2.1894e+00 2.1930e+00 2.1756e+00 2.0389e+00 1.9962e+00 1.9303e+00 1.8865e+00 1.8473e+00 1.8439e+00 2.0284e+00 2.0906e+00 2.1122e+00 2.1824e+00
-9.9990e+03 -9.9990e+03 -9.9990e+03 -9.9990e+03 -9.9990e+03 -9.9990e+03 -9.9990e+03 -9.9990e+03 -9.9990e+03 -9.9990e+03 -9.9990e+03 -9.9990e+03 -9.9990e+03 2.5115e+00 2.6906e+00 2.7935e+00 2.8909e+00 3.1290e+00 3.1567e+00 3.1331e+00 3.1505e+00 3.0521e+00 2.8945e+00 2.8789e+00 2.7217e+00 2.6044e+00 2.5210e+00 2.5210e+00 2.5464e+00 2.5807e+00 2.6723e+00 2.6390e+00 2.7177e+00 2.7890e+00 2.7001e+00 2.7829e+00 2.9053e+00 3.0521e+00 3.2174e+00 3.3414e+00 2.9026e+00 2.8272e+00 2.7879e+00 2.4100e+00 2.4100e+00 2.3664e+00 2.1283e+00 2.0736e+00 2.0314e+00 1.8629e+00 1.8160e+00 1.7986e+00 1.8777e+00 1.9368e+00 1.9871e+00 2.1040e+00
-9.9990e+03 -9.9990e+03 -9.9990e+03 -9.9990e+03 -9.9990e+03 -9.9990e+03 -9.9990e+03 -9.9990e+03 -9.9990e+03 -9.9990e+03 -9.9990e+03 -9.9990e+03 -9.9990e+03 2.5599e+00 2.6741e+00 2.7257e+00 2.7745e+00 2.9577e+00 2.9882e+00 2.9818e+00 3.0366e+00 2.8942e+00 2.8945e+00 2.7578e+00 2.6648e+00 2.6044e+00 2.5561e+00 2.5568e+00 2.6193e+00 2.6959e+00 2.7788e+00 2.8754e+00 2.9567e+00 2.9567e+00 2.8643e+00 2.9588e+00 3.1040e+00 3.0753e+00 3.3079e+00 3.5780e+00 3.3902e+00 3.4062e+00 3.4238e+00 2.7623e+00 2.7309e+00 2.7561e+00 2.3435e+00 2.3770e+00 2.4295e+00 2.0133e+00 2.0133e+00 2.0249e+00 1.8135e+00 1.8684e+00 1.9670e+00 2.0328e+00
-9.9990e+03 -9.9990e+03 -9.9990e+03 -9.9990e+03 -9.9990e+03 -9.9990e+03 -9.9990e+03 -9.9990e+03 -9.9990e+03 -9.9990e+03 -9.9990e+03 -9.9990e+03 -9.9990e+03 2.7478e+00 2.5912e+00 2.6252e+00 2.7745e+00 2.8191e+00 2.8406e+00 2.8884e+00 2.7633e+00 2.6322e+00 2.7346e+00 2.6265e+00 2.5801e+00 2.6065e+00 2.5871e+00 2.5838e+00 2.5971e+00 2.6439e+00 2.7290e+00 2.8829e+00 3.0158e+00 3.1843e+00 3.1782e+00 3.3291e+00 3.4797e+00 3.4823e+00 3.7087e+00 3.7087e+00 3.7900e+00 3.9204e+00 4.0307e+00 3.4449e+00 3.4903e+00 3.5935e+00 2.8444e+00 2.9926e+00 3.1763e+00 2.5137e+00 2.6176e+00 2.7592e+00 2.1437e+00 2.3148e+00 2.1023e+00 2.1023e+00
-9.9990e+03 -9.9990e+03 -9.9990e+03 -9.9990e+03 -9.9990e+03 -9.9990e+03 -9.9990e+03 -9.9990e+03 -9.9990e+03 -9.9990e+03 -9.9990e+03 -9.9990e+03 -9.9990e+03 2.7478e+00 2.7418e+00 2.7471e+00 2.6873e+00 2.7469e+00 2.7598e+00 2.8111e+00 2.7360e+00 2.6480e+00 2.5539e+00 2.5113e+00 2.4991e+00 2.5769e+00 2.5890e+00 2.6165e+00 2.6043e+00 2.6415e+00 2.7233e+00 2.8791e+00 3.0786e+00 3.3370e+00 3.3873e+00 3.5632e+00 3.6814e+00 3.6139e+00 3.6555e+00 3.6252e+00 4.0448e+00 4.1508e+00 4.2306e+00 4.2541e+00 4.2541e+00 4.3756e+00 3.7414e+00 3.9261e+00 3.1763e+00 3.4055e+00 3.6338e+00 2.7592e+00 2.9558e+00 3.2058e+00 2.5421e+00 2.8085e+00
-9.9990e+03 -9.9990e+03 -9.9990e+03 -9.9990e+03 -9.9990e+03 -9.9990e+03 -9.9990e+03 -9.9990e+03 -9.9990e+03 -9.9990e+03 -9.9990e+03 -9.9990e+03 -9.9990e+03 2.8775e+00 2.8105e+00 2.7664e+00 2.7856e+00 2.7856e+00 2.7350e+00 2.7252e+00 2.6580e+00 2.5789e+00 2.5641e+00 2.5081e+00 2.4909e+00 2.5022e+00 2.5266e+00 2.5934e+00 2.6542e+00 2.7320e+00 2.8551e+00 3.1126e+00 3.3747e+00 3.5609e+00 3.6051e+00 3.7629e+00 3.7540e+00 3.6988e+00 3.5107e+00 3.2614e+00 3.5132e+00 3.4114e+00 4.2306e+00 4.2617e+00 4.2920e+00 4.4870e+00 4.5332e+00 4.5466e+00 4.3139e+00 4.4640e+00 4.4640e+00 3.8871e+00 4.0971e+00 4.1883e+00 3.4366e+00 3.5939e+00
-9.9990e+03 -9.9990e+03 -9.9990e+03 -9.9990e+03 -9.9990e+03 -9.9990e+03 -9.9990e+03 -9.9990e+03 -9.9990e+03 -9.9990e+03 -9.9990e+03 -9.9990e+03 -9.9990e+03 3.0047e+00 2.9077e+00 2.8334e+00 2.7179e+00 2.6585e+00 2.6253e+00 2.5814e+00 2.5131e+00 2.4526e+00 2.4556e+00 2.4556e+00 2.4672e+00 2.5000e+00 2.5331e+00 2.5950e+00 2.6707e+00 2.7418e+00 2.8208e+00 3.0325e+00 3.1658e+00 3.5609e+00 3.5797e+00 3.3837e+00 3.5248e+00 3.2236e+00 2.9351e+00 3.2614e+00 3.0135e+00 2.8171e+00 3.3348e+00 3.2798e+00 3.2759e+00 4.2529e+00 4.1128e+00 3.8896e+00 4.4233e+00 4.1960e+00 3.9024e+00 4.5066e+00 4.3164e+00 4.0935e+00 4.0822e+00 3.9449e+00
-9.9990e+03 -9.9990e+03 -9.9990e+03 -9.9990e+03 -9.9990e+03 -9.9990e+03 -9.9990e+03 -9.9990e+03 -9.9990e+03 -9.9990e+03 -9.9990e+03 -9.9990e+03 -9.9990e+03 3.1744e+00 3.0850e+00 3.0021e+00 2.7629e+00 2.7024e+00 2.6993e+00 2.5904e+00 2.5536e+00 2.5580e+00 2.4425e+00 2.4887e+00 2.5862e+00 2.5601e+00 2.5937e+00 2.6714e+00 2.6714e+00 2.7203e+00 2.8208e+00 2.8883e+00 2.8847e+00 3.2174e+00 3.1420e+00 2.9384e+00 3.1003e+00 2.8467e+00 2.6801e+00 2.7178e+00 2.5387e+00 2.4120e+00 2.5395e+00 2.5031e+00 2.5138e+00 3.2558e+00 3.1698e+00 3.0346e+00 3.6021e+00 3.3104e+00 3.0553e+00 3.6208e+00 3.4152e+00 3.2934e+00 3.9017e+00 3.7550e+00
-9.9990e+03 -9.9990e+03 -9.9990e+03 -9.9990e+03 -9.9990e+03 -9.9990e+03 -9.9990e+03 -9.9990e+03 -9.9990e+03 -9.9990e+03 -9.9990e+03 -9.9990e+03 -9.9990e+03 -9.9990e+03 -9.9990e+03 -9.9990e+03 2.8456e+00 2.8456e+00 2.8473e+00 2.7350e+00 2.7943e+00 2.5580e+00 2.5896e+00 2.6444e+00 2.5862e+00 2.6952e+00 2.7778e+00 2.6395e+00 2.6635e+00 2.6864e+00 2.7550e+00 2.6873e+00 2.6221e+00 2.7627e+00 2.7627e+00 2.6090e+00 2.7307e+00 2.6112e+00 2.5533e+00 2.5511e+00 2.4560e+00 2.3863e+00 2.3235e+00 2.2765e+00 2.2717e+00 2.5274e+00 2.5222e+00 2.5120e+00 2.7478e+00 2.6487e+00 2.5833e+00 2.8685e+00 2.7729e+00 2.7413e+00 3.2254e+00 3.1746e+00
-9.9990e+03 -9.9990e+03 -9.9990e+03 -9.9990e+03 -9.9990e+03 -9.9990e+03 -9.9990e+03 -9.9990e+03 -9.9990e+03 -9.9990e+03 -9.9990e+03 -9.9990e+03 -9.9990e+03 -9.9990e+03 -9.9990e+03 -9.9990e+03 -9.9990e+03 -9.9990e+03 2.8759e+00 2.9445e+00 3.0338e+00 2.9537e+00 3.0208e+00 3.0208e+00 2.7559e+00 2.9117e+00 3.0671e+00 2.8479e+00 2.9028e+00 2.9471e+00 2.6858e+00 2.6527e+00 2.5963e+00 2.5283e+00 2.3859e+00 2.2497e+00 2.4269e+00 2.4419e+00 2.4495e+00 2.4786e+00 2.4786e+00 2.4373e+00 2.3370e+00 2.3014e+00 2.2853e+00 2.2882e+00 2.3183e+00 2.3599e+00 2.5017e+00 2.4919e+00 2.4891e+00 2.5659e+00 2.5778e+00 2.7665e+00 2.7899e+00 2.8037e+00
-9.9990e+03 -9.9990e+03 -9.9990e+03 -9.9990e+03 -9.9990e+03 -9.9990e+03 -9.9990e+03 -9.9990e+03 -9.9990e+03 -9.9990e+03 -9.9990e+03 -9.9990e+03 -9.9990e+03 -9.9990e+03 -9.9990e+03 -9.9990e+03 -9.9990e+03 -9.9990e+03 -9.9990e+03 -9.9990e+03 -9.9990e+03 3.1198e+00 3.1983e+00 3.2776e+00 3.2134e+00 3.3212e+00 3.3904e+00 3.2729e+00 3.2856e+00 3.2856e+00 2.9712e+00 2.9304e+00 2.8296e+00 2.4875e+00 2.3318e+00 2.1630e+00 2.2072e+00 2.2485e+00 2.2669e+00 2.4166e+00 2.3698e+00 2.3431e+00 2.3720e+00 2.3472e+00 2.2815e+00 2.2815e+00 2.2990e+00 2.3599e+00 2.3971e+00 2.4296e+00 2.4891e+00 2.4983e+00 2.5082e+00 2.6072e+00 2.6357e+00 2.6654e+00
-9.9990e+03 -9.9990e+03 -9.9990e+03 -9.9990e+03 -9.9990e+03 -9.9990e+03 -9.9990e+03 -9.9990e+03 -9.9990e+03 -9.9990e+03 -9.9990e+03 -9.9990e+03 -9.9990e+03 -9.9990e+03 -9.9990e+03 -9.9990e+03 -9.9990e+03 -9.9990e+03 -9.9990e+03 -9.9990e+03 -9.9990e+03 -9.9990e+03 -9.9990e+03 -9.9990e+03 3.3461e+00 3.4006e+00 3.4010e+00 3.4110e+00 3.3939e+00 3.3799e+00 3.1956e+00 3.0684e+00 2.9156e+00 2.4557e+00 2.4557e+00 2.2741e+00 2.0672e+00 2.0819e+00 2.2669e+00 2.2570e+00 2.2361e+00 2.3431e+00 2.3280e+00 2.3154e+00 2.3321e+00 2.3356e+00 2.3434e+00 2.3560e+00 2.3765e+00 2.3895e+00 2.4761e+00 2.4761e+00 2.4951e+00 2.5229e+00 2.5454e+00 2.5825e+00
-9.9990e+03 -9.9990e+03 -9.9990e+03 -9.9990e+03 -9.9990e+03 -9.9990e+03 -9.9990e+03 -9.9990e+03 -9.9990e+03 -9.9990e+03 -9.9990e+03 -9.9990e+03 -9.9990e+03 -9.9990e+03 -9.9990e+03 -9.9990e+03 -9.9990e+03 -9.9990e+03 -9.9990e+03 -9.9990e+03 -9.9990e+03 -9.9990e+03 -9.9990e+03 -9.9990e+03 -9.9990e+03 -9.9990e+03 -9.9990e+03 3.3302e+00 3.2381e+00 3.1769e+00 3.3112e+00 3.1962e+00 2.9156e+00 2.7196e+00 2.5296e+00 2.1466e+00 2.1284e+00 2.1892e+00 2.1721e+00 2.1998e+00 2.1998e+00 2.2435e+00 2.2639e+00 2.2795e+00 2.3187e+00 2.3289e+00 2.3400e+00 2.3506e+00 2.3459e+00 2.3294e+00 2.4099e+00 2.4426e+00 2.4790e+00 2.5150e+00 2.5102e+00 2.4958e+00
-9.9990e+03 -9.9990e+03 -9.9990e+03 -9.9990e+03 -9.9990e+03 -9.9990e+03 -9.9990e+03 -9.9990e+03 -9.9990e+03 -9.9990e+03 -9.9990e+03 -9.9990e+03 -9.9990e+03 -9.9990e+03 -9.9990e+03 -9.9990e+03 -9.9990e+03 -9.9990e+03 -9.9990e+03 -9.9990e+03 -9.9990e+03 -9.9990e+03 -9.9990e+03 -9.9990e+03 -9.9990e+03 -9.9990e+03 -9.9990e+03 -9.9990e+03 -9.9990e+03 3.1769e+00 3.1049e+00 3.0155e+00 3.0500e+00 2.8604e+00 2.6701e+00 2.3811e+00 2.3340e+00 2.3663e+00 2.2641e+00 2.3224e+00 2.3941e+00 2.2862e+00 2.3110e+00 2.3230e+00 2.3077e+00 2.3254e+00 2.3254e+00 2.3421e+00 2.3376e+00 2.3104e+00 2.3233e+00 2.3314e+00 2.3476e+00 2.4690e+00 2.4139e+00 2.3151e+00
-9.9990e+03 -9.9990e+03 -9.9990e+03 -9.9990e+03 -9.9990e+03 -9.9990e+03 -9.9990e+03 -9.9990e+03 -9.9990e+03 -9.9990e+03 -9.9990e+03 -9.9990e+03 -9.9990e+03 -9.9990e+03 -9.9990e+03 -9.9990e+03 -9.9990e+03 -9.9990e+03 -9.9990e+03 -9.9990e+03 -9.9990e+03 -9.9990e+03 -9.9990e+03 -9.9990e+03 -9.9990e+03 -9.9990e+03 -9.9990e+03 -9.9990e+03 -9.9990e+03 -9.9990e+03 -9.9990e+03 -9.9990e+03 2.8059e+00 2.6904e+00 2.5859e+00 2.5175e+00 2.4569e+00 2.4671e+00 2.4498e+00 2.5379e+00 2.6111e+00 2.4585e+00 2.4818e+00 2.4773e+00 2.3210e+00 2.3283e+00 2.3412e+00 2.3476e+00 2.3356e+00 2.3182e+00 2.2468e+00 2.2468e+00 2.2132e+00 2.3299e+00 2.2605e+00 2.3151e+00
