bias_correction/pipeline/UV_1_s_1.3_d_235.asc
ncols        88
nrows        90
xllcorner    2777636
yllcorner    1185112
cellsize     25
NODATA_value -9999
[rows 50 to 74 of 90, columns 0 to 55 of 88]
-9.9990e+03 -9.9990e+03 -9.9990e+03 -9.9990e+03 -9.9990e+03 -9.9990e+03 -9.9990e+03 -9.9990e+03 -9.9990e+03 -9.9990e+03 -9.9990e+03 -9.9990e+03 -9.9990e+03 1.5463e+00 1.4655e+00 1.4655e+00 1.4301e+00 1.4360e+00 1.4377e+00 1.4021e+00 1.4021e+00 1.3563e+00 1.2978e+00 1.3225e+00 1.3774e+00 1.3570e+00 1.3973e+00 1.3275e+00 1.2487e+00 1.1893e+00 1.2639e+00 1.3574e+00 1.5909e+00 1.9326e+00 2.0191e+00 1.8319e+00 1.6779e+00 1.6779e+00 1.5808e+00 1.5299e+00 1.5600e+00 1.5791e+00 1.5728e+00 1.4580e+00 1.3481e+00 1.2271e+00 1.2109e+00 1.2461e+00 1.2461e+00 1.2869e+00 1.3028e+00 1.2882e+00 1.2994e+00 1.3234e+00 1.2892e+00 1.3125e+00
-9.9990e+03 -9.9990e+03 -9.9990e+03 -9.9990e+03 -9.9990e+03 -9.9990e+03 -9.9990e+03 -9.9990e+03 -9.9990e+03 -9.9990e+03 -9.9990e+03 -9.9990e+03 -9.9990e+03 1.4733e+00 1.4651e+00 1.4228e+00 1.4231e+00 1.4231e+00 1.4354e+00 1.4700e+00 1.4434e+00 1.3692e+00 1.3201e+00 1.3540e+00 1.3702e+00 1.4323e+00 1.4314e+00 1.3464e+00 1.3681e+00 1.2714e+00 1.2852e+00 1.3574e+00 1.7124e+00 1.9329e+00 1.9329e+00 1.8551e+00 1.7717e+00 1.6552e+00 1.5808e+00 1.5559e+00 1.5499e+00 1.5849e+00 1.5439e+00 1.4580e+00 1.3048e+00 1.3048e+00 1.1959e+00 1.1597e+00 1.2240e+00 1.2763e+00 1.2763e+00 1.3089e+00 1.2919e+00 1.2768e+00 1.2504e+00 1.2857e+00
-9.9990e+03 -9.9990e+03 -9.9990e+03 -9.9990e+03 -9.9990e+03 -9.9990e+03 -9.9990e+03 -9.9990e+03 -9.9990e+03 -9.9990e+03 -9.9990e+03 -9.9990e+03 -9.9990e+03 1.4820e+00 1.5530e+00 1.4697e+00 1.4080e+00 1.4168e+00 1.4451e+00 1.4700e+00 1.4638e+00 1.4247e+00 1.3725e+00 1.3967e+00 1.4305e+00 1.4755e+00 1.4735e+00 1.4471e+00 1.3939e+00 1.3148e+00 1.3778e+00 1.3778e+00 1.6119e+00 1.8039e+00 1.8901e+00 1.7952e+00 1.7952e+00 1.7150e+00 1.6249e+00 1.5380e+00 1.5499e+00 1.5916e+00 1.5683e+00 1.4914e+00 1.3640e+00 1.2764e+00 1.1746e+00 1.1746e+00 1.1495e+00 1.1963e+00 1.2686e+00 1.3002e+00 1.2919e+00 1.2668e+00 1.2450e+00 1.2107e+00
-9.9990e+03 -9.9990e+03 -9.9990e+03 -9.9990e+03 -9.9990e+03 -9.9990e+03 -9.9990e+03 -9.9990e+03 -9.9990e+03 -9.9990e+03 -9.9990e+03 -9.9990e+03 -9.9990e+03 1.5944e+00 1.5530e+00 1.5316e+00 1.5316e+00 1.4471e+00 1.4330e+00 1.4460e+00 1.4559e+00 1.4247e+00 1.4066e+00 1.3917e+00 1.4293e+00 1.5103e+00 1.4949e+00 1.5151e+00 1.4560e+00 1.4117e+00 1.4288e+00 1.4753e+00 1.7219e+00 1.7219e+00 1.8750e+00 1.8511e+00 1.7837e+00 1.7128e+00 1.7128e+00 1.5996e+00 1.5550e+00 1.6021e+00 1.5683e+00 1.4259e+00 1.3467e+00 1.3103e+00 1.2240e+00 1.1675e+00 1.1496e+00 1.1963e+00 1.2051e+00 1.2800e+00 1.2898e+00 1.2371e+00 1.2113e+00 1.1813e+00
-9.9990e+03 -9.9990e+03 -9.9990e+03 -9.9990e+03 -9.9990e+03 -9.9990e+03 -9.9990e+03 -9.9990e+03 -9.9990e+03 -9.9990e+03 -9.9990e+03 -9.9990e+03 -9.9990e+03 1.6287e+00 1.7091e+00 1.7581e+00 1.5948e+00 1.4719e+00 1.4330e+00 1.4647e+00 1.4742e+00 1.4469e+00 1.4136e+00 1.3917e+00 1.4102e+00 1.4651e+00 1.5492e+00 1.5347e+00 1.4591e+00 1.4367e+00 1.4367e+00 1.4986e+00 1.5783e+00 1.8022e+00 1.8821e+00 1.8821e+00 1.8515e+00 1.8133e+00 1.7386e+00 1.6378e+00 1.6031e+00 1.6511e+00 1.6006e+00 1.4287e+00 1.3467e+00 1.2568e+00 1.2208e+00 1.1934e+00 1.1498e+00 1.1605e+00 1.2278e+00 1.2800e+00 1.3044e+00 1.2861e+00 1.2196e+00 1.1603e+00
-9.9990e+03 -9.9990e+03 -9.9990e+03 -9.9990e+03 -9.9990e+03 -9.9990e+03 -9.9990e+03 -9.9990e+03 -9.9990e+03 -9.9990e+03 -9.9990e+03 -9.9990e+03 -9.9990e+03 1.6287e+00 1.7928e+00 1.7831e+00 1.7831e+00 1.6393e+00 1.5015e+00 1.4840e+00 1.4742e+00 1.4998e+00 1.4758e+00 1.4219e+00 1.4442e+00 1.5064e+00 1.5945e+00 1.5945e+00 1.5556e+00 1.4941e+00 1.4723e+00 1.5945e+00 1.5945e+00 1.7879e+00 1.8534e+00 1.8775e+00 1.8884e+00 1.8666e+00 1.9346e+00 1.7769e+00 1.6873e+00 1.6511e+00 1.5433e+00 1.4572e+00 1.3468e+00 1.2521e+00 1.2208e+00 1.1507e+00 1.1498e+00 1.1305e+00 1.2148e+00 1.2721e+00 1.3239e+00 1.2861e+00 1.2840e+00 1.2033e+00
-9.9990e+03 -9.9990e+03 -9.9990e+03 -9.9990e+03 -9.9990e+03 -9.9990e+03 -9.9990e+03 -9.9990e+03 -9.9990e+03 -9.9990e+03 -9.9990e+03 -9.9990e+03 -9.9990e+03 -9.9990e+03 1.7640e+00 1.8145e+00 1.7767e+00 1.6237e+00 1.6237e+00 1.5142e+00 1.5046e+00 1.5166e+00 1.4758e+00 1.4967e+00 1.4578e+00 1.4796e+00 1.5923e+00 1.6266e+00 1.5836e+00 1.5836e+00 1.5417e+00 1.6400e+00 1.7024e+00 1.8535e+00 1.8535e+00 1.8767e+00 1.8815e+00 1.9619e+00 1.9845e+00 1.8041e+00 1.8004e+00 1.7001e+00 1.5884e+00 1.4572e+00 1.2856e+00 1.2412e+00 1.2412e+00 1.1598e+00 1.1089e+00 1.1265e+00 1.2148e+00 1.2582e+00 1.3662e+00 1.3441e+00 1.2730e+00 1.2033e+00
-9.9990e+03 -9.9990e+03 -9.9990e+03 -9.9990e+03 -9.9990e+03 -9.9990e+03 -9.9990e+03 -9.9990e+03 -9.9990e+03 -9.9990e+03 -9.9990e+03 -9.9990e+03 -9.9990e+03 -9.9990e+03 1.7985e+00 1.7985e+00 1.8235e+00 1.7450e+00 1.6047e+00 1.5142e+00 1.5254e+00 1.5461e+00 1.5364e+00 1.4942e+00 1.4578e+00 1.5045e+00 1.5291e+00 1.6280e+00 1.6690e+00 1.6080e+00 1.6047e+00 1.6047e+00 1.7322e+00 1.8501e+00 1.8778e+00 1.8836e+00 1.9244e+00 2.0006e+00 2.0476e+00 2.0106e+00 1.7544e+00 1.6579e+00 1.5750e+00 1.4900e+00 1.3014e+00 1.2559e+00 1.2205e+00 1.1229e+00 1.1229e+00 1.0742e+00 1.1479e+00 1.3091e+00 1.3662e+00 1.4144e+00 1.3716e+00 1.2643e+00
-9.9990e+03 -9.9990e+03 -9.9990e+03 -9.9990e+03 -9.9990e+03 -9.9990e+03 -9.9990e+03 -9.9990e+03 -9.9990e+03 -9.9990e+03 -9.9990e+03 -9.9990e+03 -9.9990e+03 -9.9990e+03 -9.9990e+03 1.8211e+00 1.8108e+00 1.8108e+00 1.6943e+00 1.6084e+00 1.5478e+00 1.5461e+00 1.5377e+00 1.5259e+00 1.4839e+00 1.4651e+00 1.5291e+00 1.6435e+00 1.6435e+00 1.6451e+00 1.6271e+00 1.6630e+00 1.7904e+00 1.8501e+00 1.8510e+00 1.8737e+00 1.9102e+00 2.0995e+00 2.1452e+00 2.2190e+00 1.9918e+00 1.6644e+00 1.4865e+00 1.3992e+00 1.2719e+00 1.2719e+00 1.2304e+00 1.1894e+00 1.0812e+00 1.0832e+00 1.0832e+00 1.2062e+00 1.3512e+00 1.4469e+00 1.3716e+00 1.2495e+00
-9.9990e+03 -9.9990e+03 -9.9990e+03 -9.9990e+03 -9.9990e+03 -9.9990e+03 -9.9990e+03 -9.9990e+03 -9.9990e+03 -9.9990e+03 -9.9990e+03 -9.9990e+03 -9.9990e+03 -9.9990e+03 -9.9990e+03 -9.9990e+03 1.8263e+00 1.7944e+00 1.6894e+00 1.6894e+00 1.6296e+00 1.5643e+00 1.5544e+00 1.5259e+00 1.4870e+00 1.4934e+00 1.4820e+00 1.5582e+00 1.6247e+00 1.6187e+00 1.6271e+00 1.6421e+00 1.7386e+00 1.8054e+00 1.8279e+00 1.8608e+00 1.8286e+00 1.9426e+00 2.1971e+00 2.2259e+00 1.9134e+00 1.5710e+00 1.5710e+00 1.4390e+00 1.3472e+00 1.2560e+00 1.2056e+00 1.2056e+00 1.1027e+00 1.0641e+00 1.0945e+00 1.2062e+00 1.3683e+00 1.3564e+00 1.4498e+00 1.3540e+00
-9.9990e+03 -9.9990e+03 -9.9990e+03 -9.9990e+03 -9.9990e+03 -9.9990e+03 -9.9990e+03 -9.9990e+03 -9.9990e+03 -9.9990e+03 -9.9990e+03 -9.9990e+03 -9.9990e+03 -9.9990e+03 -9.9990e+03 -9.9990e+03 -9.9990e+03 1.7789e+00 1.7649e+00 1.6784e+00 1.6128e+00 1.5638e+00 1.5503e+00 1.5536e+00 1.5211e+00 1.4934e+00 1.5184e+00 1.5526e+00 1.5631e+00 1.5845e+00 1.6094e+00 1.6866e+00 1.7386e+00 1.7608e+00 1.7816e+00 1.7875e+00 1.8256e+00 1.9862e+00 2.0625e+00 2.2753e+00 2.1311e+00 1.6797e+00 1.5177e+00 1.4153e+00 1.4153e+00 1.3186e+00 1.2602e+00 1.1972e+00 1.1012e+00 1.1012e+00 1.0938e+00 1.1137e+00 1.2152e+00 1.3564e+00 1.4080e+00 1.3363e+00
-9.9990e+03 -9.9990e+03 -9.9990e+03 -9.9990e+03 -9.9990e+03 -9.9990e+03 -9.9990e+03 -9.9990e+03 -9.9990e+03 -9.9990e+03 -9.9990e+03 -9.9990e+03 -9.9990e+03 -9.9990e+03 -9.9990e+03 -9.9990e+03 -9.9990e+03 1.7301e+00 1.7259e+00 1.6890e+00 1.6550e+00 1.5761e+00 1.5503e+00 1.5326e+00 1.5210e+00 1.5357e+00 1.5697e+00 1.5526e+00 1.5666e+00 1.5995e+00 1.5995e+00 1.6748e+00 1.7236e+00 1.7716e+00 1.7816e+00 1.7793e+00 1.7940e+00 1.8773e+00 2.1314e+00 2.2739e+00 1.9846e+00 1.9846e+00 1.6470e+00 1.5277e+00 1.4122e+00 1.3194e+00 1.3194e+00 1.3123e+00 1.2179e+00 1.1393e+00 1.1379e+00 1.1338e+00 1.1769e+00 1.2292e+00 1.2833e+00 1.3363e+00
-9.9990e+03 -9.9990e+03 -9.9990e+03 -9.9990e+03 -9.9990e+03 -9.9990e+03 -9.9990e+03 -9.9990e+03 -9.9990e+03 -9.9990e+03 -9.9990e+03 -9.9990e+03 -9.9990e+03 -9.9990e+03 -9.9990e+03 -9.9990e+03 -9.9990e+03 -9.9990e+03 1.6892e+00 1.6728e+00 1.6261e+00 1.6014e+00 1.5355e+00 1.4912e+00 1.5210e+00 1.5591e+00 1.5921e+00 1.5921e+00 1.5924e+00 1.5808e+00 1.6264e+00 1.6748e+00 1.6884e+00 1.7386e+00 1.7747e+00 1.7901e+00 1.7940e+00 1.9456e+00 1.9456e+00 2.1656e+00 2.1204e+00 1.8907e+00 1.7307e+00 1.7307e+00 1.6290e+00 1.4337e+00 1.3774e+00 1.3738e+00 1.2619e+00 1.3663e+00 1.2224e+00 1.2160e+00 1.2616e+00 1.2505e+00 1.2917e+00 1.2358e+00
-9.9990e+03 -9.9990e+03 -9.9990e+03 -9.9990e+03 -9.9990e+03 -9.9990e+03 -9.9990e+03 -9.9990e+03 -9.9990e+03 -9.9990e+03 -9.9990e+03 -9.9990e+03 -9.9990e+03 -9.9990e+03 -9.9990e+03 -9.9990e+03 -9.9990e+03 -9.9990e+03 -9.9990e+03 1.6797e+00 1.6631e+00 1.5895e+00 1.5173e+00 1.5084e+00 1.4738e+00 1.5127e+00 1.5674e+00 1.6105e+00 1.6127e+00 1.6127e+00 1.6229e+00 1.6371e+00 1.6790e+00 1.7386e+00 1.7321e+00 1.7911e+00 1.8061e+00 1.8704e+00 1.9869e+00 2.1207e+00 2.1207e+00 2.1119e+00 2.1285e+00 1.9009e+00 1.8126e+00 1.8126e+00 1.7372e+00 1.4973e+00 1.5224e+00 1.5250e+00 1.3299e+00 1.5042e+00 1.3384e+00 1.3835e+00 1.2917e+00 1.2245e+00
-9.9990e+03 -9.9990e+03 -9.9990e+03 -9.9990e+03 -9.9990e+03 -9.9990e+03 -9.9990e+03 -9.9990e+03 -9.9990e+03 -9.9990e+03 -9.9990e+03 -9.9990e+03 -9.9990e+03 -9.9990e+03 -9.9990e+03 -9.9990e+03 -9.9990e+03 -9.9990e+03 -9.9990e+03 1.6830e+00 1.6883e+00 1.6605e+00 1.5809e+00 1.5111e+00 1.4718e+00 1.5108e+00 1.5108e+00 1.5766e+00 1.6186e+00 1.6331e+00 1.6308e+00 1.6308e+00 1.6107e+00 1.6600e+00 1.7271e+00 1.7911e+00 1.8143e+00 1.8400e+00 1.9017e+00 1.9047e+00 2.0276e+00 2.0996e+00 2.0996e+00 2.1915e+00 2.1594e+00 1.9909e+00 1.9073e+00 1.6996e+00 1.8704e+00 1.7217e+00 1.7282e+00 1.6991e+00 1.5082e+00 1.7073e+00 1.5496e+00 1.4911e+00
-9.9990e+03 -9.9990e+03 -9.9990e+03 -9.9990e+03 -9.9990e+03 -9.9990e+03 -9.9990e+03 -9.9990e+03 -9.9990e+03 -9.9990e+03 -9.9990e+03 -9.9990e+03 -9.9990e+03 -9.9990e+03 -9.9990e+03 -9.9990e+03 -9.9990e+03 -9.9990e+03 -9.9990e+03 -9.9990e+03 1.6879e+00 1.6507e+00 1.5711e+00 1.5711e+00 1.5037e+00 1.4607e+00 1.4964e+00 1.5578e+00 1.5578e+00 1.6005e+00 1.6300e+00 1.5969e+00 1.5454e+00 1.6327e+00 1.5878e+00 1.7059e+00 1.7902e+00 1.8400e+00 1.8727e+00 1.7759e+00 1.7700e+00 1.7623e+00 2.0216e+00 2.1186e+00 2.1594e+00 2.0977e+00 2.0149e+00 1.9933e+00 1.9387e+00 1.8832e+00 1.9453e+00 1.8864e+00 1.8551e+00 1.8457e+00 1.7108e+00 1.6149e+00
-9.9990e+03 -9.9990e+03 -9.9990e+03 -9.9990e+03 -9.9990e+03 -9.9990e+03 -9.9990e+03 -9.9990e+03 -9.9990e+03 -9.9990e+03 -9.9990e+03 -9.9990e+03 -9.9990e+03 -9.9990e+03 -9.9990e+03 -9.9990e+03 -9.9990e+03 -9.9990e+03 -9.9990e+03 -9.9990e+03 -9.9990e+03 1.6790e+00 1.6262e+00 1.5531e+00 1.4866e+00 1.4866e+00 1.4074e+00 1.4576e+00 1.5151e+00 1.5713e+00 1.5713e+00 1.5309e+00 1.5179e+00 1.4671e+00 1.5878e+00 1.7153e+00 1.7435e+00 1.8086e+00 1.7975e+00 1.7759e+00 1.6403e+00 1.6403e+00 1.6409e+00 1.7161e+00 1.9503e+00 1.9216e+00 2.0149e+00 1.8535e+00 1.9318e+00 1.8791e+00 1.8632e+00 1.9244e+00 1.8963e+00 1.8963e+00 1.8634e+00 1.7942e+00
-9.9990e+03 -9.9990e+03 -9.9990e+03 -9.9990e+03 -9.9990e+03 -9.9990e+03 -9.9990e+03 -9.9990e+03 -9.9990e+03 -9.9990e+03 -9.9990e+03 -9.9990e+03 -9.9990e+03 -9.9990e+03 -9.9990e+03 -9.9990e+03 -9.9990e+03 -9.9990e+03 -9.9990e+03 -9.9990e+03 -9.9990e+03 1.6763e+00 1.6763e+00 1.6285e+00 1.5375e+00 1.4662e+00 1.4062e+00 1.4062e+00 1.4370e+00 1.4954e+00 1.5419e+00 1.4928e+00 1.4428e+00 1.4248e+00 1.4416e+00 1.6133e+00 1.7435e+00 1.8018e+00 1.7450e+00 1.7079e+00 1.5939e+00 1.5714e+00 1.5772e+00 1.7161e+00 1.6095e+00 1.6382e+00 1.7403e+00 1.6766e+00 1.7763e+00 1.6250e+00 1.7339e+00 1.7348e+00 1.7462e+00 1.8457e+00 1.7896e+00 1.7896e+00
-9.9990e+03 -9.9990e+03 -9.9990e+03 -9.9990e+03 -9.9990e+03 -9.9990e+03 -9.9990e+03 -9.9990e+03 -9.9990e+03 -9.9990e+03 -9.9990e+03 -9.9990e+03 -9.9990e+03 -9.9990e+03 -9.9990e+03 -9.9990e+03 -9.9990e+03 -9.9990e+03 -9.9990e+03 -9.9990e+03 -9.9990e+03 -9.9990e+03 1.6864e+00 1.6422e+00 1.6422e+00 1.5421e+00 1.4946e+00 1.4325e+00 1.5237e+00 1.5261e+00 1.6030e+00 1.5499e+00 1.4859e+00 1.4459e+00 1.4742e+00 1.4978e+00 1.6539e+00 1.7455e+00 1.7450e+00 1.6167e+00 1.5563e+00 1.5563e+00 1.5538e+00 1.5537e+00 1.5515e+00 1.6382e+00 1.5564e+00 1.5165e+00 1.5523e+00 1.5324e+00 1.6187e+00 1.6284e+00 1.6284e+00 1.6426e+00 1.6355e+00 1.6937e+00
-9.9990e+03 -9.9990e+03 -9.9990e+03 -9.9990e+03 -9.9990e+03 -9.9990e+03 -9.9990e+03 -9.9990e+03 -9.9990e+03 -9.9990e+03 -9.9990e+03 -9.9990e+03 -9.9990e+03 -9.9990e+03 -9.9990e+03 -9.9990e+03 -9.9990e+03 -9.9990e+03 -9.9990e+03 -9.9990e+03 -9.9990e+03 -9.9990e+03 -9.9990e+03 1.6947e+00 1.6431e+00 1.5425e+00 1.5425e+00 1.5236e+00 1.5178e+00 1.6358e+00 1.6891e+00 1.5865e+00 1.6360e+00 1.4995e+00 1.4256e+00 1.4978e+00 1.6596e+00 1.6834e+00 1.6834e+00 1.5781e+00 1.5546e+00 1.5469e+00 1.5419e+00 1.5419e+00 1.5171e+00 1.5257e+00 1.5132e+00 1.5165e+00 1.4845e+00 1.4608e+00 1.4924e+00 1.5039e+00 1.5560e+00 1.5639e+00 1.5639e+00 1.5529e+00
-9.9990e+03 -9.9990e+03 -9.9990e+03 -9.9990e+03 -9.9990e+03 -9.9990e+03 -9.9990e+03 -9.9990e+03 -9.9990e+03 -9.9990e+03 -9.9990e+03 -9.9990e+03 -9.9990e+03 -9.9990e+03 -9.9990e+03 -9.9990e+03 -9.9990e+03 -9.9990e+03 -9.9990e+03 -9.9990e+03 -9.9990e+03 -9.9990e+03 -9.9990e+03 -9.9990e+03 1.6533e+00 1.5759e+00 1.5275e+00 1.5574e+00 1.6168e+00 1.7017e+00 1.7518e+00 1.7741e+00 1.6201e+00 1.4693e+00 1.3838e+00 1.3657e+00 1.4716e+00 1.6361e+00 1.6159e+00 1.5314e+00 1.5314e+00 1.5158e+00 1.5385e+00 1.5150e+00 1.5171e+00 1.4943e+00 1.4930e+00 1.4757e+00 1.4346e+00 1.4608e+00 1.4731e+00 1.4731e+00 1.4757e+00 1.4770e+00 1.5146e+00 1.4887e+00
-9.9990e+03 -9.9990e+03 -9.9990e+03 -9.9990e+03 -9.9990e+03 -9.9990e+03 -9.9990e+03 -9.9990e+03 -9.9990e+03 -9.9990e+03 -9.9990e+03 -9.9990e+03 -9.9990e+03 -9.9990e+03 -9.9990e+03 -9.9990e+03 -9.9990e+03 -9.9990e+03 -9.9990e+03 -9.9990e+03 -9.9990e+03 -9.9990e+03 -9.9990e+03 -9.9990e+03 1.6009e+00 1.5759e+00 1.5300e+00 1.5271e+00 1.5811e+00 1.7849e+00 1.8470e+00 1.9234e+00 1.8091e+00 1.5384e+00 1.2971e+00 1.3292e+00 1.4592e+00 1.4592e+00 1.5508e+00 1.5601e+00 1.5077e+00 1.4926e+00 1.4926e+00 1.4667e+00 1.4771e+00 1.4834e+00 1.4930e+00 1.4445e+00 1.4268e+00 1.4243e+00 1.4453e+00 1.4622e+00 1.4590e+00 1.4590e+00 1.4521e+00 1.4119e+00
-9.9990e+03 -9.9990e+03 -9.9990e+03 -9.9990e+03 -9.9990e+03 -9.9990e+03 -9.9990e+03 -9.9990e+03 -9.9990e+03 -9.9990e+03 -9.9990e+03 -9.9990e+03 -9.9990e+03 -9.9990e+03 -9.9990e+03 -9.9990e+03 -9.9990e+03 -9.9990e+03 -9.9990e+03 -9.9990e+03 -9.9990e+03 -9.9990e+03 -9.9990e+03 -9.9990e+03 -9.9990e+03 1.5531e+00 1.5257e+00 1.5271e+00 1.5823e+00 1.7272e+00 1.8777e+00 1.9430e+00 1.7619e+00 1.4281e+00 1.4281e+00 1.2482e+00 1.3207e+00 1.4593e+00 1.5204e+00 1.5204e+00 1.5003e+00 1.4876e+00 1.4664e+00 1.4312e+00 1.4494e+00 1.4378e+00 1.4756e+00 1.4551e+00 1.4268e+00 1.4085e+00 1.3929e+00 1.4349e+00 1.4516e+00 1.4543e+00 1.4102e+00 1.4119e+00
-9.9990e+03 -9.9990e+03 -9.9990e+03 -9.9990e+03 -9.9990e+03 -9.9990e+03 -9.9990e+03 -9.9990e+03 -9.9990e+03 -9.9990e+03 -9.9990e+03 -9.9990e+03 -9.9990e+03 -9.9990e+03 -9.9990e+03 -9.9990e+03 -9.9990e+03 -9.9990e+03 -9.9990e+03 -9.9990e+03 -9.9990e+03 -9.9990e+03 -9.9990e+03 -9.9990e+03 -9.9990e+03 -9.9990e+03 1.5777e+00 1.5579e+00 1.6598e+00 1.7272e+00 1.8721e+00 1.9678e+00 1.8912e+00 1.5574e+00 1.3409e+00 1.2266e+00 1.2266e+00 1.3358e+00 1.4582e+00 1.5144e+00 1.4875e+00 1.4875e+00 1.4765e+00 1.4539e+00 1.4166e+00 1.4291e+00 1.4635e+00 1.4504e+00 1.4368e+00 1.3916e+00 1.3929e+00 1.4207e+00 1.3949e+00 1.4261e+00 1.4255e+00 1.4094e+00
-9.9990e+03 -9.9990e+03 -9.9990e+03 -9.9990e+03 -9.9990e+03 -9.9990e+03 -9.9990e+03 -9.9990e+03 -9.9990e+03 -9.9990e+03 -9.9990e+03 -9.9990e+03 -9.9990e+03 -9.9990e+03 -9.9990e+03 -9.9990e+03 -9.9990e+03 -9.9990e+03 -9.9990e+03 -9.9990e+03 -9.9990e+03 -9.9990e+03 -9.9990e+03 -9.9990e+03 -9.9990e+03 -9.9990e+03 1.5777e+00 1.6298e+00 1.7400e+00 1.7853e+00 1.9531e+00 1.9730e+00 1.7772e+00 1.7772e+00 1.4759e+00 1.2621e+00 1.2284e+00 1.3595e+00 1.3595e+00 1.4889e+00 1.5132e+00 1.4971e+00 1.4959e+00 1.4542e+00 1.4642e+00 1.4161e+00 1.4285e+00 1.4504e+00 1.4255e+00 1.4156e+00 1.3774e+00 1.3646e+00 1.3949e+00 1.4236e+00 1.4255e+00 1.3330e+00
