bias_correction/pipeline/UV_1_s_1.3_d_235.asc
ncols        88
nrows        90
xllcorner    2777636
yllcorner    1185112
cellsize     25
NODATA_value -9999
[rows 25 to 49 of 90, columns 0 to 55 of 88]
-9.9990e+03 -9.9990e+03 -9.9990e+03 -9.9990e+03 -9.9990e+03 -9.9990e+03 -9.9990e+03 -9.9990e+03 -9.9990e+03 -9.9990e+03 -9.9990e+03 -9.9990e+03 -9.9990e+03 -9.9990e+03 -9.9990e+03 -9.9990e+03 -9.9990e+03 -9.9990e+03 1.2909e+00 1.4568e+00 1.5126e+00 2.0299e+00 1.7757e+00 2.2130e+00 2.8710e+00 2.7088e+00 2.2081e+00 1.8687e+00 1.8687e+00 1.8553e+00 1.8757e+00 1.7723e+00 1.6204e+00 1.6204e+00 1.4981e+00 1.4340e+00 1.3791e+00 1.3160e+00 1.3441e+00 1.2500e+00 1.2867e+00 1.2988e+00 1.2992e+00 1.2250e+00 1.1966e+00 1.2129e+00 1.2820e+00 1.2822e+00 1.1169e+00 1.0802e+00 1.1022e+00 1.6561e+00 2.4396e+00 2.7386e+00 2.0460e+00 1.9740e+00
-9.9990e+03 -9.9990e+03 -9.9990e+03 -9.9990e+03 -9.9990e+03 -9.9990e+03 -9.9990e+03 -9.9990e+03 -9.9990e+03 -9.9990e+03 -9.9990e+03 -9.9990e+03 -9.9990e+03 -9.9990e+03 -9.9990e+03 -9.9990e+03 -9.9990e+03 1.2384e+00 1.2079e+00 1.2079e+00 1.3133e+00 1.3769e+00 1.5668e+00 2.2130e+00 2.5745e+00 2.2535e+00 2.6077e+00 2.3985e+00 2.0815e+00 2.0193e+00 2.0193e+00 1.8745e+00 1.6978e+00 1.6068e+00 1.4660e+00 1.3844e+00 1.3514e+00 1.3113e+00 1.2575e+00 1.2028e+00 1.2500e+00 1.2413e+00 1.2982e+00 1.2742e+00 1.1966e+00 1.1963e+00 1.2329e+00 1.2329e+00 1.1319e+00 1.0700e+00 1.1616e+00 1.6561e+00 1.8623e+00 2.7055e+00 2.7063e+00 2.0771e+00
-9.9990e+03 -9.9990e+03 -9.9990e+03 -9.9990e+03 -9.9990e+03 -9.9990e+03 -9.9990e+03 -9.9990e+03 -9.9990e+03 -9.9990e+03 -9.9990e+03 -9.9990e+03 -9.9990e+03 -9.9990e+03 -9.9990e+03 1.3658e+00 1.3658e+00 1.2305e+00 1.1783e+00 1.3272e+00 1.3133e+00 1.4060e+00 1.4467e+00 1.5175e+00 1.7564e+00 2.2535e+00 2.3682e+00 2.0775e+00 2.3364e+00 2.2920e+00 2.1052e+00 1.8370e+00 1.8370e+00 1.6406e+00 1.5132e+00 1.4264e+00 1.3320e+00 1.2881e+00 1.2761e+00 1.2250e+00 1.1788e+00 1.2462e+00 1.3097e+00 1.2541e+00 1.2541e+00 1.1496e+00 1.1637e+00 1.1627e+00 1.0636e+00 1.0636e+00 1.0526e+00 1.2584e+00 2.0128e+00 2.7055e+00 2.6972e+00 2.7146e+00
-9.9990e+03 -9.9990e+03 -9.9990e+03 -9.9990e+03 -9.9990e+03 -9.9990e+03 -9.9990e+03 -9.9990e+03 -9.9990e+03 -9.9990e+03 -9.9990e+03 -9.9990e+03 -9.9990e+03 -9.9990e+03 1.6446e+00 1.5004e+00 1.3403e+00 1.3523e+00 1.3523e+00 1.4776e+00 1.4859e+00 1.5455e+00 1.4467e+00 1.5371e+00 1.4966e+00 1.6148e+00 1.7228e+00 2.0775e+00 2.1654e+00 2.1654e+00 2.3378e+00 2.0935e+00 1.7680e+00 1.5766e+00 1.5132e+00 1.4720e+00 1.3941e+00 1.3239e+00 1.2573e+00 1.1970e+00 1.1724e+00 1.1609e+00 1.2461e+00 1.2955e+00 1.2366e+00 1.1211e+00 1.1211e+00 1.0664e+00 1.0881e+00 1.0263e+00 1.0836e+00 1.0836e+00 1.4769e+00 2.0670e+00 2.5472e+00 2.7146e+00
-9.9990e+03 -9.9990e+03 -9.9990e+03 -9.9990e+03 -9.9990e+03 -9.9990e+03 -9.9990e+03 -9.9990e+03 -9.9990e+03 -9.9990e+03 -9.9990e+03 -9.9990e+03 -9.9990e+03 1.7848e+00 1.5960e+00 1.5960e+00 1.5119e+00 1.4260e+00 1.4662e+00 1.5458e+00 1.6099e+00 1.5849e+00 1.5943e+00 1.5076e+00 1.4966e+00 1.5381e+00 1.4819e+00 1.5743e+00 1.7478e+00 2.1717e+00 2.3863e+00 2.0935e+00 2.0147e+00 1.7002e+00 1.5540e+00 1.4514e+00 1.3790e+00 1.3807e+00 1.3191e+00 1.2447e+00 1.1451e+00 1.1457e+00 1.2379e+00 1.2379e+00 1.2828e+00 1.2145e+00 1.0917e+00 1.0180e+00 1.0180e+00 1.0155e+00 1.0173e+00 1.1720e+00 1.4769e+00 2.0251e+00 1.9240e+00 2.3921e+00
-9.9990e+03 -9.9990e+03 -9.9990e+03 -9.9990e+03 -9.9990e+03 -9.9990e+03 -9.9990e+03 -9.9990e+03 -9.9990e+03 -9.9990e+03 -9.9990e+03 -9.9990e+03 -9.9990e+03 1.7038e+00 1.6177e+00 1.5807e+00 1.5482e+00 1.5482e+00 1.4855e+00 1.4784e+00 1.4824e+00 1.4949e+00 1.5358e+00 1.4616e+00 1.4567e+00 1.4310e+00 1.4819e+00 1.5233e+00 1.5657e+00 1.8886e+00 2.3905e+00 2.3553e+00 1.9429e+00 1.7002e+00 1.7212e+00 1.5935e+00 1.4690e+00 1.4021e+00 1.3238e+00 1.2273e+00 1.2273e+00 1.1225e+00 1.1171e+00 1.2311e+00 1.2716e+00 1.2716e+00 1.1651e+00 1.0518e+00 9.9270e-01 1.0331e+00 1.0672e+00 1.1256e+00 1.2518e+00 1.5586e+00 1.9240e+00 2.2413e+00
-9.9990e+03 -9.9990e+03 -9.9990e+03 -9.9990e+03 -9.9990e+03 -9.9990e+03 -9.9990e+03 -9.9990e+03 -9.9990e+03 -9.9990e+03 -9.9990e+03 -9.9990e+03 -9.9990e+03 1.5513e+00 1.5513e+00 1.5278e+00 1.5516e+00 1.5094e+00 1.4218e+00 1.4164e+00 1.3566e+00 1.4111e+00 1.4284e+00 1.4616e+00 1.4081e+00 1.3601e+00 1.3868e+00 1.4335e+00 1.5657e+00 2.1074e+00 2.3843e+00 2.3843e+00 2.0465e+00 1.8869e+00 1.7382e+00 1.5935e+00 1.6194e+00 1.5401e+00 1.4357e+00 1.3354e+00 1.2103e+00 1.1013e+00 1.1013e+00 1.1300e+00 1.2555e+00 1.2632e+00 1.1349e+00 1.1349e+00 1.0081e+00 9.9964e-01 1.0616e+00 1.1942e+00 1.3288e+00 1.3807e+00 1.5611e+00 1.7707e+00
-9.9990e+03 -9.9990e+03 -9.9990e+03 -9.9990e+03 -9.9990e+03 -9.9990e+03 -9.9990e+03 -9.9990e+03 -9.9990e+03 -9.9990e+03 -9.9990e+03 -9.9990e+03 -9.9990e+03 1.3156e+00 1.4714e+00 1.4253e+00 1.4774e+00 1.3500e+00 1.4159e+00 1.3494e+00 1.3252e+00 1.3759e+00 1.3743e+00 1.3990e+00 1.3688e+00 1.3601e+00 1.3707e+00 1.4751e+00 1.4751e+00 2.0049e+00 2.3260e+00 2.2398e+00 2.0465e+00 1.8876e+00 1.7642e+00 1.7313e+00 1.6345e+00 1.5401e+00 1.4602e+00 1.4602e+00 1.3295e+00 1.1776e+00 1.1045e+00 1.1740e+00 1.1740e+00 1.2933e+00 1.2529e+00 1.1000e+00 1.0167e+00 1.0245e+00 1.0531e+00 1.1023e+00 1.2454e+00 1.4212e+00 1.5756e+00 1.5829e+00
-9.9990e+03 -9.9990e+03 -9.9990e+03 -9.9990e+03 -9.9990e+03 -9.9990e+03 -9.9990e+03 -9.9990e+03 -9.9990e+03 -9.9990e+03 -9.9990e+03 -9.9990e+03 -9.9990e+03 1.1224e+00 1.2833e+00 1.3052e+00 1.3123e+00 1.2753e+00 1.3254e+00 1.2545e+00 1.2852e+00 1.3097e+00 1.3929e+00 1.3970e+00 1.3846e+00 1.3395e+00 1.3158e+00 1.3631e+00 1.6407e+00 2.2646e+00 2.2646e+00 2.3313e+00 2.0558e+00 1.7600e+00 1.7642e+00 1.6810e+00 1.6255e+00 1.6466e+00 1.6045e+00 1.4775e+00 1.3112e+00 1.3112e+00 1.1855e+00 1.2038e+00 1.2494e+00 1.3110e+00 1.2263e+00 1.1810e+00 1.0797e+00 1.0410e+00 1.0924e+00 1.1475e+00 1.1883e+00 1.2931e+00 1.4438e+00 1.5829e+00
-9.9990e+03 -9.9990e+03 -9.9990e+03 -9.9990e+03 -9.9990e+03 -9.9990e+03 -9.9990e+03 -9.9990e+03 -9.9990e+03 -9.9990e+03 -9.9990e+03 -9.9990e+03 -9.9990e+03 1.1439e+00 1.2456e+00 1.3052e+00 1.2439e+00 1.1916e+00 1.2143e+00 1.2153e+00 1.2490e+00 1.2276e+00 1.3165e+00 1.3862e+00 1.3451e+00 1.3045e+00 1.3229e+00 1.3229e+00 1.5271e+00 1.8877e+00 2.4338e+00 2.1873e+00 2.1873e+00 1.7194e+00 1.6539e+00 1.5592e+00 1.6255e+00 1.6414e+00 1.6183e+00 1.5949e+00 1.4204e+00 1.2908e+00 1.2184e+00 1.2184e+00 1.2925e+00 1.3487e+00 1.2868e+00 1.1560e+00 1.0872e+00 1.1246e+00 1.0839e+00 1.1293e+00 1.2149e+00 1.3148e+00 1.4444e+00 1.4444e+00
-9.9990e+03 -9.9990e+03 -9.9990e+03 -9.9990e+03 -9.9990e+03 -9.9990e+03 -9.9990e+03 -9.9990e+03 -9.9990e+03 -9.9990e+03 -9.9990e+03 -9.9990e+03 -9.9990e+03 1.0436e+00 1.1107e+00 1.2065e+00 1.2154e+00 1.1916e+00 1.1493e+00 1.1742e+00 1.1735e+00 1.2226e+00 1.3115e+00 1.3499e+00 1.3499e+00 1.2964e+00 1.2808e+00 1.3480e+00 1.7330e+00 1.7330e+00 2.3804e+00 2.4610e+00 2.0162e+00 1.7194e+00 1.5454e+00 1.4597e+00 1.4736e+00 1.5349e+00 1.6183e+00 1.5421e+00 1.4760e+00 1.3726e+00 1.2844e+00 1.2772e+00 1.3595e+00 1.3487e+00 1.3134e+00 1.2282e+00 1.1782e+00 1.1767e+00 1.1291e+00 1.1704e+00 1.1687e+00 1.2348e+00 1.3215e+00 1.4108e+00
-9.9990e+03 -9.9990e+03 -9.9990e+03 -9.9990e+03 -9.9990e+03 -9.9990e+03 -9.9990e+03 -9.9990e+03 -9.9990e+03 -9.9990e+03 -9.9990e+03 -9.9990e+03 -9.9990e+03 1.0229e+00 1.1107e+00 1.0707e+00 1.1572e+00 1.1762e+00 1.1124e+00 1.1380e+00 1.1667e+00 1.1667e+00 1.2127e+00 1.2491e+00 1.2958e+00 1.2555e+00 1.2555e+00 1.3012e+00 1.4503e+00 1.9622e+00 2.5158e+00 2.4088e+00 2.2481e+00 1.8474e+00 1.5249e+00 1.4597e+00 1.4309e+00 1.4158e+00 1.5080e+00 1.5172e+00 1.4760e+00 1.3367e+00 1.2844e+00 1.3144e+00 1.3831e+00 1.3686e+00 1.2631e+00 1.2282e+00 1.2545e+00 1.2357e+00 1.2260e+00 1.2008e+00 1.1926e+00 1.2549e+00 1.2549e+00 1.3031e+00
-9.9990e+03 -9.9990e+03 -9.9990e+03 -9.9990e+03 -9.9990e+03 -9.9990e+03 -9.9990e+03 -9.9990e+03 -9.9990e+03 -9.9990e+03 -9.9990e+03 -9.9990e+03 -9.9990e+03 9.3232e-01 9.6780e-01 1.0459e+00 1.1572e+00 1.1132e+00 1.0731e+00 1.0916e+00 1.1519e+00 1.1703e+00 1.1829e+00 1.1829e+00 1.2039e+00 1.2131e+00 1.2409e+00 1.3686e+00 1.3686e+00 1.7931e+00 2.2416e+00 2.5201e+00 2.0481e+00 1.7101e+00 1.6208e+00 1.4677e+00 1.3923e+00 1.4158e+00 1.4839e+00 1.4556e+00 1.4642e+00 1.3971e+00 1.3384e+00 1.3648e+00 1.3831e+00 1.3617e+00 1.2470e+00 1.2388e+00 1.3038e+00 1.2950e+00 1.2631e+00 1.2631e+00 1.2245e+00 1.2520e+00 1.2732e+00 1.2653e+00
-9.9990e+03 -9.9990e+03 -9.9990e+03 -9.9990e+03 -9.9990e+03 -9.9990e+03 -9.9990e+03 -9.9990e+03 -9.9990e+03 -9.9990e+03 -9.9990e+03 -9.9990e+03 -9.9990e+03 9.3232e-01 8.9985e-01 9.4079e-01 1.0347e+00 1.0524e+00 1.0731e+00 1.1067e+00 1.1143e+00 1.1542e+00 1.1297e+00 1.1461e+00 1.1730e+00 1.1730e+00 1.2042e+00 1.3081e+00 1.4707e+00 2.0204e+00 2.4289e+00 2.5254e+00 2.4260e+00 1.8936e+00 1.5628e+00 1.4409e+00 1.4276e+00 1.3878e+00 1.4086e+00 1.4556e+00 1.4331e+00 1.4165e+00 1.4165e+00 1.4302e+00 1.3971e+00 1.3002e+00 1.2470e+00 1.2057e+00 1.2632e+00 1.3456e+00 1.3620e+00 1.2836e+00 1.2522e+00 1.2522e+00 1.2855e+00 1.2657e+00
-9.9990e+03 -9.9990e+03 -9.9990e+03 -9.9990e+03 -9.9990e+03 -9.9990e+03 -9.9990e+03 -9.9990e+03 -9.9990e+03 -9.9990e+03 -9.9990e+03 -9.9990e+03 -9.9990e+03 8.8585e-01 8.8488e-01 9.4079e-01 1.0149e+00 9.8336e-01 9.9676e-01 1.0261e+00 1.1143e+00 1.1575e+00 1.1575e+00 1.1205e+00 1.1222e+00 1.1610e+00 1.2238e+00 1.3081e+00 1.3626e+00 1.5892e+00 2.2074e+00 2.5063e+00 2.2746e+00 2.1518e+00 1.7895e+00 1.5337e+00 1.4276e+00 1.4026e+00 1.3993e+00 1.3993e+00 1.4010e+00 1.4238e+00 1.4594e+00 1.4523e+00 1.4523e+00 1.3450e+00 1.2453e+00 1.1983e+00 1.2632e+00 1.3750e+00 1.3920e+00 1.3723e+00 1.3062e+00 1.2817e+00 1.2989e+00 1.2989e+00
-9.9990e+03 -9.9990e+03 -9.9990e+03 -9.9990e+03 -9.9990e+03 -9.9990e+03 -9.9990e+03 -9.9990e+03 -9.9990e+03 -9.9990e+03 -9.9990e+03 -9.9990e+03 -9.9990e+03 8.8787e-01 8.7345e-01 8.8578e-01 9.5990e-01 9.8336e-01 9.4788e-01 9.2104e-01 1.0145e+00 1.1519e+00 1.1672e+00 1.1375e+00 1.1375e+00 1.1165e+00 1.1838e+00 1.2541e+00 1.4599e+00 1.7561e+00 1.8805e+00 2.3071e+00 2.4557e+00 2.0811e+00 1.7395e+00 1.7181e+00 1.5213e+00 1.4599e+00 1.4208e+00 1.3953e+00 1.3872e+00 1.3872e+00 1.4391e+00 1.4884e+00 1.4467e+00 1.3450e+00 1.2189e+00 1.2164e+00 1.2091e+00 1.3064e+00 1.3920e+00 1.3715e+00 1.3715e+00 1.3151e+00 1.3098e+00 1.2910e+00
-9.9990e+03 -9.9990e+03 -9.9990e+03 -9.9990e+03 -9.9990e+03 -9.9990e+03 -9.9990e+03 -9.9990e+03 -9.9990e+03 -9.9990e+03 -9.9990e+03 -9.9990e+03 -9.9990e+03 9.0156e-01 9.0914e-01 9.1989e-01 9.4735e-01 9.5992e-01 9.1931e-01 9.2104e-01 1.0419e+00 1.0869e+00 1.2010e+00 1.2011e+00 1.1269e+00 1.1054e+00 1.1838e+00 1.1931e+00 1.3638e+00 1.5556e+00 1.9537e+00 2.3315e+00 2.3056e+00 2.3987e+00 2.0551e+00 1.7160e+00 1.5370e+00 1.5074e+00 1.5074e+00 1.4701e+00 1.3873e+00 1.3781e+00 1.4353e+00 1.4353e+00 1.4586e+00 1.4209e+00 1.2991e+00 1.2164e+00 1.2269e+00 1.2448e+00 1.3246e+00 1.3938e+00 1.3680e+00 1.3225e+00 1.3225e+00 1.2985e+00
-9.9990e+03 -9.9990e+03 -9.9990e+03 -9.9990e+03 -9.9990e+03 -9.9990e+03 -9.9990e+03 -9.9990e+03 -9.9990e+03 -9.9990e+03 -9.9990e+03 -9.9990e+03 -9.9990e+03 9.6207e-01 9.3025e-01 9.4294e-01 9.4735e-01 9.5886e-01 9.3345e-01 9.1579e-01 9.7406e-01 1.0869e+00 1.2390e+00 1.2011e+00 1.1816e+00 1.0191e+00 1.0748e+00 1.2261e+00 1.3638e+00 1.4540e+00 1.7040e+00 1.9648e+00 2.2536e+00 2.3492e+00 2.0252e+00 2.0252e+00 1.7311e+00 1.6560e+00 1.5699e+00 1.4882e+00 1.4882e+00 1.3872e+00 1.3778e+00 1.4180e+00 1.4182e+00 1.3852e+00 1.3544e+00 1.2860e+00 1.2292e+00 1.2448e+00 1.3380e+00 1.3441e+00 1.3854e+00 1.3603e+00 1.3230e+00 1.2850e+00
-9.9990e+03 -9.9990e+03 -9.9990e+03 -9.9990e+03 -9.9990e+03 -9.9990e+03 -9.9990e+03 -9.9990e+03 -9.9990e+03 -9.9990e+03 -9.9990e+03 -9.9990e+03 -9.9990e+03 9.6238e-01 9.5354e-01 9.7387e-01 9.6541e-01 9.4219e-01 9.3345e-01 9.3629e-01 9.8698e-01 1.0219e+00 1.1782e+00 1.2512e+00 1.1327e+00 1.0191e+00 9.8010e-01 1.1000e+00 1.2810e+00 1.5028e+00 1.7040e+00 1.6933e+00 1.9313e+00 2.1809e+00 2.1625e+00 1.9771e+00 1.7537e+00 1.7537e+00 1.6987e+00 1.6147e+00 1.5098e+00 1.3999e+00 1.3767e+00 1.3691e+00 1.3915e+00 1.3811e+00 1.3311e+00 1.2759e+00 1.2730e+00 1.2394e+00 1.2806e+00 1.3441e+00 1.3735e+00 1.3450e+00 1.3450e+00 1.3040e+00
-9.9990e+03 -9.9990e+03 -9.9990e+03 -9.9990e+03 -9.9990e+03 -9.9990e+03 -9.9990e+03 -9.9990e+03 -9.9990e+03 -9.9990e+03 -9.9990e+03 -9.9990e+03 -9.9990e+03 9.8774e-01 1.0051e+00 9.9562e-01 9.6804e-01 9.4513e-01 9.0814e-01 9.3697e-01 9.8698e-01 1.0894e+00 1.2444e+00 1.2444e+00 1.2234e+00 1.0870e+00 1.0105e+00 1.1000e+00 1.1711e+00 1.3883e+00 1.5234e+00 1.6801e+00 1.8977e+00 2.0973e+00 2.0973e+00 2.0318e+00 1.8179e+00 1.7462e+00 1.7170e+00 1.7170e+00 1.6580e+00 1.5254e+00 1.4053e+00 1.3517e+00 1.3618e+00 1.3414e+00 1.3542e+00 1.3200e+00 1.2730e+00 1.2532e+00 1.2691e+00 1.2974e+00 1.3370e+00 1.3506e+00 1.3246e+00 1.3040e+00
-9.9990e+03 -9.9990e+03 -9.9990e+03 -9.9990e+03 -9.9990e+03 -9.9990e+03 -9.9990e+03 -9.9990e+03 -9.9990e+03 -9.9990e+03 -9.9990e+03 -9.9990e+03 -9.9990e+03 1.0765e+00 1.1688e+00 1.0541e+00 1.0021e+00 9.5709e-01 8.9897e-01 1.0062e+00 1.0062e+00 1.1282e+00 1.1796e+00 1.3160e+00 1.2709e+00 1.2709e+00 1.1881e+00 1.1030e+00 1.2657e+00 1.3883e+00 1.5363e+00 1.5833e+00 1.7132e+00 1.9095e+00 2.0214e+00 1.8911e+00 1.8911e+00 1.7264e+00 1.6755e+00 1.7119e+00 1.6419e+00 1.5256e+00 1.5028e+00 1.3942e+00 1.3348e+00 1.3296e+00 1.3406e+00 1.3366e+00 1.3140e+00 1.2750e+00 1.2691e+00 1.3119e+00 1.3279e+00 1.3279e+00 1.3016e+00 1.3060e+00
-9.9990e+03 -9.9990e+03 -9.9990e+03 -9.9990e+03 -9.9990e+03 -9.9990e+03 -9.9990e+03 -9.9990e+03 -9.9990e+03 -9.9990e+03 -9.9990e+03 -9.9990e+03 -9.9990e+03 1.2572e+00 1.2555e+00 1.1137e+00 1.1982e+00 1.0543e+00 9.6828e-01 9.3278e-01 1.0747e+00 1.2183e+00 1.2183e+00 1.3360e+00 1.3683e+00 1.3236e+00 1.1881e+00 1.2149e+00 1.2808e+00 1.3387e+00 1.4763e+00 1.5833e+00 1.8022e+00 1.9073e+00 1.9287e+00 1.8160e+00 1.7613e+00 1.6494e+00 1.6755e+00 1.6370e+00 1.6536e+00 1.6078e+00 1.4620e+00 1.3688e+00 1.3270e+00 1.3168e+00 1.3274e+00 1.3302e+00 1.3032e+00 1.2757e+00 1.2757e+00 1.3111e+00 1.3270e+00 1.3170e+00 1.2907e+00 1.2907e+00
-9.9990e+03 -9.9990e+03 -9.9990e+03 -9.9990e+03 -9.9990e+03 -9.9990e+03 -9.9990e+03 -9.9990e+03 -9.9990e+03 -9.9990e+03 -9.9990e+03 -9.9990e+03 -9.9990e+03 1.4263e+00 1.3664e+00 1.3162e+00 1.3059e+00 1.1068e+00 1.0175e+00 1.0175e+00 1.0638e+00 1.1567e+00 1.2908e+00 1.3496e+00 1.3496e+00 1.3547e+00 1.3310e+00 1.2808e+00 1.2808e+00 1.3810e+00 1.3903e+00 1.5326e+00 1.8197e+00 1.9073e+00 1.8878e+00 1.8878e+00 1.7010e+00 1.5970e+00 1.5999e+00 1.6043e+00 1.6536e+00 1.6212e+00 1.5648e+00 1.4063e+00 1.2894e+00 1.3031e+00 1.2902e+00 1.3249e+00 1.3187e+00 1.2692e+00 1.2761e+00 1.3317e+00 1.3317e+00 1.3471e+00 1.3141e+00 1.2926e+00
-9.9990e+03 -9.9990e+03 -9.9990e+03 -9.9990e+03 -9.9990e+03 -9.9990e+03 -9.9990e+03 -9.9990e+03 -9.9990e+03 -9.9990e+03 -9.9990e+03 -9.9990e+03 -9.9990e+03 1.4809e+00 1.4304e+00 1.3902e+00 1.3902e+00 1.3841e+00 1.2402e+00 1.0916e+00 1.1621e+00 1.1621e+00 1.2801e+00 1.3160e+00 1.3364e+00 1.3366e+00 1.3119e+00 1.2796e+00 1.2613e+00 1.2567e+00 1.3903e+00 1.6270e+00 1.7501e+00 1.9653e+00 1.9671e+00 1.7977e+00 1.6327e+00 1.5970e+00 1.5626e+00 1.5459e+00 1.5872e+00 1.5879e+00 1.5159e+00 1.4644e+00 1.3524e+00 1.2575e+00 1.2817e+00 1.3228e+00 1.3011e+00 1.3011e+00 1.2600e+00 1.2809e+00 1.3438e+00 1.3441e+00 1.3441e+00 1.3160e+00
-9.9990e+03 -9.9990e+03 -9.9990e+03 -9.9990e+03 -9.9990e+03 -9.9990e+03 -9.9990e+03 -9.9990e+03 -9.9990e+03 -9.9990e+03 -9.9990e+03 -9.9990e+03 -9.9990e+03 1.5528e+00 1.4926e+00 1.4398e+00 1.4170e+00 1.4216e+00 1.4216e+00 1.3261e+00 1.2910e+00 1.2548e+00 1.3012e+00 1.3212e+00 1.3369e+00 1.3397e+00 1.3202e+00 1.2529e+00 1.2146e+00 1.1893e+00 1.2350e+00 1.4779e+00 1.7501e+00 2.0348e+00 1.9054e+00 1.9054e+00 1.6940e+00 1.6079e+00 1.5443e+00 1.5459e+00 1.5387e+00 1.5791e+00 1.5570e+00 1.4052e+00 1.3022e+00 1.2360e+00 1.2360e+00 1.2680e+00 1.3004e+00 1.2901e+00 1.2652e+00 1.2652e+00 1.3011e+00 1.3403e+00 1.3325e+00 1.3154e+00
