bias_correction/pipeline/UV_2_s_1.3_d_248.asc
ncols        88
nrows        90
xllcorner    2777636
yllcorner    1185112
cellsize     25
NODATA_value -9999
[rows 50 to 74 of 90, columns 0 to 55 of 88]
-9.9990e+03 -9.9990e+03 -9.9990e+03 -9.9990e+03 -9.9990e+03 -9.9990e+03 -9.9990e+03 -9.9990e+03 -9.9990e+03 -9.9990e+03 -9.9990e+03 -9.9990e+03 -9.9990e+03 1.4544e+00 1.4316e+00 1.3977e+00 1.4196e+00 1.4647e+00 1.5152e+00 1.4981e+00 1.5060e+00 1.4267e+00 1.3922e+00 1.3887e+00 1.4137e+00 1.4561e+00 1.4561e+00 1.4387e+00 1.3823e+00 1.2961e+00 1.2915e+00 1.5692e+00 1.8908e+00 2.1622e+00 2.1746e+00 2.0200e+00 1.8767e+00 1.8021e+00 1.7214e+00 1.6981e+00 1.6557e+00 1.7465e+00 1.7665e+00 1.6997e+00 1.5530e+00 1.4448e+00 1.4000e+00 1.3628e+00 1.3927e+00 1.3986e+00 1.4035e+00 1.3919e+00 1.3973e+00 1.3973e+00 1.4012e+00 1.3668e+00
-9.9990e+03 -9.9990e+03 -9.9990e+03 -9.9990e+03 -9.9990e+03 -9.9990e+03 -9.9990e+03 -9.9990e+03 -9.9990e+03 -9.9990e+03 -9.9990e+03 -9.9990e+03 -9.9990e+03 1.4281e+00 1.3984e+00 1.3976e+00 1.4401e+00 1.4647e+00 1.5833e+00 1.5678e+00 1.5908e+00 1.5226e+00 1.4352e+00 1.3990e+00 1.4125e+00 1.4394e+00 1.4935e+00 1.4669e+00 1.4312e+00 1.3686e+00 1.3862e+00 1.6882e+00 1.9426e+00 2.1622e+00 2.1330e+00 2.1264e+00 1.9848e+00 1.8779e+00 1.7793e+00 1.6931e+00 1.6964e+00 1.7465e+00 1.7690e+00 1.6730e+00 1.5403e+00 1.4416e+00 1.3828e+00 1.3421e+00 1.3421e+00 1.3725e+00 1.3792e+00 1.3932e+00 1.3859e+00 1.3942e+00 1.3889e+00 1.3178e+00
-9.9990e+03 -9.9990e+03 -9.9990e+03 -9.9990e+03 -9.9990e+03 -9.9990e+03 -9.9990e+03 -9.9990e+03 -9.9990e+03 -9.9990e+03 -9.9990e+03 -9.9990e+03 -9.9990e+03 1.4405e+00 1.4144e+00 1.4877e+00 1.4689e+00 1.5010e+00 1.5846e+00 1.6167e+00 1.5908e+00 1.5074e+00 1.4328e+00 1.4115e+00 1.4367e+00 1.4742e+00 1.5293e+00 1.4976e+00 1.4312e+00 1.4949e+00 1.4707e+00 1.6190e+00 1.7671e+00 1.9694e+00 2.0934e+00 2.0825e+00 1.9848e+00 1.8829e+00 1.7608e+00 1.7055e+00 1.7487e+00 1.7910e+00 1.7522e+00 1.7522e+00 1.6454e+00 1.5235e+00 1.4292e+00 1.3543e+00 1.3343e+00 1.3601e+00 1.3621e+00 1.3721e+00 1.3859e+00 1.3842e+00 1.3643e+00 1.2704e+00
-9.9990e+03 -9.9990e+03 -9.9990e+03 -9.9990e+03 -9.9990e+03 -9.9990e+03 -9.9990e+03 -9.9990e+03 -9.9990e+03 -9.9990e+03 -9.9990e+03 -9.9990e+03 -9.9990e+03 -9.9990e+03 1.5162e+00 1.6031e+00 1.5801e+00 1.5687e+00 1.5791e+00 1.6004e+00 1.5705e+00 1.4982e+00 1.4328e+00 1.4294e+00 1.4294e+00 1.4556e+00 1.5458e+00 1.5671e+00 1.5333e+00 1.5435e+00 1.5477e+00 1.6659e+00 1.8173e+00 1.9845e+00 2.0564e+00 2.0474e+00 1.9830e+00 1.9079e+00 1.9079e+00 1.7962e+00 1.7448e+00 1.7959e+00 1.8145e+00 1.7285e+00 1.6191e+00 1.4977e+00 1.4106e+00 1.3448e+00 1.3355e+00 1.3534e+00 1.3545e+00 1.3545e+00 1.3627e+00 1.3795e+00 1.3572e+00 1.2828e+00
-9.9990e+03 -9.9990e+03 -9.9990e+03 -9.9990e+03 -9.9990e+03 -9.9990e+03 -9.9990e+03 -9.9990e+03 -9.9990e+03 -9.9990e+03 -9.9990e+03 -9.9990e+03 -9.9990e+03 -9.9990e+03 1.6193e+00 1.6031e+00 1.6314e+00 1.5932e+00 1.5713e+00 1.5713e+00 1.5766e+00 1.5364e+00 1.5002e+00 1.4460e+00 1.4436e+00 1.4737e+00 1.5879e+00 1.6109e+00 1.5673e+00 1.5513e+00 1.5738e+00 1.6659e+00 1.8626e+00 1.8626e+00 2.0020e+00 2.0251e+00 2.0261e+00 2.0240e+00 1.9571e+00 1.7962e+00 1.8060e+00 1.8389e+00 1.8024e+00 1.6995e+00 1.5870e+00 1.4696e+00 1.4696e+00 1.3903e+00 1.3143e+00 1.3155e+00 1.3409e+00 1.3761e+00 1.3828e+00 1.3889e+00 1.3353e+00 1.2828e+00
-9.9990e+03 -9.9990e+03 -9.9990e+03 -9.9990e+03 -9.9990e+03 -9.9990e+03 -9.9990e+03 -9.9990e+03 -9.9990e+03 -9.9990e+03 -9.9990e+03 -9.9990e+03 -9.9990e+03 -9.9990e+03 -9.9990e+03 1.6833e+00 1.6829e+00 1.6557e+00 1.6070e+00 1.5580e+00 1.5512e+00 1.5255e+00 1.5120e+00 1.4674e+00 1.4572e+00 1.4939e+00 1.6365e+00 1.6365e+00 1.6615e+00 1.5904e+00 1.5355e+00 1.5779e+00 1.7428e+00 1.9039e+00 1.9992e+00 1.9879e+00 2.0069e+00 2.0738e+00 2.0236e+00 1.8633e+00 1.8837e+00 1.8837e+00 1.8810e+00 1.7604e+00 1.6439e+00 1.5100e+00 1.4521e+00 1.3666e+00 1.2607e+00 1.2777e+00 1.3411e+00 1.4124e+00 1.4208e+00 1.4043e+00 1.3162e+00 1.3162e+00
-9.9990e+03 -9.9990e+03 -9.9990e+03 -9.9990e+03 -9.9990e+03 -9.9990e+03 -9.9990e+03 -9.9990e+03 -9.9990e+03 -9.9990e+03 -9.9990e+03 -9.9990e+03 -9.9990e+03 -9.9990e+03 -9.9990e+03 1.6932e+00 1.6695e+00 1.6560e+00 1.6070e+00 1.5582e+00 1.5345e+00 1.5205e+00 1.5205e+00 1.5095e+00 1.4684e+00 1.4616e+00 1.5226e+00 1.6614e+00 1.6841e+00 1.5796e+00 1.5303e+00 1.5948e+00 1.7993e+00 1.9424e+00 1.9992e+00 1.9745e+00 1.9745e+00 2.0715e+00 2.1512e+00 2.0961e+00 2.0255e+00 1.9544e+00 1.8810e+00 1.6964e+00 1.5789e+00 1.4790e+00 1.4386e+00 1.3304e+00 1.2023e+00 1.2354e+00 1.2354e+00 1.3376e+00 1.4453e+00 1.5087e+00 1.4236e+00 1.2981e+00
-9.9990e+03 -9.9990e+03 -9.9990e+03 -9.9990e+03 -9.9990e+03 -9.9990e+03 -9.9990e+03 -9.9990e+03 -9.9990e+03 -9.9990e+03 -9.9990e+03 -9.9990e+03 -9.9990e+03 -9.9990e+03 -9.9990e+03 1.6853e+00 1.6483e+00 1.6483e+00 1.6394e+00 1.6266e+00 1.5761e+00 1.5723e+00 1.5295e+00 1.5066e+00 1.4499e+00 1.4507e+00 1.5344e+00 1.6652e+00 1.6718e+00 1.5641e+00 1.5428e+00 1.5428e+00 1.6948e+00 1.8494e+00 1.9620e+00 1.9879e+00 1.9965e+00 2.1553e+00 2.2493e+00 2.1619e+00 2.0512e+00 1.9704e+00 1.8487e+00 1.6246e+00 1.5172e+00 1.4659e+00 1.4344e+00 1.4006e+00 1.2347e+00 1.1617e+00 1.2051e+00 1.3329e+00 1.4717e+00 1.5087e+00 1.4438e+00 1.2847e+00
-9.9990e+03 -9.9990e+03 -9.9990e+03 -9.9990e+03 -9.9990e+03 -9.9990e+03 -9.9990e+03 -9.9990e+03 -9.9990e+03 -9.9990e+03 -9.9990e+03 -9.9990e+03 -9.9990e+03 -9.9990e+03 -9.9990e+03 -9.9990e+03 1.6850e+00 1.6324e+00 1.6175e+00 1.6398e+00 1.6087e+00 1.5723e+00 1.5395e+00 1.4924e+00 1.4595e+00 1.4602e+00 1.4602e+00 1.5376e+00 1.6338e+00 1.6341e+00 1.5589e+00 1.5726e+00 1.7432e+00 1.8651e+00 1.9456e+00 1.9545e+00 2.0263e+00 2.1553e+00 2.3665e+00 2.3665e+00 2.2444e+00 1.9962e+00 1.8980e+00 1.6959e+00 1.5782e+00 1.4659e+00 1.3805e+00 1.3407e+00 1.1989e+00 1.1523e+00 1.1949e+00 1.3214e+00 1.4843e+00 1.4843e+00 1.5571e+00 1.4419e+00
-9.9990e+03 -9.9990e+03 -9.9990e+03 -9.9990e+03 -9.9990e+03 -9.9990e+03 -9.9990e+03 -9.9990e+03 -9.9990e+03 -9.9990e+03 -9.9990e+03 -9.9990e+03 -9.9990e+03 -9.9990e+03 -9.9990e+03 -9.9990e+03 1.6850e+00 1.6322e+00 1.6039e+00 1.6520e+00 1.6394e+00 1.6394e+00 1.6168e+00 1.5545e+00 1.5037e+00 1.4665e+00 1.4662e+00 1.5185e+00 1.5869e+00 1.5909e+00 1.5686e+00 1.6147e+00 1.7432e+00 1.8435e+00 1.8435e+00 1.8214e+00 1.9045e+00 2.0423e+00 2.3197e+00 2.4570e+00 2.2444e+00 1.8764e+00 1.7716e+00 1.6366e+00 1.5614e+00 1.4356e+00 1.3265e+00 1.2772e+00 1.2772e+00 1.1750e+00 1.1568e+00 1.2049e+00 1.3128e+00 1.4760e+00 1.5219e+00 1.4207e+00
-9.9990e+03 -9.9990e+03 -9.9990e+03 -9.9990e+03 -9.9990e+03 -9.9990e+03 -9.9990e+03 -9.9990e+03 -9.9990e+03 -9.9990e+03 -9.9990e+03 -9.9990e+03 -9.9990e+03 -9.9990e+03 -9.9990e+03 -9.9990e+03 -9.9990e+03 1.7116e+00 1.6468e+00 1.6553e+00 1.6605e+00 1.6505e+00 1.6028e+00 1.5498e+00 1.5077e+00 1.4803e+00 1.4717e+00 1.4959e+00 1.5445e+00 1.5445e+00 1.5640e+00 1.6127e+00 1.6732e+00 1.7730e+00 1.8003e+00 1.7774e+00 1.8826e+00 2.0572e+00 2.3646e+00 2.4925e+00 2.2124e+00 1.7615e+00 1.6534e+00 1.6017e+00 1.5848e+00 1.5301e+00 1.3977e+00 1.3099e+00 1.2284e+00 1.1869e+00 1.1791e+00 1.2229e+00 1.3148e+00 1.4458e+00 1.4483e+00 1.3734e+00
-9.9990e+03 -9.9990e+03 -9.9990e+03 -9.9990e+03 -9.9990e+03 -9.9990e+03 -9.9990e+03 -9.9990e+03 -9.9990e+03 -9.9990e+03 -9.9990e+03 -9.9990e+03 -9.9990e+03 -9.9990e+03 -9.9990e+03 -9.9990e+03 -9.9990e+03 1.7254e+00 1.6782e+00 1.6553e+00 1.6590e+00 1.6322e+00 1.5565e+00 1.5192e+00 1.5192e+00 1.4989e+00 1.4977e+00 1.4820e+00 1.4706e+00 1.5093e+00 1.5562e+00 1.6493e+00 1.7120e+00 1.7450e+00 1.7460e+00 1.7774e+00 1.8886e+00 2.0919e+00 2.1288e+00 2.3720e+00 2.4552e+00 2.0332e+00 1.7163e+00 1.6017e+00 1.5291e+00 1.4745e+00 1.4034e+00 1.3499e+00 1.2428e+00 1.2243e+00 1.2072e+00 1.2072e+00 1.2617e+00 1.3460e+00 1.3743e+00 1.3469e+00
-9.9990e+03 -9.9990e+03 -9.9990e+03 -9.9990e+03 -9.9990e+03 -9.9990e+03 -9.9990e+03 -9.9990e+03 -9.9990e+03 -9.9990e+03 -9.9990e+03 -9.9990e+03 -9.9990e+03 -9.9990e+03 -9.9990e+03 -9.9990e+03 -9.9990e+03 1.7379e+00 1.7087e+00 1.7087e+00 1.7135e+00 1.6347e+00 1.5293e+00 1.5079e+00 1.4877e+00 1.4797e+00 1.5018e+00 1.4823e+00 1.4469e+00 1.4717e+00 1.5348e+00 1.6577e+00 1.7183e+00 1.6873e+00 1.7040e+00 1.7047e+00 1.7566e+00 1.9095e+00 2.1375e+00 2.3029e+00 2.3268e+00 2.0023e+00 1.7903e+00 1.6133e+00 1.5233e+00 1.4261e+00 1.4405e+00 1.4514e+00 1.4254e+00 1.3971e+00 1.2805e+00 1.2350e+00 1.3383e+00 1.3863e+00 1.3493e+00 1.2794e+00
-9.9990e+03 -9.9990e+03 -9.9990e+03 -9.9990e+03 -9.9990e+03 -9.9990e+03 -9.9990e+03 -9.9990e+03 -9.9990e+03 -9.9990e+03 -9.9990e+03 -9.9990e+03 -9.9990e+03 -9.9990e+03 -9.9990e+03 -9.9990e+03 -9.9990e+03 -9.9990e+03 1.7591e+00 1.7386e+00 1.6953e+00 1.5901e+00 1.5293e+00 1.4749e+00 1.4566e+00 1.4462e+00 1.4887e+00 1.4887e+00 1.4759e+00 1.4442e+00 1.4408e+00 1.5030e+00 1.6252e+00 1.6417e+00 1.6659e+00 1.6763e+00 1.7723e+00 1.9455e+00 2.1375e+00 2.1634e+00 2.1652e+00 1.9731e+00 2.0123e+00 1.9464e+00 1.8884e+00 1.6029e+00 1.4405e+00 1.5408e+00 1.5319e+00 1.5279e+00 1.3892e+00 1.3067e+00 1.4407e+00 1.4335e+00 1.3493e+00 1.3540e+00
-9.9990e+03 -9.9990e+03 -9.9990e+03 -9.9990e+03 -9.9990e+03 -9.9990e+03 -9.9990e+03 -9.9990e+03 -9.9990e+03 -9.9990e+03 -9.9990e+03 -9.9990e+03 -9.9990e+03 -9.9990e+03 -9.9990e+03 -9.9990e+03 -9.9990e+03 -9.9990e+03 1.7698e+00 1.7463e+00 1.6643e+00 1.5533e+00 1.5533e+00 1.4818e+00 1.4561e+00 1.4230e+00 1.4034e+00 1.4665e+00 1.4717e+00 1.4550e+00 1.4362e+00 1.4682e+00 1.5693e+00 1.6417e+00 1.6584e+00 1.6768e+00 1.7236e+00 1.8433e+00 2.0280e+00 2.0306e+00 1.9504e+00 1.9731e+00 1.9612e+00 2.0719e+00 1.9825e+00 1.7210e+00 1.5345e+00 1.6359e+00 1.6464e+00 1.5279e+00 1.6643e+00 1.5310e+00 1.5998e+00 1.5551e+00 1.4662e+00 1.4269e+00
-9.9990e+03 -9.9990e+03 -9.9990e+03 -9.9990e+03 -9.9990e+03 -9.9990e+03 -9.9990e+03 -9.9990e+03 -9.9990e+03 -9.9990e+03 -9.9990e+03 -9.9990e+03 -9.9990e+03 -9.9990e+03 -9.9990e+03 -9.9990e+03 -9.9990e+03 -9.9990e+03 -9.9990e+03 1.7671e+00 1.7039e+00 1.6202e+00 1.5232e+00 1.4549e+00 1.4265e+00 1.3841e+00 1.3572e+00 1.4261e+00 1.4549e+00 1.4697e+00 1.4498e+00 1.4794e+00 1.4684e+00 1.5240e+00 1.6188e+00 1.6909e+00 1.8058e+00 1.9134e+00 2.0483e+00 1.8882e+00 1.7530e+00 1.7921e+00 1.8300e+00 2.0446e+00 1.9134e+00 1.9134e+00 1.7729e+00 1.6727e+00 1.6737e+00 1.7113e+00 1.7283e+00 1.6780e+00 1.7265e+00 1.6545e+00 1.5299e+00 1.5311e+00
-9.9990e+03 -9.9990e+03 -9.9990e+03 -9.9990e+03 -9.9990e+03 -9.9990e+03 -9.9990e+03 -9.9990e+03 -9.9990e+03 -9.9990e+03 -9.9990e+03 -9.9990e+03 -9.9990e+03 -9.9990e+03 -9.9990e+03 -9.9990e+03 -9.9990e+03 -9.9990e+03 -9.9990e+03 1.7543e+00 1.7039e+00 1.5720e+00 1.4949e+00 1.4125e+00 1.3799e+00 1.3440e+00 1.3147e+00 1.3361e+00 1.3847e+00 1.4490e+00 1.4871e+00 1.5326e+00 1.5125e+00 1.5340e+00 1.6481e+00 1.7501e+00 1.8058e+00 1.9234e+00 1.9696e+00 1.8157e+00 1.7399e+00 1.6318e+00 1.5911e+00 1.6971e+00 1.8837e+00 1.7619e+00 1.7377e+00 1.6277e+00 1.6263e+00 1.6912e+00 1.7025e+00 1.7500e+00 1.7265e+00 1.7418e+00 1.6875e+00 1.6207e+00
-9.9990e+03 -9.9990e+03 -9.9990e+03 -9.9990e+03 -9.9990e+03 -9.9990e+03 -9.9990e+03 -9.9990e+03 -9.9990e+03 -9.9990e+03 -9.9990e+03 -9.9990e+03 -9.9990e+03 -9.9990e+03 -9.9990e+03 -9.9990e+03 -9.9990e+03 -9.9990e+03 -9.9990e+03 1.7341e+00 1.6706e+00 1.6726e+00 1.5593e+00 1.4658e+00 1.3648e+00 1.3261e+00 1.2984e+00 1.3497e+00 1.3865e+00 1.4865e+00 1.5302e+00 1.5972e+00 1.5724e+00 1.5759e+00 1.6476e+00 1.7030e+00 1.8226e+00 1.8831e+00 1.8415e+00 1.6617e+00 1.6329e+00 1.5911e+00 1.5884e+00 1.6025e+00 1.7020e+00 1.6303e+00 1.6610e+00 1.5594e+00 1.5594e+00 1.5447e+00 1.5429e+00 1.6376e+00 1.7238e+00 1.6764e+00 1.6513e+00 1.5925e+00
-9.9990e+03 -9.9990e+03 -9.9990e+03 -9.9990e+03 -9.9990e+03 -9.9990e+03 -9.9990e+03 -9.9990e+03 -9.9990e+03 -9.9990e+03 -9.9990e+03 -9.9990e+03 -9.9990e+03 -9.9990e+03 -9.9990e+03 -9.9990e+03 -9.9990e+03 -9.9990e+03 -9.9990e+03 -9.9990e+03 1.7379e+00 1.7012e+00 1.5683e+00 1.4658e+00 1.3195e+00 1.2761e+00 1.2982e+00 1.4019e+00 1.4499e+00 1.5623e+00 1.5982e+00 1.6121e+00 1.7177e+00 1.6725e+00 1.6736e+00 1.7298e+00 1.8594e+00 1.8122e+00 1.7209e+00 1.6617e+00 1.5752e+00 1.5983e+00 1.5915e+00 1.5915e+00 1.5545e+00 1.5158e+00 1.5518e+00 1.5908e+00 1.5101e+00 1.5000e+00 1.5249e+00 1.5833e+00 1.6526e+00 1.5962e+00 1.5932e+00 1.5925e+00
-9.9990e+03 -9.9990e+03 -9.9990e+03 -9.9990e+03 -9.9990e+03 -9.9990e+03 -9.9990e+03 -9.9990e+03 -9.9990e+03 -9.9990e+03 -9.9990e+03 -9.9990e+03 -9.9990e+03 -9.9990e+03 -9.9990e+03 -9.9990e+03 -9.9990e+03 -9.9990e+03 -9.9990e+03 -9.9990e+03 1.7497e+00 1.7394e+00 1.5936e+00 1.4487e+00 1.4367e+00 1.2838e+00 1.2170e+00 1.3078e+00 1.4767e+00 1.6882e+00 1.7383e+00 1.7392e+00 1.7955e+00 1.7209e+00 1.6052e+00 1.6760e+00 1.8028e+00 1.7217e+00 1.7217e+00 1.6382e+00 1.5340e+00 1.5469e+00 1.5841e+00 1.5798e+00 1.5297e+00 1.5072e+00 1.5124e+00 1.5343e+00 1.4824e+00 1.4959e+00 1.5165e+00 1.5165e+00 1.5377e+00 1.5235e+00 1.5381e+00 1.5331e+00
-9.9990e+03 -9.9990e+03 -9.9990e+03 -9.9990e+03 -9.9990e+03 -9.9990e+03 -9.9990e+03 -9.9990e+03 -9.9990e+03 -9.9990e+03 -9.9990e+03 -9.9990e+03 -9.9990e+03 -9.9990e+03 -9.9990e+03 -9.9990e+03 -9.9990e+03 -9.9990e+03 -9.9990e+03 -9.9990e+03 -9.9990e+03 1.7920e+00 1.7645e+00 1.6118e+00 1.4329e+00 1.2720e+00 1.2170e+00 1.3134e+00 1.5412e+00 1.7922e+00 1.8662e+00 1.8520e+00 1.7996e+00 1.7996e+00 1.6676e+00 1.4844e+00 1.5471e+00 1.5675e+00 1.6410e+00 1.6026e+00 1.5397e+00 1.5350e+00 1.5841e+00 1.5598e+00 1.5327e+00 1.5080e+00 1.5080e+00 1.4892e+00 1.4622e+00 1.4676e+00 1.5004e+00 1.5015e+00 1.5037e+00 1.4878e+00 1.4896e+00 1.4887e+00
-9.9990e+03 -9.9990e+03 -9.9990e+03 -9.9990e+03 -9.9990e+03 -9.9990e+03 -9.9990e+03 -9.9990e+03 -9.9990e+03 -9.9990e+03 -9.9990e+03 -9.9990e+03 -9.9990e+03 -9.9990e+03 -9.9990e+03 -9.9990e+03 -9.9990e+03 -9.9990e+03 -9.9990e+03 -9.9990e+03 -9.9990e+03 1.7920e+00 1.7592e+00 1.6146e+00 1.4465e+00 1.2855e+00 1.2164e+00 1.2651e+00 1.3493e+00 1.5920e+00 1.8820e+00 1.9726e+00 1.9142e+00 1.7344e+00 1.5669e+00 1.3726e+00 1.4282e+00 1.5675e+00 1.5840e+00 1.5972e+00 1.5523e+00 1.5523e+00 1.5334e+00 1.5357e+00 1.5294e+00 1.5270e+00 1.5087e+00 1.4810e+00 1.4551e+00 1.4534e+00 1.4903e+00 1.4775e+00 1.4858e+00 1.4878e+00 1.4437e+00 1.4437e+00
-9.9990e+03 -9.9990e+03 -9.9990e+03 -9.9990e+03 -9.9990e+03 -9.9990e+03 -9.9990e+03 -9.9990e+03 -9.9990e+03 -9.9990e+03 -9.9990e+03 -9.9990e+03 -9.9990e+03 -9.9990e+03 -9.9990e+03 -9.9990e+03 -9.9990e+03 -9.9990e+03 -9.9990e+03 -9.9990e+03 -9.9990e+03 1.7895e+00 1.7838e+00 1.7387e+00 1.6303e+00 1.4840e+00 1.3338e+00 1.3488e+00 1.4212e+00 1.6457e+00 1.9589e+00 2.0346e+00 1.8442e+00 1.6140e+00 1.4428e+00 1.3014e+00 1.3014e+00 1.3589e+00 1.4546e+00 1.5490e+00 1.5680e+00 1.5580e+00 1.5394e+00 1.5151e+00 1.4947e+00 1.5123e+00 1.5139e+00 1.4869e+00 1.4462e+00 1.4231e+00 1.4231e+00 1.4250e+00 1.4650e+00 1.4948e+00 1.5112e+00 1.4452e+00
-9.9990e+03 -9.9990e+03 -9.9990e+03 -9.9990e+03 -9.9990e+03 -9.9990e+03 -9.9990e+03 -9.9990e+03 -9.9990e+03 -9.9990e+03 -9.9990e+03 -9.9990e+03 -9.9990e+03 -9.9990e+03 -9.9990e+03 -9.9990e+03 -9.9990e+03 -9.9990e+03 -9.9990e+03 -9.9990e+03 -9.9990e+03 -9.9990e+03 1.7885e+00 1.7313e+00 1.6303e+00 1.5298e+00 1.4003e+00 1.4288e+00 1.4993e+00 1.7110e+00 2.0228e+00 2.0228e+00 2.0525e+00 1.7413e+00 1.4938e+00 1.2753e+00 1.2604e+00 1.3409e+00 1.4500e+00 1.5265e+00 1.5680e+00 1.5560e+00 1.5405e+00 1.5081e+00 1.4799e+00 1.4799e+00 1.4964e+00 1.5046e+00 1.4861e+00 1.4630e+00 1.4154e+00 1.4804e+00 1.5142e+00 1.5522e+00 1.4764e+00 1.3812e+00
-9.9990e+03 -9.9990e+03 -9.9990e+03 -9.9990e+03 -9.9990e+03 -9.9990e+03 -9.9990e+03 -9.9990e+03 -9.9990e+03 -9.9990e+03 -9.9990e+03 -9.9990e+03 -9.9990e+03 -9.9990e+03 -9.9990e+03 -9.9990e+03 -9.9990e+03 -9.9990e+03 -9.9990e+03 -9.9990e+03 -9.9990e+03 -9.9990e+03 1.8011e+00 1.7378e+00 1.6506e+00 1.5598e+00 1.5598e+00 1.5000e+00 1.5117e+00 1.6028e+00 1.8928e+00 2.0216e+00 1.9890e+00 1.6401e+00 1.4102e+00 1.2516e+00 1.2474e+00 1.3424e+00 1.4523e+00 1.5158e+00 1.5158e+00 1.5363e+00 1.5509e+00 1.5304e+00 1.5096e+00 1.4812e+00 1.5153e+00 1.5131e+00 1.5055e+00 1.5478e+00 1.4981e+00 1.4844e+00 1.4797e+00 1.4797e+00 1.4539e+00 1.4184e+00
