bias_correction/pipeline/UV_2_s_1.3_d_248.asc
ncols        88
nrows        90
xllcorner    2777636
yllcorner    1185112
cellsize     25
NODATA_value -9999
[rows 25 to 49 of 90, columns 0 to 55 of 88]
-9.9990e+03 -9.9990e+03 -9.9990e+03 -9.9990e+03 -9.9990e+03 -9.9990e+03 -9.9990e+03 -9.9990e+03 -9.9990e+03 -9.9990e+03 -9.9990e+03 -9.9990e+03 -9.9990e+03 1.1529e+00 1.1359e+00 1.1403e+00 1.2232e+00 1.2232e+00 1.2874e+00 1.4157e+00 1.6584e+00 1.6409e+00 1.8826e+00 1.9952e+00 2.4592e+00 2.4544e+00 2.3009e+00 2.0233e+00 1.7499e+00 1.8423e+00 1.8205e+00 1.8720e+00 1.7826e+00 1.6287e+00 1.4603e+00 1.3845e+00 1.3847e+00 1.2719e+00 1.2132e+00 1.1691e+00 1.2218e+00 1.2888e+00 1.2478e+00 1.1472e+00 1.1472e+00 1.0846e+00 1.1571e+00 1.1446e+00 1.0619e+00 9.4740e-01 1.0943e+00 1.5552e+00 2.3072e+00 2.6239e+00 2.0750e+00 1.5911e+00
-9.9990e+03 -9.9990e+03 -9.9990e+03 -9.9990e+03 -9.9990e+03 -9.9990e+03 -9.9990e+03 -9.9990e+03 -9.9990e+03 -9.9990e+03 -9.9990e+03 -9.9990e+03 -9.9990e+03 1.3663e+00 1.2401e+00 1.2037e+00 1.1159e+00 1.1523e+00 1.2906e+00 1.4359e+00 1.5446e+00 1.4576e+00 1.5537e+00 1.6902e+00 2.1218e+00 2.3467e+00 2.0802e+00 2.2650e+00 2.1545e+00 2.0771e+00 1.9860e+00 1.9460e+00 1.7566e+00 1.6062e+00 1.4564e+00 1.3601e+00 1.3199e+00 1.2303e+00 1.1811e+00 1.1707e+00 1.1443e+00 1.1968e+00 1.2648e+00 1.2349e+00 1.1275e+00 1.0640e+00 1.1204e+00 1.1028e+00 1.0178e+00 9.4897e-01 1.1643e+00 1.6526e+00 2.3709e+00 2.3644e+00 2.6369e+00 2.3039e+00
-9.9990e+03 -9.9990e+03 -9.9990e+03 -9.9990e+03 -9.9990e+03 -9.9990e+03 -9.9990e+03 -9.9990e+03 -9.9990e+03 -9.9990e+03 -9.9990e+03 -9.9990e+03 -9.9990e+03 1.4990e+00 1.3677e+00 1.2037e+00 1.1491e+00 1.1437e+00 1.3169e+00 1.4662e+00 1.4662e+00 1.5056e+00 1.4007e+00 1.3882e+00 1.4989e+00 1.8009e+00 1.8134e+00 2.0123e+00 2.0946e+00 2.2288e+00 2.1741e+00 1.9460e+00 1.6804e+00 1.5651e+00 1.5294e+00 1.4534e+00 1.3521e+00 1.2802e+00 1.2207e+00 1.1707e+00 1.1260e+00 1.1750e+00 1.2457e+00 1.2172e+00 1.1103e+00 1.0599e+00 1.0992e+00 1.1028e+00 1.0827e+00 1.0083e+00 1.0339e+00 1.2231e+00 1.7059e+00 2.2691e+00 2.5767e+00 2.3039e+00
-9.9990e+03 -9.9990e+03 -9.9990e+03 -9.9990e+03 -9.9990e+03 -9.9990e+03 -9.9990e+03 -9.9990e+03 -9.9990e+03 -9.9990e+03 -9.9990e+03 -9.9990e+03 -9.9990e+03 1.6058e+00 1.5062e+00 1.5062e+00 1.4202e+00 1.2525e+00 1.1985e+00 1.3293e+00 1.4813e+00 1.4700e+00 1.3931e+00 1.3359e+00 1.4277e+00 1.6270e+00 1.8134e+00 1.7669e+00 2.0040e+00 2.0488e+00 2.4053e+00 2.3292e+00 1.9274e+00 1.6110e+00 1.5294e+00 1.4520e+00 1.3564e+00 1.2884e+00 1.2244e+00 1.1666e+00 1.1144e+00 1.1607e+00 1.2457e+00 1.2218e+00 1.1950e+00 1.1117e+00 1.0709e+00 1.0929e+00 1.0908e+00 1.0367e+00 1.0339e+00 1.2694e+00 1.7076e+00 2.0980e+00 2.4472e+00 2.4374e+00
-9.9990e+03 -9.9990e+03 -9.9990e+03 -9.9990e+03 -9.9990e+03 -9.9990e+03 -9.9990e+03 -9.9990e+03 -9.9990e+03 -9.9990e+03 -9.9990e+03 -9.9990e+03 -9.9990e+03 1.5313e+00 1.6141e+00 1.5828e+00 1.4458e+00 1.3299e+00 1.2559e+00 1.2770e+00 1.4079e+00 1.4187e+00 1.3891e+00 1.3452e+00 1.3703e+00 1.4211e+00 1.5363e+00 1.5064e+00 1.6414e+00 2.1714e+00 2.5144e+00 2.3863e+00 1.8863e+00 1.5916e+00 1.5114e+00 1.4575e+00 1.3659e+00 1.2892e+00 1.2892e+00 1.2272e+00 1.1719e+00 1.1122e+00 1.1507e+00 1.1976e+00 1.1842e+00 1.1443e+00 1.0917e+00 1.0946e+00 1.1077e+00 1.0870e+00 1.0895e+00 1.1499e+00 1.3095e+00 1.6145e+00 1.9087e+00 2.2297e+00
-9.9990e+03 -9.9990e+03 -9.9990e+03 -9.9990e+03 -9.9990e+03 -9.9990e+03 -9.9990e+03 -9.9990e+03 -9.9990e+03 -9.9990e+03 -9.9990e+03 -9.9990e+03 -9.9990e+03 1.5313e+00 1.5387e+00 1.5303e+00 1.4253e+00 1.3746e+00 1.2758e+00 1.2973e+00 1.2535e+00 1.3327e+00 1.3702e+00 1.3869e+00 1.3890e+00 1.4015e+00 1.4601e+00 1.4542e+00 1.6647e+00 2.1714e+00 2.5651e+00 2.3502e+00 2.2189e+00 1.8646e+00 1.6332e+00 1.5877e+00 1.4678e+00 1.3669e+00 1.3015e+00 1.2416e+00 1.1842e+00 1.1094e+00 1.1333e+00 1.1868e+00 1.1992e+00 1.1443e+00 1.1780e+00 1.1028e+00 1.0693e+00 1.1130e+00 1.1330e+00 1.2181e+00 1.3449e+00 1.6145e+00 1.7827e+00 2.0430e+00
-9.9990e+03 -9.9990e+03 -9.9990e+03 -9.9990e+03 -9.9990e+03 -9.9990e+03 -9.9990e+03 -9.9990e+03 -9.9990e+03 -9.9990e+03 -9.9990e+03 -9.9990e+03 -9.9990e+03 1.4721e+00 1.4410e+00 1.4673e+00 1.3560e+00 1.3762e+00 1.3789e+00 1.3037e+00 1.2494e+00 1.2893e+00 1.3533e+00 1.3899e+00 1.3860e+00 1.3537e+00 1.3855e+00 1.3433e+00 1.4773e+00 1.8371e+00 2.4902e+00 2.5018e+00 2.0687e+00 1.8490e+00 1.7056e+00 1.6399e+00 1.4925e+00 1.3771e+00 1.3349e+00 1.2716e+00 1.1763e+00 1.1763e+00 1.0917e+00 1.1158e+00 1.2122e+00 1.2496e+00 1.2001e+00 1.0920e+00 1.0581e+00 1.1191e+00 1.1810e+00 1.2757e+00 1.3809e+00 1.5772e+00 1.7148e+00 1.7148e+00
-9.9990e+03 -9.9990e+03 -9.9990e+03 -9.9990e+03 -9.9990e+03 -9.9990e+03 -9.9990e+03 -9.9990e+03 -9.9990e+03 -9.9990e+03 -9.9990e+03 -9.9990e+03 -9.9990e+03 1.2950e+00 1.3786e+00 1.3855e+00 1.3560e+00 1.3128e+00 1.3554e+00 1.2739e+00 1.2543e+00 1.2884e+00 1.3284e+00 1.3833e+00 1.4087e+00 1.3577e+00 1.2968e+00 1.3229e+00 1.5576e+00 2.0637e+00 2.5854e+00 2.3954e+00 2.0687e+00 1.8014e+00 1.7520e+00 1.6629e+00 1.6629e+00 1.5316e+00 1.4811e+00 1.3848e+00 1.2924e+00 1.1652e+00 1.0919e+00 1.1664e+00 1.2804e+00 1.3154e+00 1.2027e+00 1.0769e+00 1.0581e+00 1.1304e+00 1.1304e+00 1.2129e+00 1.2996e+00 1.4129e+00 1.5589e+00 1.6627e+00
-9.9990e+03 -9.9990e+03 -9.9990e+03 -9.9990e+03 -9.9990e+03 -9.9990e+03 -9.9990e+03 -9.9990e+03 -9.9990e+03 -9.9990e+03 -9.9990e+03 -9.9990e+03 -9.9990e+03 1.2603e+00 1.3223e+00 1.3257e+00 1.2852e+00 1.2528e+00 1.2590e+00 1.2198e+00 1.2245e+00 1.2602e+00 1.3590e+00 1.4023e+00 1.4072e+00 1.3141e+00 1.2660e+00 1.3793e+00 1.7214e+00 2.2933e+00 2.6237e+00 2.6237e+00 2.2729e+00 1.8094e+00 1.7245e+00 1.6665e+00 1.6530e+00 1.5811e+00 1.5521e+00 1.4253e+00 1.2928e+00 1.1746e+00 1.1253e+00 1.1664e+00 1.2714e+00 1.3697e+00 1.3555e+00 1.1878e+00 1.0731e+00 1.1050e+00 1.1431e+00 1.2129e+00 1.2935e+00 1.4338e+00 1.5357e+00 1.6014e+00
-9.9990e+03 -9.9990e+03 -9.9990e+03 -9.9990e+03 -9.9990e+03 -9.9990e+03 -9.9990e+03 -9.9990e+03 -9.9990e+03 -9.9990e+03 -9.9990e+03 -9.9990e+03 -9.9990e+03 1.1201e+00 1.1451e+00 1.2562e+00 1.2874e+00 1.2434e+00 1.2160e+00 1.2198e+00 1.1838e+00 1.2678e+00 1.3644e+00 1.3919e+00 1.3775e+00 1.2761e+00 1.2761e+00 1.2634e+00 1.4611e+00 1.8954e+00 2.5960e+00 2.6166e+00 2.1816e+00 1.7288e+00 1.6401e+00 1.6665e+00 1.6154e+00 1.6273e+00 1.5844e+00 1.5844e+00 1.4366e+00 1.2850e+00 1.2087e+00 1.2083e+00 1.3871e+00 1.4389e+00 1.3164e+00 1.1769e+00 1.1045e+00 1.1473e+00 1.1517e+00 1.1978e+00 1.2795e+00 1.2795e+00 1.4080e+00 1.4953e+00
-9.9990e+03 -9.9990e+03 -9.9990e+03 -9.9990e+03 -9.9990e+03 -9.9990e+03 -9.9990e+03 -9.9990e+03 -9.9990e+03 -9.9990e+03 -9.9990e+03 -9.9990e+03 -9.9990e+03 1.1012e+00 1.1451e+00 1.2108e+00 1.2786e+00 1.2285e+00 1.1788e+00 1.1604e+00 1.1416e+00 1.1685e+00 1.2705e+00 1.3238e+00 1.3568e+00 1.3029e+00 1.2615e+00 1.2951e+00 1.5818e+00 2.1044e+00 2.5960e+00 2.5321e+00 2.0683e+00 1.6697e+00 1.6697e+00 1.5771e+00 1.5289e+00 1.5648e+00 1.6371e+00 1.5695e+00 1.4217e+00 1.2988e+00 1.2754e+00 1.3223e+00 1.4792e+00 1.4439e+00 1.3164e+00 1.1887e+00 1.1887e+00 1.2389e+00 1.2063e+00 1.1778e+00 1.2007e+00 1.2712e+00 1.4080e+00 1.4323e+00
-9.9990e+03 -9.9990e+03 -9.9990e+03 -9.9990e+03 -9.9990e+03 -9.9990e+03 -9.9990e+03 -9.9990e+03 -9.9990e+03 -9.9990e+03 -9.9990e+03 -9.9990e+03 -9.9990e+03 1.0756e+00 1.0953e+00 1.0692e+00 1.1793e+00 1.2070e+00 1.1918e+00 1.1608e+00 1.1567e+00 1.1685e+00 1.2392e+00 1.2742e+00 1.3182e+00 1.3028e+00 1.2783e+00 1.3419e+00 1.7212e+00 1.7212e+00 2.3067e+00 2.7077e+00 2.3878e+00 1.8152e+00 1.6463e+00 1.5601e+00 1.5050e+00 1.5146e+00 1.6030e+00 1.5255e+00 1.4046e+00 1.3464e+00 1.3619e+00 1.3619e+00 1.5048e+00 1.4833e+00 1.3836e+00 1.2331e+00 1.2361e+00 1.3226e+00 1.2738e+00 1.2163e+00 1.2199e+00 1.2713e+00 1.3747e+00 1.3600e+00
-9.9990e+03 -9.9990e+03 -9.9990e+03 -9.9990e+03 -9.9990e+03 -9.9990e+03 -9.9990e+03 -9.9990e+03 -9.9990e+03 -9.9990e+03 -9.9990e+03 -9.9990e+03 -9.9990e+03 1.1134e+00 1.0562e+00 1.0598e+00 1.1458e+00 1.2070e+00 1.1434e+00 1.1573e+00 1.1827e+00 1.1723e+00 1.2018e+00 1.2321e+00 1.2321e+00 1.2936e+00 1.2926e+00 1.3013e+00 1.4770e+00 1.8849e+00 2.4948e+00 2.6816e+00 2.2301e+00 1.8152e+00 1.6354e+00 1.5696e+00 1.5024e+00 1.4848e+00 1.4848e+00 1.5147e+00 1.4894e+00 1.4065e+00 1.4172e+00 1.4518e+00 1.5193e+00 1.4257e+00 1.3047e+00 1.2320e+00 1.2978e+00 1.3226e+00 1.3293e+00 1.3293e+00 1.2752e+00 1.2496e+00 1.2893e+00 1.3164e+00
-9.9990e+03 -9.9990e+03 -9.9990e+03 -9.9990e+03 -9.9990e+03 -9.9990e+03 -9.9990e+03 -9.9990e+03 -9.9990e+03 -9.9990e+03 -9.9990e+03 -9.9990e+03 -9.9990e+03 1.0676e+00 1.0393e+00 1.0567e+00 1.1058e+00 1.1287e+00 1.0897e+00 1.0897e+00 1.1208e+00 1.1801e+00 1.1814e+00 1.2107e+00 1.2157e+00 1.2622e+00 1.2882e+00 1.3395e+00 1.5797e+00 2.0307e+00 2.6190e+00 2.6340e+00 2.6340e+00 2.1276e+00 1.7254e+00 1.6202e+00 1.5586e+00 1.5136e+00 1.4893e+00 1.5097e+00 1.4764e+00 1.4366e+00 1.5024e+00 1.5293e+00 1.4815e+00 1.3415e+00 1.3415e+00 1.2116e+00 1.2463e+00 1.3567e+00 1.4380e+00 1.3612e+00 1.3021e+00 1.2933e+00 1.3192e+00 1.2925e+00
-9.9990e+03 -9.9990e+03 -9.9990e+03 -9.9990e+03 -9.9990e+03 -9.9990e+03 -9.9990e+03 -9.9990e+03 -9.9990e+03 -9.9990e+03 -9.9990e+03 -9.9990e+03 -9.9990e+03 1.0198e+00 1.0198e+00 9.7558e-01 1.0330e+00 1.0675e+00 1.0418e+00 1.0530e+00 1.1208e+00 1.1717e+00 1.2179e+00 1.2484e+00 1.2058e+00 1.2341e+00 1.2998e+00 1.2998e+00 1.3943e+00 1.7128e+00 2.1797e+00 2.7080e+00 2.6165e+00 2.1102e+00 1.7595e+00 1.6055e+00 1.5586e+00 1.5269e+00 1.5181e+00 1.5220e+00 1.4883e+00 1.4883e+00 1.5255e+00 1.5562e+00 1.5557e+00 1.4347e+00 1.2922e+00 1.2216e+00 1.2599e+00 1.3898e+00 1.4550e+00 1.3804e+00 1.3021e+00 1.3396e+00 1.3419e+00 1.3468e+00
-9.9990e+03 -9.9990e+03 -9.9990e+03 -9.9990e+03 -9.9990e+03 -9.9990e+03 -9.9990e+03 -9.9990e+03 -9.9990e+03 -9.9990e+03 -9.9990e+03 -9.9990e+03 -9.9990e+03 9.9112e-01 9.6717e-01 9.4933e-01 1.0246e+00 1.0644e+00 1.0505e+00 1.0178e+00 1.0709e+00 1.1971e+00 1.1971e+00 1.2741e+00 1.2582e+00 1.2063e+00 1.2613e+00 1.3326e+00 1.4611e+00 1.8276e+00 2.2746e+00 2.7080e+00 2.6031e+00 2.1602e+00 1.8296e+00 1.6094e+00 1.6094e+00 1.5574e+00 1.5559e+00 1.5515e+00 1.5302e+00 1.5018e+00 1.5469e+00 1.5628e+00 1.5354e+00 1.4118e+00 1.2959e+00 1.2216e+00 1.2725e+00 1.3941e+00 1.3772e+00 1.4502e+00 1.3993e+00 1.3720e+00 1.3676e+00 1.3468e+00
-9.9990e+03 -9.9990e+03 -9.9990e+03 -9.9990e+03 -9.9990e+03 -9.9990e+03 -9.9990e+03 -9.9990e+03 -9.9990e+03 -9.9990e+03 -9.9990e+03 -9.9990e+03 -9.9990e+03 9.7015e-01 9.3351e-01 9.4933e-01 1.0412e+00 1.0412e+00 1.0794e+00 1.0502e+00 1.0083e+00 1.0929e+00 1.2352e+00 1.3065e+00 1.2523e+00 1.2330e+00 1.3030e+00 1.3527e+00 1.5226e+00 1.9203e+00 2.3088e+00 2.3088e+00 2.5635e+00 2.5654e+00 2.2676e+00 1.9088e+00 1.6505e+00 1.6274e+00 1.6104e+00 1.5834e+00 1.5384e+00 1.5176e+00 1.5464e+00 1.5330e+00 1.5330e+00 1.4469e+00 1.4065e+00 1.3296e+00 1.2793e+00 1.2791e+00 1.3624e+00 1.4362e+00 1.4200e+00 1.3976e+00 1.3759e+00 1.3389e+00
-9.9990e+03 -9.9990e+03 -9.9990e+03 -9.9990e+03 -9.9990e+03 -9.9990e+03 -9.9990e+03 -9.9990e+03 -9.9990e+03 -9.9990e+03 -9.9990e+03 -9.9990e+03 -9.9990e+03 9.6331e-01 9.5295e-01 9.3285e-01 9.6740e-01 1.0367e+00 1.0794e+00 1.0377e+00 1.0241e+00 1.1472e+00 1.2548e+00 1.2922e+00 1.2378e+00 1.2652e+00 1.2652e+00 1.3376e+00 1.3964e+00 1.6662e+00 1.9510e+00 2.2676e+00 2.4343e+00 2.4946e+00 2.2676e+00 1.9844e+00 1.7418e+00 1.7459e+00 1.6983e+00 1.6983e+00 1.6459e+00 1.5393e+00 1.5251e+00 1.5339e+00 1.4906e+00 1.4167e+00 1.4004e+00 1.3565e+00 1.3014e+00 1.2914e+00 1.3624e+00 1.4205e+00 1.4314e+00 1.4267e+00 1.4089e+00 1.3777e+00
-9.9990e+03 -9.9990e+03 -9.9990e+03 -9.9990e+03 -9.9990e+03 -9.9990e+03 -9.9990e+03 -9.9990e+03 -9.9990e+03 -9.9990e+03 -9.9990e+03 -9.9990e+03 -9.9990e+03 9.4420e-01 9.5086e-01 9.5491e-01 9.4674e-01 9.7153e-01 1.0310e+00 1.0271e+00 1.0271e+00 1.0831e+00 1.1496e+00 1.2246e+00 1.2491e+00 1.2383e+00 1.2849e+00 1.3570e+00 1.4553e+00 1.7106e+00 1.9271e+00 2.1759e+00 2.2981e+00 2.3975e+00 2.3975e+00 2.2338e+00 2.0152e+00 1.8843e+00 1.8341e+00 1.7682e+00 1.6788e+00 1.5607e+00 1.5363e+00 1.5141e+00 1.4600e+00 1.4045e+00 1.3895e+00 1.3637e+00 1.3623e+00 1.3216e+00 1.3134e+00 1.3622e+00 1.4052e+00 1.4144e+00 1.4129e+00 1.3895e+00
-9.9990e+03 -9.9990e+03 -9.9990e+03 -9.9990e+03 -9.9990e+03 -9.9990e+03 -9.9990e+03 -9.9990e+03 -9.9990e+03 -9.9990e+03 -9.9990e+03 -9.9990e+03 -9.9990e+03 9.4420e-01 1.0190e+00 1.0190e+00 9.8885e-01 8.8416e-01 8.8885e-01 9.6668e-01 1.0511e+00 1.0831e+00 1.1802e+00 1.2292e+00 1.3088e+00 1.2741e+00 1.3005e+00 1.3836e+00 1.5257e+00 1.5257e+00 1.7160e+00 1.8645e+00 2.0029e+00 2.1970e+00 2.2933e+00 2.1535e+00 1.9876e+00 1.8843e+00 1.8601e+00 1.8174e+00 1.7200e+00 1.5944e+00 1.5437e+00 1.5466e+00 1.4938e+00 1.4456e+00 1.4039e+00 1.3833e+00 1.3690e+00 1.3392e+00 1.3364e+00 1.3645e+00 1.3937e+00 1.4144e+00 1.4111e+00 1.4056e+00
-9.9990e+03 -9.9990e+03 -9.9990e+03 -9.9990e+03 -9.9990e+03 -9.9990e+03 -9.9990e+03 -9.9990e+03 -9.9990e+03 -9.9990e+03 -9.9990e+03 -9.9990e+03 -9.9990e+03 1.0253e+00 1.1400e+00 1.0891e+00 9.9191e-01 8.4337e-01 8.3655e-01 1.0118e+00 1.0921e+00 1.1265e+00 1.2686e+00 1.3045e+00 1.4020e+00 1.3884e+00 1.3293e+00 1.3591e+00 1.4273e+00 1.5696e+00 1.6955e+00 1.8231e+00 1.9985e+00 2.1631e+00 2.2307e+00 2.0589e+00 1.9030e+00 1.8518e+00 1.7816e+00 1.8267e+00 1.8222e+00 1.7565e+00 1.6362e+00 1.5375e+00 1.4701e+00 1.4335e+00 1.4149e+00 1.3963e+00 1.3690e+00 1.3452e+00 1.3452e+00 1.3416e+00 1.3703e+00 1.3962e+00 1.4048e+00 1.4045e+00
-9.9990e+03 -9.9990e+03 -9.9990e+03 -9.9990e+03 -9.9990e+03 -9.9990e+03 -9.9990e+03 -9.9990e+03 -9.9990e+03 -9.9990e+03 -9.9990e+03 -9.9990e+03 -9.9990e+03 1.1555e+00 1.2919e+00 1.1670e+00 9.9191e-01 9.2097e-01 9.0879e-01 1.0263e+00 1.0866e+00 1.1679e+00 1.2936e+00 1.3554e+00 1.4020e+00 1.4332e+00 1.3728e+00 1.3772e+00 1.4402e+00 1.5677e+00 1.6777e+00 1.8306e+00 1.8306e+00 2.0652e+00 2.1741e+00 2.0924e+00 1.9529e+00 1.8117e+00 1.7205e+00 1.7713e+00 1.8222e+00 1.7756e+00 1.6646e+00 1.5180e+00 1.4452e+00 1.4219e+00 1.4193e+00 1.4357e+00 1.4236e+00 1.3855e+00 1.3374e+00 1.3427e+00 1.3865e+00 1.4148e+00 1.4088e+00 1.3962e+00
-9.9990e+03 -9.9990e+03 -9.9990e+03 -9.9990e+03 -9.9990e+03 -9.9990e+03 -9.9990e+03 -9.9990e+03 -9.9990e+03 -9.9990e+03 -9.9990e+03 -9.9990e+03 -9.9990e+03 1.2978e+00 1.3898e+00 1.3842e+00 1.2119e+00 1.1486e+00 1.0589e+00 1.0263e+00 1.1551e+00 1.2338e+00 1.3813e+00 1.4168e+00 1.4498e+00 1.4387e+00 1.3939e+00 1.3939e+00 1.3696e+00 1.4012e+00 1.4740e+00 1.6922e+00 1.9018e+00 2.1499e+00 2.1669e+00 2.0924e+00 1.8663e+00 1.7607e+00 1.6848e+00 1.7192e+00 1.7968e+00 1.7674e+00 1.7751e+00 1.6710e+00 1.4937e+00 1.4258e+00 1.4199e+00 1.4506e+00 1.4427e+00 1.3834e+00 1.3326e+00 1.3427e+00 1.4047e+00 1.4327e+00 1.4127e+00 1.4127e+00
-9.9990e+03 -9.9990e+03 -9.9990e+03 -9.9990e+03 -9.9990e+03 -9.9990e+03 -9.9990e+03 -9.9990e+03 -9.9990e+03 -9.9990e+03 -9.9990e+03 -9.9990e+03 -9.9990e+03 1.4412e+00 1.4069e+00 1.4089e+00 1.2701e+00 1.2791e+00 1.2097e+00 1.1660e+00 1.2917e+00 1.3485e+00 1.3998e+00 1.4106e+00 1.4295e+00 1.4360e+00 1.4309e+00 1.3970e+00 1.3254e+00 1.3282e+00 1.4386e+00 1.7313e+00 2.0087e+00 2.2065e+00 2.1230e+00 1.9927e+00 1.9170e+00 1.8263e+00 1.7362e+00 1.6595e+00 1.6782e+00 1.7512e+00 1.7567e+00 1.6475e+00 1.4735e+00 1.4164e+00 1.4151e+00 1.4471e+00 1.4428e+00 1.3835e+00 1.3835e+00 1.3424e+00 1.3742e+00 1.4095e+00 1.4234e+00 1.4174e+00
-9.9990e+03 -9.9990e+03 -9.9990e+03 -9.9990e+03 -9.9990e+03 -9.9990e+03 -9.9990e+03 -9.9990e+03 -9.9990e+03 -9.9990e+03 -9.9990e+03 -9.9990e+03 -9.9990e+03 1.4439e+00 1.4069e+00 1.4083e+00 1.3240e+00 1.3977e+00 1.4064e+00 1.3592e+00 1.4481e+00 1.3965e+00 1.3998e+00 1.3918e+00 1.4152e+00 1.4341e+00 1.4274e+00 1.3792e+00 1.2858e+00 1.2761e+00 1.4386e+00 1.4736e+00 1.8107e+00 2.1668e+00 2.2124e+00 2.0654e+00 1.8835e+00 1.8111e+00 1.7362e+00 1.6477e+00 1.6692e+00 1.7536e+00 1.7310e+00 1.6141e+00 1.4563e+00 1.4563e+00 1.4125e+00 1.3912e+00 1.4219e+00 1.4105e+00 1.3950e+00 1.3694e+00 1.3901e+00 1.4064e+00 1.4234e+00 1.4077e+00
