bias_correction/pipeline/UV_3_s_1.1_d_221.asc
ncols        88
nrows        90
xllcorner    2777636
yllcorner    1185112
cellsize     25
NODATA_value -9999
[rows 25 to 49 of 90, columns 0 to 55 of 88]
-9.9990e+03 -9.9990e+03 -9.9990e+03 -9.9990e+03 -9.9990e+03 -9.9990e+03 -9.9990e+03 -9.9990e+03 -9.9990e+03 -9.9990e+03 -9.9990e+03 -9.9990e+03 -9.9990e+03 -9.9990e+03 -9.9990e+03 -9.9990e+03 -9.9990e+03 -9.9990e+03 -9.9990e+03 -9.9990e+03 1.3247e+00 1.4498e+00 2.0126e+00 1.9463e+00 2.4844e+00 2.3358e+00 2.3358e+00 1.8567e+00 1.6229e+00 1.7784e+00 1.5814e+00 1.5674e+00 1.6269e+00 1.5716e+00 1.5641e+00 1.5051e+00 1.5768e+00 2.4012e+00 2.4012e+00 2.5643e+00 2.2007e+00 2.4311e+00 2.5456e+00 1.8383e+00 1.3995e+00 1.2233e+00 1.2233e+00 1.1264e+00 9.6853e-01 9.0413e-01 1.0107e+00 1.6591e+00 2.2160e+00 2.5739e+00 2.1623e+00 1.9966e+00
-9.9990e+03 -9.9990e+03 -9.9990e+03 -9.9990e+03 -9.9990e+03 -9.9990e+03 -9.9990e+03 -9.9990e+03 -9.9990e+03 -9.9990e+03 -9.9990e+03 -9.9990e+03 -9.9990e+03 -9.9990e+03 -9.9990e+03 -9.9990e+03 -9.9990e+03 -9.9990e+03 -9.9990e+03 1.3025e+00 1.3247e+00 1.2249e+00 1.3838e+00 1.9035e+00 1.9035e+00 2.3986e+00 2.2942e+00 2.2938e+00 1.9649e+00 2.0731e+00 1.8476e+00 1.6982e+00 1.6982e+00 1.6122e+00 1.5237e+00 1.5606e+00 1.5649e+00 2.2302e+00 2.2720e+00 2.0181e+00 2.2385e+00 2.2385e+00 1.8631e+00 1.4455e+00 1.2047e+00 1.1694e+00 1.0946e+00 1.0753e+00 9.7002e-01 9.0413e-01 9.6506e-01 1.7056e+00 2.5714e+00 2.5714e+00 2.4713e+00 1.7474e+00
-9.9990e+03 -9.9990e+03 -9.9990e+03 -9.9990e+03 -9.9990e+03 -9.9990e+03 -9.9990e+03 -9.9990e+03 -9.9990e+03 -9.9990e+03 -9.9990e+03 -9.9990e+03 -9.9990e+03 -9.9990e+03 -9.9990e+03 -9.9990e+03 -9.9990e+03 -9.9990e+03 1.4150e+00 1.4150e+00 1.2896e+00 1.4493e+00 1.4111e+00 1.4281e+00 1.5626e+00 1.9069e+00 2.2049e+00 2.2049e+00 2.2622e+00 2.0335e+00 1.9080e+00 1.7872e+00 1.6317e+00 1.5568e+00 1.5861e+00 1.5606e+00 2.1031e+00 2.2039e+00 1.9130e+00 1.9130e+00 2.0760e+00 1.7999e+00 1.5255e+00 1.5218e+00 1.2047e+00 1.0713e+00 1.0507e+00 1.0753e+00 1.0096e+00 9.3775e-01 1.2867e+00 1.2867e+00 2.0244e+00 2.2269e+00 2.4944e+00 2.2244e+00
-9.9990e+03 -9.9990e+03 -9.9990e+03 -9.9990e+03 -9.9990e+03 -9.9990e+03 -9.9990e+03 -9.9990e+03 -9.9990e+03 -9.9990e+03 -9.9990e+03 -9.9990e+03 -9.9990e+03 -9.9990e+03 -9.9990e+03 -9.9990e+03 -9.9990e+03 -9.9990e+03 1.5729e+00 1.6591e+00 1.6721e+00 1.4493e+00 1.6331e+00 1.5719e+00 1.6363e+00 1.5722e+00 1.8075e+00 2.0050e+00 1.7664e+00 1.9128e+00 1.9080e+00 1.7792e+00 1.5841e+00 1.5858e+00 1.5858e+00 2.0964e+00 2.1304e+00 1.9189e+00 1.9000e+00 1.9555e+00 1.6452e+00 1.4550e+00 1.5255e+00 1.3664e+00 1.1662e+00 1.1707e+00 1.0662e+00 9.9449e-01 9.5725e-01 1.0473e+00 1.1038e+00 1.1989e+00 1.6630e+00 2.1821e+00 2.1821e+00 2.2952e+00
-9.9990e+03 -9.9990e+03 -9.9990e+03 -9.9990e+03 -9.9990e+03 -9.9990e+03 -9.9990e+03 -9.9990e+03 -9.9990e+03 -9.9990e+03 -9.9990e+03 -9.9990e+03 -9.9990e+03 -9.9990e+03 -9.9990e+03 -9.9990e+03 -9.9990e+03 1.8054e+00 1.7298e+00 1.7440e+00 1.7440e+00 1.7715e+00 1.7144e+00 1.5979e+00 1.5909e+00 1.5722e+00 1.4504e+00 1.4718e+00 1.7664e+00 1.6558e+00 1.8637e+00 1.6944e+00 1.6944e+00 1.6546e+00 1.9858e+00 2.1266e+00 2.1564e+00 1.9978e+00 1.8330e+00 1.6087e+00 1.6087e+00 1.3904e+00 1.3247e+00 1.3104e+00 1.3162e+00 1.1707e+00 1.0935e+00 9.6868e-01 1.0486e+00 1.0486e+00 1.0859e+00 1.3223e+00 1.3612e+00 1.6856e+00 2.0236e+00 1.9096e+00
-9.9990e+03 -9.9990e+03 -9.9990e+03 -9.9990e+03 -9.9990e+03 -9.9990e+03 -9.9990e+03 -9.9990e+03 -9.9990e+03 -9.9990e+03 -9.9990e+03 -9.9990e+03 -9.9990e+03 -9.9990e+03 -9.9990e+03 -9.9990e+03 1.8610e+00 1.7711e+00 1.6319e+00 1.6856e+00 1.7077e+00 1.5779e+00 1.5326e+00 1.5979e+00 1.4116e+00 1.3540e+00 1.3556e+00 1.3556e+00 1.3975e+00 1.4698e+00 1.8361e+00 1.8506e+00 1.8641e+00 1.8754e+00 2.1072e+00 2.1072e+00 2.0698e+00 1.9250e+00 1.7155e+00 1.6086e+00 1.3617e+00 1.1835e+00 1.2043e+00 1.3104e+00 1.3656e+00 1.2680e+00 1.0562e+00 1.0562e+00 1.0722e+00 1.0667e+00 1.0887e+00 1.1432e+00 1.3612e+00 1.3715e+00 1.5780e+00 1.9096e+00
-9.9990e+03 -9.9990e+03 -9.9990e+03 -9.9990e+03 -9.9990e+03 -9.9990e+03 -9.9990e+03 -9.9990e+03 -9.9990e+03 -9.9990e+03 -9.9990e+03 -9.9990e+03 -9.9990e+03 -9.9990e+03 -9.9990e+03 1.8352e+00 1.6750e+00 1.7696e+00 1.6319e+00 1.4596e+00 1.4229e+00 1.4229e+00 1.4079e+00 1.3565e+00 1.2449e+00 1.2780e+00 1.2756e+00 1.2315e+00 1.3312e+00 1.4698e+00 1.6347e+00 1.8739e+00 1.8748e+00 1.8916e+00 1.9433e+00 2.0925e+00 2.1635e+00 1.9454e+00 1.7155e+00 1.4733e+00 1.2052e+00 1.1178e+00 1.1178e+00 1.2499e+00 1.3656e+00 1.3693e+00 1.2318e+00 1.1520e+00 1.1900e+00 1.1239e+00 1.0887e+00 1.0856e+00 1.2208e+00 1.3024e+00 1.4069e+00 1.5563e+00
-9.9990e+03 -9.9990e+03 -9.9990e+03 -9.9990e+03 -9.9990e+03 -9.9990e+03 -9.9990e+03 -9.9990e+03 -9.9990e+03 -9.9990e+03 -9.9990e+03 -9.9990e+03 -9.9990e+03 -9.9990e+03 1.5258e+00 1.5261e+00 1.5261e+00 1.4663e+00 1.3938e+00 1.2765e+00 1.3295e+00 1.3039e+00 1.2475e+00 1.2452e+00 1.2449e+00 1.1869e+00 1.1687e+00 1.2454e+00 1.2454e+00 1.4806e+00 1.7734e+00 1.8084e+00 1.8638e+00 1.8916e+00 1.8978e+00 2.0313e+00 2.1635e+00 2.1036e+00 1.7101e+00 1.3299e+00 1.3299e+00 1.1450e+00 1.1610e+00 1.1556e+00 1.2678e+00 1.3285e+00 1.4297e+00 1.2998e+00 1.2998e+00 1.2040e+00 1.1058e+00 1.0954e+00 1.2009e+00 1.3024e+00 1.3824e+00 1.4750e+00
-9.9990e+03 -9.9990e+03 -9.9990e+03 -9.9990e+03 -9.9990e+03 -9.9990e+03 -9.9990e+03 -9.9990e+03 -9.9990e+03 -9.9990e+03 -9.9990e+03 -9.9990e+03 -9.9990e+03 1.3372e+00 1.3372e+00 1.3711e+00 1.3419e+00 1.1967e+00 1.2029e+00 1.2765e+00 1.1860e+00 1.1821e+00 1.2201e+00 1.2201e+00 1.2110e+00 1.1532e+00 1.1449e+00 1.1774e+00 1.3559e+00 1.5776e+00 1.7923e+00 1.8084e+00 1.7676e+00 1.8121e+00 1.7890e+00 1.8927e+00 2.0284e+00 1.9361e+00 1.8017e+00 1.5329e+00 1.4727e+00 1.2846e+00 1.1604e+00 1.1604e+00 1.2306e+00 1.4484e+00 1.4962e+00 1.4356e+00 1.2943e+00 1.2557e+00 1.1383e+00 1.0954e+00 1.1417e+00 1.2885e+00 1.4359e+00 1.4359e+00
-9.9990e+03 -9.9990e+03 -9.9990e+03 -9.9990e+03 -9.9990e+03 -9.9990e+03 -9.9990e+03 -9.9990e+03 -9.9990e+03 -9.9990e+03 -9.9990e+03 -9.9990e+03 -9.9990e+03 1.1423e+00 1.2273e+00 1.1655e+00 1.1455e+00 1.1967e+00 1.1276e+00 1.1363e+00 1.1290e+00 1.1290e+00 1.1554e+00 1.2022e+00 1.1598e+00 1.1710e+00 1.1376e+00 1.1480e+00 1.4072e+00 1.4072e+00 1.7853e+00 1.8015e+00 1.7007e+00 1.6888e+00 1.7890e+00 1.7567e+00 1.8234e+00 1.8883e+00 1.8883e+00 1.7104e+00 1.4582e+00 1.4255e+00 1.2765e+00 1.2198e+00 1.3380e+00 1.4721e+00 1.4962e+00 1.4863e+00 1.3523e+00 1.2430e+00 1.2430e+00 1.1761e+00 1.2205e+00 1.3066e+00 1.3619e+00 1.4741e+00
-9.9990e+03 -9.9990e+03 -9.9990e+03 -9.9990e+03 -9.9990e+03 -9.9990e+03 -9.9990e+03 -9.9990e+03 -9.9990e+03 -9.9990e+03 -9.9990e+03 -9.9990e+03 -9.9990e+03 9.0530e-01 1.0256e+00 1.1057e+00 1.1057e+00 1.0818e+00 1.0377e+00 1.0384e+00 1.0831e+00 1.0414e+00 1.0683e+00 1.1132e+00 1.1132e+00 1.1179e+00 1.1182e+00 1.1263e+00 1.2211e+00 1.6378e+00 1.8282e+00 1.8332e+00 1.7007e+00 1.5765e+00 1.5596e+00 1.6984e+00 1.6984e+00 1.8499e+00 1.8790e+00 1.8901e+00 1.6658e+00 1.4255e+00 1.4450e+00 1.3924e+00 1.3380e+00 1.4301e+00 1.4856e+00 1.4433e+00 1.4433e+00 1.3333e+00 1.3635e+00 1.3205e+00 1.2397e+00 1.3135e+00 1.3583e+00 1.4288e+00
-9.9990e+03 -9.9990e+03 -9.9990e+03 -9.9990e+03 -9.9990e+03 -9.9990e+03 -9.9990e+03 -9.9990e+03 -9.9990e+03 -9.9990e+03 -9.9990e+03 -9.9990e+03 -9.9990e+03 8.1660e-01 8.9428e-01 1.0023e+00 9.4803e-01 9.8828e-01 1.0377e+00 9.8813e-01 9.9601e-01 1.0045e+00 1.0045e+00 1.0505e+00 1.0744e+00 1.0454e+00 1.0677e+00 1.1263e+00 1.2113e+00 1.6011e+00 1.8891e+00 1.8891e+00 1.7178e+00 1.4868e+00 1.4267e+00 1.5133e+00 1.7033e+00 1.7864e+00 1.9827e+00 1.8901e+00 1.8511e+00 1.6114e+00 1.6692e+00 1.5057e+00 1.4604e+00 1.4631e+00 1.4212e+00 1.4628e+00 1.4552e+00 1.4626e+00 1.4204e+00 1.4204e+00 1.3956e+00 1.3750e+00 1.4296e+00 1.4033e+00
-9.9990e+03 -9.9990e+03 -9.9990e+03 -9.9990e+03 -9.9990e+03 -9.9990e+03 -9.9990e+03 -9.9990e+03 -9.9990e+03 -9.9990e+03 -9.9990e+03 -9.9990e+03 -9.9990e+03 8.1660e-01 8.0575e-01 8.4064e-01 9.0804e-01 9.0804e-01 9.2985e-01 9.5112e-01 9.2720e-01 9.5712e-01 9.8142e-01 9.5637e-01 1.0122e+00 1.0454e+00 1.0183e+00 1.1000e+00 1.3779e+00 1.3779e+00 1.7923e+00 1.8481e+00 1.7346e+00 1.5894e+00 1.4870e+00 1.4424e+00 1.6076e+00 1.6076e+00 1.9364e+00 1.9507e+00 1.8867e+00 1.8261e+00 1.6692e+00 1.7180e+00 1.5789e+00 1.4261e+00 1.4261e+00 1.4138e+00 1.4902e+00 1.5246e+00 1.4983e+00 1.4774e+00 1.5224e+00 1.5097e+00 1.4296e+00 1.4618e+00
-9.9990e+03 -9.9990e+03 -9.9990e+03 -9.9990e+03 -9.9990e+03 -9.9990e+03 -9.9990e+03 -9.9990e+03 -9.9990e+03 -9.9990e+03 -9.9990e+03 -9.9990e+03 -9.9990e+03 7.2291e-01 7.6592e-01 7.6485e-01 8.1809e-01 8.5424e-01 8.2370e-01 8.7901e-01 9.2720e-01 9.1886e-01 9.0477e-01 9.5563e-01 9.5563e-01 9.9350e-01 9.8835e-01 1.0730e+00 1.1970e+00 1.3431e+00 1.7843e+00 1.8339e+00 1.8339e+00 1.6010e+00 1.4883e+00 1.5373e+00 1.5114e+00 1.8348e+00 1.8277e+00 1.8274e+00 1.8867e+00 1.9192e+00 1.8797e+00 1.7418e+00 1.7418e+00 1.5578e+00 1.4122e+00 1.4250e+00 1.4556e+00 1.5246e+00 1.5717e+00 1.5670e+00 1.5224e+00 1.5729e+00 1.5523e+00 1.5689e+00
-9.9990e+03 -9.9990e+03 -9.9990e+03 -9.9990e+03 -9.9990e+03 -9.9990e+03 -9.9990e+03 -9.9990e+03 -9.9990e+03 -9.9990e+03 -9.9990e+03 -9.9990e+03 -9.9990e+03 6.2868e-01 6.9728e-01 7.6485e-01 7.4441e-01 7.5860e-01 7.5860e-01 8.0558e-01 8.9218e-01 8.9776e-01 9.0180e-01 9.0550e-01 9.0375e-01 9.4539e-01 9.8835e-01 1.0027e+00 1.1496e+00 1.5543e+00 1.5543e+00 1.8522e+00 1.7420e+00 1.7278e+00 1.6816e+00 1.5373e+00 1.9276e+00 1.8023e+00 1.7453e+00 1.7453e+00 1.8605e+00 1.9190e+00 1.8968e+00 1.8734e+00 1.7371e+00 1.7359e+00 1.5088e+00 1.5088e+00 1.4465e+00 1.5704e+00 1.6337e+00 1.6003e+00 1.5870e+00 1.5986e+00 1.6384e+00 1.5689e+00
-9.9990e+03 -9.9990e+03 -9.9990e+03 -9.9990e+03 -9.9990e+03 -9.9990e+03 -9.9990e+03 -9.9990e+03 -9.9990e+03 -9.9990e+03 -9.9990e+03 -9.9990e+03 -9.9990e+03 6.2610e-01 6.2986e-01 6.9253e-01 7.0035e-01 7.3991e-01 7.3953e-01 7.1809e-01 8.2917e-01 8.9776e-01 9.3490e-01 9.1225e-01 8.9933e-01 8.9933e-01 9.4512e-01 1.0380e+00 1.1033e+00 1.2784e+00 1.7127e+00 1.8103e+00 1.8805e+00 1.7278e+00 1.8386e+00 2.1634e+00 1.8442e+00 1.8442e+00 1.7443e+00 1.8123e+00 1.7097e+00 1.8264e+00 1.7940e+00 1.8931e+00 1.8602e+00 1.8602e+00 1.6825e+00 1.4781e+00 1.5144e+00 1.5141e+00 1.6337e+00 1.6477e+00 1.5904e+00 1.6252e+00 1.6252e+00 1.6622e+00
-9.9990e+03 -9.9990e+03 -9.9990e+03 -9.9990e+03 -9.9990e+03 -9.9990e+03 -9.9990e+03 -9.9990e+03 -9.9990e+03 -9.9990e+03 -9.9990e+03 -9.9990e+03 -9.9990e+03 6.3055e-01 6.2845e-01 6.2448e-01 7.0035e-01 6.8351e-01 6.7179e-01 7.1084e-01 7.1084e-01 8.6801e-01 9.4328e-01 9.1993e-01 8.8724e-01 8.7951e-01 8.5999e-01 9.8286e-01 1.1033e+00 1.1860e+00 1.5686e+00 1.7864e+00 1.9263e+00 2.0743e+00 2.6849e+00 2.1572e+00 1.9912e+00 1.9152e+00 1.9040e+00 1.7001e+00 1.7001e+00 1.6571e+00 1.7988e+00 1.7909e+00 1.8705e+00 1.7875e+00 1.6703e+00 1.5985e+00 1.5144e+00 1.6061e+00 1.6530e+00 1.6255e+00 1.6255e+00 1.5911e+00 1.6521e+00 1.6434e+00
-9.9990e+03 -9.9990e+03 -9.9990e+03 -9.9990e+03 -9.9990e+03 -9.9990e+03 -9.9990e+03 -9.9990e+03 -9.9990e+03 -9.9990e+03 -9.9990e+03 -9.9990e+03 -9.9990e+03 7.0252e-01 6.2845e-01 6.2674e-01 6.3996e-01 6.5927e-01 6.5927e-01 6.5075e-01 7.3323e-01 7.7419e-01 9.0042e-01 9.1689e-01 8.4710e-01 7.6891e-01 7.6891e-01 8.5168e-01 1.0203e+00 1.0730e+00 1.2890e+00 1.7864e+00 2.1362e+00 2.8512e+00 2.6849e+00 2.3548e+00 2.0228e+00 2.0575e+00 1.8919e+00 1.7749e+00 1.5903e+00 1.5719e+00 1.6685e+00 1.7909e+00 1.7021e+00 1.6444e+00 1.6418e+00 1.6418e+00 1.6662e+00 1.6591e+00 1.6613e+00 1.6467e+00 1.6129e+00 1.6056e+00 1.6024e+00 1.6024e+00
-9.9990e+03 -9.9990e+03 -9.9990e+03 -9.9990e+03 -9.9990e+03 -9.9990e+03 -9.9990e+03 -9.9990e+03 -9.9990e+03 -9.9990e+03 -9.9990e+03 -9.9990e+03 -9.9990e+03 7.6260e-01 6.7626e-01 6.6152e-01 6.4206e-01 6.4217e-01 6.5591e-01 6.8103e-01 6.9779e-01 6.9779e-01 8.1866e-01 8.8895e-01 8.5939e-01 7.6738e-01 7.4222e-01 7.4369e-01 8.9306e-01 1.0730e+00 1.3109e+00 1.9668e+00 2.8237e+00 2.8237e+00 2.5139e+00 2.1295e+00 2.2113e+00 2.1663e+00 1.8919e+00 1.7256e+00 1.5865e+00 1.5719e+00 1.5756e+00 1.6139e+00 1.5613e+00 1.5613e+00 1.6093e+00 1.6724e+00 1.7065e+00 1.6922e+00 1.6780e+00 1.6599e+00 1.6225e+00 1.6225e+00 1.5886e+00 1.5784e+00
-9.9990e+03 -9.9990e+03 -9.9990e+03 -9.9990e+03 -9.9990e+03 -9.9990e+03 -9.9990e+03 -9.9990e+03 -9.9990e+03 -9.9990e+03 -9.9990e+03 -9.9990e+03 -9.9990e+03 7.2679e-01 7.0561e-01 6.6152e-01 6.6028e-01 6.4031e-01 6.8023e-01 6.8023e-01 7.0577e-01 7.5146e-01 8.4981e-01 8.7070e-01 8.5939e-01 8.5971e-01 7.6839e-01 7.9581e-01 7.9581e-01 1.1530e+00 1.8010e+00 2.3727e+00 2.5748e+00 2.5111e+00 2.2653e+00 2.2507e+00 2.2113e+00 1.9307e+00 1.7574e+00 1.6876e+00 1.6578e+00 1.5882e+00 1.5873e+00 1.4642e+00 1.4937e+00 1.4809e+00 1.6272e+00 1.6738e+00 1.6738e+00 1.6785e+00 1.6841e+00 1.7080e+00 1.6637e+00 1.6099e+00 1.5792e+00 1.6169e+00
-9.9990e+03 -9.9990e+03 -9.9990e+03 -9.9990e+03 -9.9990e+03 -9.9990e+03 -9.9990e+03 -9.9990e+03 -9.9990e+03 -9.9990e+03 -9.9990e+03 -9.9990e+03 -9.9990e+03 7.5681e-01 7.5681e-01 7.2057e-01 6.5125e-01 6.8663e-01 6.7462e-01 7.2831e-01 7.7866e-01 8.3719e-01 8.4981e-01 9.6629e-01 9.8762e-01 8.9627e-01 8.9627e-01 8.3180e-01 1.0672e+00 1.5342e+00 1.6745e+00 2.1774e+00 2.2524e+00 2.1945e+00 2.1945e+00 2.2675e+00 1.9141e+00 1.6568e+00 1.7100e+00 1.6876e+00 1.7244e+00 1.6801e+00 1.5873e+00 1.4965e+00 1.4856e+00 1.6269e+00 1.6638e+00 1.6423e+00 1.6530e+00 1.6396e+00 1.7062e+00 1.7080e+00 1.7199e+00 1.6053e+00 1.6145e+00 1.6145e+00
-9.9990e+03 -9.9990e+03 -9.9990e+03 -9.9990e+03 -9.9990e+03 -9.9990e+03 -9.9990e+03 -9.9990e+03 -9.9990e+03 -9.9990e+03 -9.9990e+03 -9.9990e+03 -9.9990e+03 8.3842e-01 8.3019e-01 8.9951e-01 7.9551e-01 6.8663e-01 7.6335e-01 8.2153e-01 8.7756e-01 8.5093e-01 9.3865e-01 1.0131e+00 1.1057e+00 1.0445e+00 1.0549e+00 1.0729e+00 1.4149e+00 1.4149e+00 1.9825e+00 2.1421e+00 2.0956e+00 2.1336e+00 2.2475e+00 1.9440e+00 1.6623e+00 1.6568e+00 1.5654e+00 1.6837e+00 1.7375e+00 1.7375e+00 1.5889e+00 1.5286e+00 1.7000e+00 1.6738e+00 1.6638e+00 1.6930e+00 1.6070e+00 1.6396e+00 1.6340e+00 1.7234e+00 1.6981e+00 1.6842e+00 1.6414e+00 1.7362e+00
-9.9990e+03 -9.9990e+03 -9.9990e+03 -9.9990e+03 -9.9990e+03 -9.9990e+03 -9.9990e+03 -9.9990e+03 -9.9990e+03 -9.9990e+03 -9.9990e+03 -9.9990e+03 -9.9990e+03 1.0650e+00 1.0616e+00 1.0616e+00 9.7687e-01 8.8705e-01 9.4700e-01 8.5132e-01 8.7756e-01 9.0386e-01 9.5184e-01 1.0131e+00 1.0329e+00 1.0732e+00 1.0786e+00 1.0786e+00 1.2727e+00 1.6954e+00 1.6868e+00 1.9425e+00 2.0956e+00 2.2691e+00 1.9763e+00 1.6668e+00 1.6668e+00 1.5612e+00 1.6344e+00 1.7652e+00 1.7574e+00 1.6409e+00 1.7687e+00 1.7904e+00 1.7904e+00 1.7512e+00 1.7690e+00 1.7213e+00 1.6705e+00 1.5874e+00 1.5792e+00 1.5996e+00 1.6981e+00 1.7490e+00 1.8036e+00 1.8382e+00
-9.9990e+03 -9.9990e+03 -9.9990e+03 -9.9990e+03 -9.9990e+03 -9.9990e+03 -9.9990e+03 -9.9990e+03 -9.9990e+03 -9.9990e+03 -9.9990e+03 -9.9990e+03 -9.9990e+03 1.2115e+00 1.1751e+00 1.1249e+00 1.1405e+00 1.0528e+00 9.4700e-01 9.5387e-01 8.9806e-01 9.1455e-01 9.1455e-01 9.6370e-01 1.0159e+00 1.0295e+00 1.0523e+00 1.2069e+00 1.2583e+00 1.4033e+00 1.6868e+00 1.6972e+00 2.2143e+00 2.0672e+00 2.0672e+00 1.7326e+00 1.6805e+00 1.6410e+00 1.6302e+00 1.7988e+00 1.6926e+00 1.8282e+00 1.8282e+00 1.9275e+00 1.8149e+00 1.7962e+00 1.7886e+00 1.7213e+00 1.7237e+00 1.6204e+00 1.5792e+00 1.5350e+00 1.6599e+00 1.8244e+00 1.9269e+00 1.8998e+00
-9.9990e+03 -9.9990e+03 -9.9990e+03 -9.9990e+03 -9.9990e+03 -9.9990e+03 -9.9990e+03 -9.9990e+03 -9.9990e+03 -9.9990e+03 -9.9990e+03 -9.9990e+03 -9.9990e+03 1.2115e+00 1.2259e+00 1.1993e+00 1.1405e+00 1.1161e+00 1.0396e+00 9.4894e-01 9.6609e-01 9.1066e-01 9.3143e-01 9.5832e-01 1.0167e+00 1.0295e+00 1.0810e+00 1.1370e+00 1.1658e+00 1.2234e+00 1.3908e+00 1.6414e+00 2.0872e+00 2.1562e+00 2.0858e+00 1.8442e+00 1.7537e+00 1.7537e+00 1.8123e+00 1.7013e+00 1.8425e+00 1.8640e+00 2.0852e+00 2.2037e+00 1.9406e+00 1.7962e+00 1.7351e+00 1.7182e+00 1.7271e+00 1.7271e+00 1.5801e+00 1.5794e+00 1.6677e+00 1.7564e+00 1.9269e+00 1.9514e+00
