bias_correction/pipeline/UV_3_s_1.1_d_221.asc
ncols        88
nrows        90
xllcorner    2777636
yllcorner    1185112
cellsize     25
NODATA_value -9999
[rows 50 to 74 of 90, columns 0 to 55 of 88]
-9.9990e+03 -9.9990e+03 -9.9990e+03 -9.9990e+03 -9.9990e+03 -9.9990e+03 -9.9990e+03 -9.9990e+03 -9.9990e+03 -9.9990e+03 -9.9990e+03 -9.9990e+03 -9.9990e+03 1.1681e+00 1.2018e+00 1.2018e+00 1.1738e+00 1.0971e+00 1.0887e+00 1.0378e+00 1.0535e+00 1.0029e+00 9.8340e-01 9.8340e-01 1.0239e+00 1.0883e+00 1.1540e+00 1.1339e+00 1.1658e+00 1.1959e+00 1.4264e+00 1.6414e+00 1.8236e+00 2.1613e+00 2.0582e+00 2.0582e+00 1.9342e+00 1.9242e+00 1.8006e+00 1.7336e+00 1.8425e+00 2.3361e+00 2.4166e+00 2.1768e+00 2.1768e+00 1.8567e+00 1.7303e+00 1.7320e+00 1.7300e+00 1.6948e+00 1.7195e+00 1.6907e+00 1.6907e+00 1.7724e+00 1.8968e+00 1.9591e+00
-9.9990e+03 -9.9990e+03 -9.9990e+03 -9.9990e+03 -9.9990e+03 -9.9990e+03 -9.9990e+03 -9.9990e+03 -9.9990e+03 -9.9990e+03 -9.9990e+03 -9.9990e+03 -9.9990e+03 1.0191e+00 1.1174e+00 1.0630e+00 1.1037e+00 1.1093e+00 1.1093e+00 1.0905e+00 1.0664e+00 1.0637e+00 1.0329e+00 1.0422e+00 1.1058e+00 1.1731e+00 1.1540e+00 1.2083e+00 1.2398e+00 1.3226e+00 1.3226e+00 1.5917e+00 2.0342e+00 2.1795e+00 2.1956e+00 2.1541e+00 2.3182e+00 1.9875e+00 1.8006e+00 1.7953e+00 2.2224e+00 2.5475e+00 2.5475e+00 2.4172e+00 2.3698e+00 2.0434e+00 1.8158e+00 1.7956e+00 1.7116e+00 1.7358e+00 1.7358e+00 1.7722e+00 1.7896e+00 1.7999e+00 1.7996e+00 1.9591e+00
-9.9990e+03 -9.9990e+03 -9.9990e+03 -9.9990e+03 -9.9990e+03 -9.9990e+03 -9.9990e+03 -9.9990e+03 -9.9990e+03 -9.9990e+03 -9.9990e+03 -9.9990e+03 -9.9990e+03 9.5486e-01 1.0010e+00 1.0138e+00 1.0138e+00 1.0550e+00 1.0853e+00 1.0654e+00 1.0810e+00 1.0637e+00 1.0584e+00 1.0925e+00 1.1058e+00 1.1646e+00 1.2214e+00 1.2440e+00 1.3082e+00 1.3428e+00 1.4436e+00 1.6461e+00 2.0173e+00 2.1795e+00 2.4139e+00 2.5006e+00 2.3761e+00 2.1950e+00 1.9781e+00 2.2586e+00 2.3798e+00 2.4759e+00 2.5835e+00 2.5749e+00 2.3223e+00 2.3223e+00 2.0004e+00 1.7842e+00 1.8017e+00 1.7329e+00 1.7832e+00 1.8786e+00 1.8681e+00 1.7999e+00 1.8425e+00 1.9479e+00
-9.9990e+03 -9.9990e+03 -9.9990e+03 -9.9990e+03 -9.9990e+03 -9.9990e+03 -9.9990e+03 -9.9990e+03 -9.9990e+03 -9.9990e+03 -9.9990e+03 -9.9990e+03 -9.9990e+03 1.0194e+00 1.1011e+00 1.0130e+00 9.9064e-01 1.0067e+00 1.0433e+00 1.0654e+00 1.0509e+00 1.0389e+00 1.0610e+00 1.0610e+00 1.1321e+00 1.1816e+00 1.2448e+00 1.2464e+00 1.2773e+00 1.3554e+00 1.6002e+00 1.6002e+00 1.8515e+00 2.2841e+00 2.5452e+00 2.6142e+00 2.3761e+00 2.3340e+00 2.4689e+00 2.2586e+00 2.3964e+00 2.5360e+00 2.6145e+00 2.6145e+00 2.5394e+00 2.2569e+00 2.1946e+00 1.9960e+00 1.8017e+00 1.8721e+00 1.9043e+00 1.9276e+00 1.9276e+00 1.8963e+00 1.9352e+00 2.0099e+00
-9.9990e+03 -9.9990e+03 -9.9990e+03 -9.9990e+03 -9.9990e+03 -9.9990e+03 -9.9990e+03 -9.9990e+03 -9.9990e+03 -9.9990e+03 -9.9990e+03 -9.9990e+03 -9.9990e+03 1.1374e+00 1.1011e+00 1.1600e+00 1.0831e+00 1.1081e+00 1.0402e+00 1.0591e+00 1.0637e+00 1.0278e+00 1.0310e+00 1.0390e+00 1.1232e+00 1.2378e+00 1.2378e+00 1.2805e+00 1.2828e+00 1.3096e+00 1.4363e+00 1.8798e+00 2.2655e+00 2.4578e+00 2.5452e+00 2.5465e+00 2.4509e+00 2.6274e+00 2.6274e+00 2.6229e+00 2.5404e+00 2.7680e+00 2.6827e+00 2.6422e+00 2.6191e+00 2.4077e+00 2.1946e+00 2.2474e+00 2.1156e+00 2.2475e+00 1.9833e+00 1.9769e+00 2.0476e+00 2.0432e+00 1.9676e+00 2.0269e+00
-9.9990e+03 -9.9990e+03 -9.9990e+03 -9.9990e+03 -9.9990e+03 -9.9990e+03 -9.9990e+03 -9.9990e+03 -9.9990e+03 -9.9990e+03 -9.9990e+03 -9.9990e+03 -9.9990e+03 1.0564e+00 1.1813e+00 1.1944e+00 1.1932e+00 1.1081e+00 1.1216e+00 1.0941e+00 1.0637e+00 1.0656e+00 1.0355e+00 1.0642e+00 1.0642e+00 1.1860e+00 1.3064e+00 1.3593e+00 1.3169e+00 1.3096e+00 1.4057e+00 1.9444e+00 2.7228e+00 2.7228e+00 2.6074e+00 2.5048e+00 2.6764e+00 2.6715e+00 2.8433e+00 2.8852e+00 2.8545e+00 2.8545e+00 3.0266e+00 2.7904e+00 2.6979e+00 2.5425e+00 2.5032e+00 2.7750e+00 2.6259e+00 2.2475e+00 2.3575e+00 2.1543e+00 2.1333e+00 2.1333e+00 2.0903e+00 2.0800e+00
-9.9990e+03 -9.9990e+03 -9.9990e+03 -9.9990e+03 -9.9990e+03 -9.9990e+03 -9.9990e+03 -9.9990e+03 -9.9990e+03 -9.9990e+03 -9.9990e+03 -9.9990e+03 -9.9990e+03 9.9817e-01 1.1163e+00 1.1944e+00 1.1996e+00 1.1891e+00 1.1333e+00 1.1333e+00 1.1104e+00 1.0818e+00 1.1125e+00 1.0523e+00 1.1070e+00 1.1691e+00 1.3330e+00 1.3593e+00 1.4018e+00 1.5000e+00 1.5222e+00 1.5222e+00 2.3305e+00 2.6662e+00 3.3882e+00 2.6360e+00 2.7815e+00 2.8798e+00 2.9692e+00 2.9692e+00 2.9232e+00 3.1588e+00 3.1467e+00 2.9830e+00 2.6979e+00 2.8321e+00 2.9375e+00 2.7750e+00 2.9999e+00 2.7688e+00 2.4705e+00 2.4705e+00 2.2526e+00 2.2003e+00 2.2557e+00 2.0580e+00
-9.9990e+03 -9.9990e+03 -9.9990e+03 -9.9990e+03 -9.9990e+03 -9.9990e+03 -9.9990e+03 -9.9990e+03 -9.9990e+03 -9.9990e+03 -9.9990e+03 -9.9990e+03 -9.9990e+03 9.9817e-01 1.0632e+00 1.1773e+00 1.2207e+00 1.2207e+00 1.1962e+00 1.1559e+00 1.1903e+00 1.1856e+00 1.1125e+00 1.1456e+00 1.1162e+00 1.1483e+00 1.2405e+00 1.3706e+00 1.3650e+00 1.4603e+00 1.7024e+00 1.9679e+00 1.9923e+00 3.0717e+00 3.0717e+00 3.9053e+00 3.0595e+00 3.2853e+00 2.9500e+00 2.9304e+00 3.0430e+00 3.1682e+00 3.1467e+00 2.9767e+00 2.8874e+00 3.1115e+00 3.1115e+00 3.1402e+00 3.1667e+00 3.2716e+00 2.9020e+00 2.6148e+00 2.7440e+00 2.4339e+00 2.2557e+00 2.1723e+00
-9.9990e+03 -9.9990e+03 -9.9990e+03 -9.9990e+03 -9.9990e+03 -9.9990e+03 -9.9990e+03 -9.9990e+03 -9.9990e+03 -9.9990e+03 -9.9990e+03 -9.9990e+03 -9.9990e+03 1.0901e+00 1.1524e+00 1.2405e+00 1.2470e+00 1.3147e+00 1.2936e+00 1.2681e+00 1.2681e+00 1.2386e+00 1.2355e+00 1.2647e+00 1.1677e+00 1.1483e+00 1.1730e+00 1.2978e+00 1.3650e+00 1.3340e+00 1.4851e+00 2.3250e+00 2.3250e+00 2.4543e+00 3.6345e+00 4.2522e+00 4.5708e+00 3.2853e+00 3.3405e+00 2.9928e+00 3.0227e+00 3.0227e+00 3.0168e+00 2.9748e+00 3.1955e+00 3.1196e+00 3.2772e+00 3.3931e+00 3.3688e+00 3.3688e+00 3.4843e+00 3.2431e+00 3.3399e+00 2.8491e+00 2.3682e+00 2.2218e+00
-9.9990e+03 -9.9990e+03 -9.9990e+03 -9.9990e+03 -9.9990e+03 -9.9990e+03 -9.9990e+03 -9.9990e+03 -9.9990e+03 -9.9990e+03 -9.9990e+03 -9.9990e+03 -9.9990e+03 1.2188e+00 1.2433e+00 1.2433e+00 1.3139e+00 1.3723e+00 1.4059e+00 1.3345e+00 1.3135e+00 1.3458e+00 1.3187e+00 1.2647e+00 1.2611e+00 1.1789e+00 1.2105e+00 1.2105e+00 1.3024e+00 1.2979e+00 1.2823e+00 1.5533e+00 2.8108e+00 3.2884e+00 3.5356e+00 4.2522e+00 5.0364e+00 5.5726e+00 6.0101e+00 3.4185e+00 2.9480e+00 2.7598e+00 2.8165e+00 2.9980e+00 3.2349e+00 3.3624e+00 3.3921e+00 3.3921e+00 3.4665e+00 3.5836e+00 3.6925e+00 3.6249e+00 3.3399e+00 3.2854e+00 2.6506e+00 2.2218e+00
-9.9990e+03 -9.9990e+03 -9.9990e+03 -9.9990e+03 -9.9990e+03 -9.9990e+03 -9.9990e+03 -9.9990e+03 -9.9990e+03 -9.9990e+03 -9.9990e+03 -9.9990e+03 -9.9990e+03 -9.9990e+03 1.2841e+00 1.3130e+00 1.3734e+00 1.3757e+00 1.4059e+00 1.4096e+00 1.3645e+00 1.3458e+00 1.3525e+00 1.3170e+00 1.2534e+00 1.2600e+00 1.2057e+00 1.2492e+00 1.2815e+00 1.3226e+00 1.3226e+00 1.3094e+00 1.7817e+00 1.9547e+00 3.7259e+00 4.0978e+00 4.4561e+00 5.9533e+00 6.0101e+00 6.6036e+00 3.3619e+00 2.6307e+00 2.6307e+00 3.0090e+00 3.4275e+00 3.3994e+00 3.3781e+00 3.4422e+00 3.6318e+00 3.7372e+00 3.6925e+00 3.7219e+00 3.6412e+00 3.1789e+00 3.1789e+00 2.5348e+00
-9.9990e+03 -9.9990e+03 -9.9990e+03 -9.9990e+03 -9.9990e+03 -9.9990e+03 -9.9990e+03 -9.9990e+03 -9.9990e+03 -9.9990e+03 -9.9990e+03 -9.9990e+03 -9.9990e+03 -9.9990e+03 -9.9990e+03 1.3831e+00 1.3734e+00 1.3936e+00 1.3902e+00 1.3844e+00 1.3844e+00 1.3441e+00 1.3149e+00 1.3220e+00 1.3102e+00 1.3039e+00 1.2797e+00 1.2841e+00 1.2841e+00 1.3247e+00 1.3660e+00 1.4232e+00 1.3345e+00 1.9547e+00 2.1322e+00 4.7177e+00 4.4561e+00 4.8766e+00 6.5115e+00 7.1517e+00 7.1517e+00 3.2394e+00 2.7403e+00 2.9994e+00 3.2005e+00 3.3994e+00 3.3404e+00 3.5666e+00 3.7123e+00 3.7123e+00 3.7442e+00 3.7115e+00 3.6748e+00 3.5543e+00 3.4374e+00 2.9765e+00
-9.9990e+03 -9.9990e+03 -9.9990e+03 -9.9990e+03 -9.9990e+03 -9.9990e+03 -9.9990e+03 -9.9990e+03 -9.9990e+03 -9.9990e+03 -9.9990e+03 -9.9990e+03 -9.9990e+03 -9.9990e+03 -9.9990e+03 -9.9990e+03 1.3844e+00 1.3774e+00 1.3771e+00 1.3609e+00 1.3473e+00 1.3317e+00 1.3075e+00 1.3075e+00 1.3152e+00 1.3089e+00 1.3250e+00 1.3079e+00 1.3274e+00 1.3607e+00 1.4092e+00 1.4232e+00 1.4628e+00 1.4267e+00 2.3344e+00 2.3344e+00 5.2070e+00 5.2977e+00 5.8887e+00 7.1620e+00 7.5458e+00 8.1969e+00 3.6039e+00 2.9994e+00 3.0435e+00 3.0568e+00 3.1539e+00 3.4941e+00 3.7144e+00 3.8236e+00 3.8175e+00 3.7538e+00 3.7454e+00 3.6187e+00 3.3421e+00 3.3421e+00
-9.9990e+03 -9.9990e+03 -9.9990e+03 -9.9990e+03 -9.9990e+03 -9.9990e+03 -9.9990e+03 -9.9990e+03 -9.9990e+03 -9.9990e+03 -9.9990e+03 -9.9990e+03 -9.9990e+03 -9.9990e+03 -9.9990e+03 -9.9990e+03 -9.9990e+03 1.3774e+00 1.3747e+00 1.3814e+00 1.3444e+00 1.3444e+00 1.3348e+00 1.3102e+00 1.3182e+00 1.3206e+00 1.3250e+00 1.3578e+00 1.3665e+00 1.3607e+00 1.3878e+00 1.4351e+00 1.4869e+00 1.5018e+00 1.4683e+00 2.4913e+00 2.6862e+00 6.4174e+00 6.4174e+00 6.4351e+00 8.2891e+00 9.0492e+00 9.1009e+00 3.9062e+00 3.9754e+00 3.0167e+00 3.1539e+00 3.3918e+00 4.0063e+00 3.9480e+00 3.9480e+00 3.8518e+00 3.7158e+00 3.6856e+00 3.5741e+00 3.2603e+00
-9.9990e+03 -9.9990e+03 -9.9990e+03 -9.9990e+03 -9.9990e+03 -9.9990e+03 -9.9990e+03 -9.9990e+03 -9.9990e+03 -9.9990e+03 -9.9990e+03 -9.9990e+03 -9.9990e+03 -9.9990e+03 -9.9990e+03 -9.9990e+03 -9.9990e+03 -9.9990e+03 1.3766e+00 1.3652e+00 1.3788e+00 1.3540e+00 1.3746e+00 1.3626e+00 1.3182e+00 1.3345e+00 1.3643e+00 1.3769e+00 1.3769e+00 1.3866e+00 1.3959e+00 1.4203e+00 1.4592e+00 1.4788e+00 1.5130e+00 1.5237e+00 1.5237e+00 2.8756e+00 7.0952e+00 7.8064e+00 7.1358e+00 9.0492e+00 1.0209e+01 1.0727e+01 3.9754e+00 4.0404e+00 3.1561e+00 3.7093e+00 3.7093e+00 4.2327e+00 4.0345e+00 4.0794e+00 3.8754e+00 3.6856e+00 3.6323e+00 3.4406e+00
-9.9990e+03 -9.9990e+03 -9.9990e+03 -9.9990e+03 -9.9990e+03 -9.9990e+03 -9.9990e+03 -9.9990e+03 -9.9990e+03 -9.9990e+03 -9.9990e+03 -9.9990e+03 -9.9990e+03 -9.9990e+03 -9.9990e+03 -9.9990e+03 -9.9990e+03 -9.9990e+03 -9.9990e+03 1.3652e+00 1.3583e+00 1.3907e+00 1.4090e+00 1.3966e+00 1.3809e+00 1.4000e+00 1.3614e+00 1.3774e+00 1.3783e+00 1.3847e+00 1.3862e+00 1.3862e+00 1.4139e+00 1.4843e+00 1.4380e+00 1.5076e+00 1.5064e+00 1.4876e+00 3.2338e+00 7.8064e+00 8.5526e+00 9.0454e+00 1.0855e+01 1.0855e+01 1.1336e+01 4.2388e+00 4.5013e+00 3.3572e+00 3.9739e+00 4.1640e+00 4.4060e+00 4.4060e+00 4.0896e+00 3.8437e+00 3.8422e+00 3.5964e+00
-9.9990e+03 -9.9990e+03 -9.9990e+03 -9.9990e+03 -9.9990e+03 -9.9990e+03 -9.9990e+03 -9.9990e+03 -9.9990e+03 -9.9990e+03 -9.9990e+03 -9.9990e+03 -9.9990e+03 -9.9990e+03 -9.9990e+03 -9.9990e+03 -9.9990e+03 -9.9990e+03 -9.9990e+03 -9.9990e+03 -9.9990e+03 1.3775e+00 1.4090e+00 1.4312e+00 1.4263e+00 1.4000e+00 1.4109e+00 1.3581e+00 1.3698e+00 1.3698e+00 1.3470e+00 1.3333e+00 1.2396e+00 1.3713e+00 1.4380e+00 1.3723e+00 1.3889e+00 1.4876e+00 1.3931e+00 3.4264e+00 9.4087e+00 1.0186e+01 9.8476e+00 1.0631e+01 1.2268e+01 1.3026e+01 1.3026e+01 4.7969e+00 3.7109e+00 3.7303e+00 4.1264e+00 4.4034e+00 4.2477e+00 4.0158e+00 3.8422e+00 4.1233e+00
-9.9990e+03 -9.9990e+03 -9.9990e+03 -9.9990e+03 -9.9990e+03 -9.9990e+03 -9.9990e+03 -9.9990e+03 -9.9990e+03 -9.9990e+03 -9.9990e+03 -9.9990e+03 -9.9990e+03 -9.9990e+03 -9.9990e+03 -9.9990e+03 -9.9990e+03 -9.9990e+03 -9.9990e+03 -9.9990e+03 -9.9990e+03 -9.9990e+03 1.4307e+00 1.4468e+00 1.4468e+00 1.4480e+00 1.4201e+00 1.4264e+00 1.3528e+00 1.3329e+00 1.2852e+00 1.1802e+00 1.2396e+00 1.1427e+00 1.2147e+00 1.1941e+00 1.3205e+00 1.3279e+00 1.2743e+00 1.2780e+00 3.6403e+00 3.9330e+00 1.0821e+01 1.1186e+01 1.1186e+01 1.3360e+01 1.3901e+01 1.4706e+01 5.0067e+00 3.7303e+00 3.6215e+00 3.8558e+00 4.2477e+00 4.1159e+00 4.1580e+00 4.6414e+00
-9.9990e+03 -9.9990e+03 -9.9990e+03 -9.9990e+03 -9.9990e+03 -9.9990e+03 -9.9990e+03 -9.9990e+03 -9.9990e+03 -9.9990e+03 -9.9990e+03 -9.9990e+03 -9.9990e+03 -9.9990e+03 -9.9990e+03 -9.9990e+03 -9.9990e+03 -9.9990e+03 -9.9990e+03 -9.9990e+03 -9.9990e+03 -9.9990e+03 -9.9990e+03 1.4462e+00 1.4811e+00 1.5165e+00 1.4780e+00 1.4780e+00 1.4258e+00 1.3357e+00 1.3379e+00 1.2312e+00 1.1038e+00 1.0468e+00 1.0646e+00 1.1941e+00 1.2228e+00 1.2810e+00 1.2429e+00 1.2429e+00 1.2921e+00 4.1812e+00 4.4121e+00 1.1318e+01 1.2004e+01 1.2527e+01 1.5008e+01 1.4706e+01 1.5089e+01 5.1244e+00 3.4249e+00 3.4249e+00 3.7875e+00 4.1981e+00 4.3519e+00 4.5229e+00
-9.9990e+03 -9.9990e+03 -9.9990e+03 -9.9990e+03 -9.9990e+03 -9.9990e+03 -9.9990e+03 -9.9990e+03 -9.9990e+03 -9.9990e+03 -9.9990e+03 -9.9990e+03 -9.9990e+03 -9.9990e+03 -9.9990e+03 -9.9990e+03 -9.9990e+03 -9.9990e+03 -9.9990e+03 -9.9990e+03 -9.9990e+03 -9.9990e+03 -9.9990e+03 -9.9990e+03 1.5224e+00 1.5224e+00 1.5329e+00 1.4782e+00 1.4992e+00 1.4468e+00 1.3379e+00 1.3309e+00 1.1299e+00 1.0468e+00 1.0161e+00 1.0950e+00 1.2591e+00 1.2591e+00 1.2626e+00 1.2329e+00 1.2294e+00 1.3034e+00 4.4121e+00 4.5859e+00 1.2357e+01 1.3010e+01 1.3010e+01 1.5261e+01 1.5471e+01 1.5675e+01 4.9598e+00 4.8277e+00 3.3643e+00 3.8197e+00 3.8197e+00 4.2495e+00
-9.9990e+03 -9.9990e+03 -9.9990e+03 -9.9990e+03 -9.9990e+03 -9.9990e+03 -9.9990e+03 -9.9990e+03 -9.9990e+03 -9.9990e+03 -9.9990e+03 -9.9990e+03 -9.9990e+03 -9.9990e+03 -9.9990e+03 -9.9990e+03 -9.9990e+03 -9.9990e+03 -9.9990e+03 -9.9990e+03 -9.9990e+03 -9.9990e+03 -9.9990e+03 -9.9990e+03 -9.9990e+03 1.5329e+00 1.5267e+00 1.5416e+00 1.4992e+00 1.5562e+00 1.5059e+00 1.2867e+00 1.2867e+00 1.0773e+00 9.9958e-01 1.0147e+00 1.1476e+00 1.2673e+00 1.2449e+00 1.2129e+00 1.2294e+00 1.2291e+00 1.3027e+00 1.3389e+00 4.7514e+00 1.2743e+01 1.3091e+01 1.3838e+01 1.5707e+01 1.6106e+01 1.5742e+01 4.7534e+00 4.7534e+00 3.3458e+00 3.6915e+00 3.6689e+00
-9.9990e+03 -9.9990e+03 -9.9990e+03 -9.9990e+03 -9.9990e+03 -9.9990e+03 -9.9990e+03 -9.9990e+03 -9.9990e+03 -9.9990e+03 -9.9990e+03 -9.9990e+03 -9.9990e+03 -9.9990e+03 -9.9990e+03 -9.9990e+03 -9.9990e+03 -9.9990e+03 -9.9990e+03 -9.9990e+03 -9.9990e+03 -9.9990e+03 -9.9990e+03 -9.9990e+03 -9.9990e+03 -9.9990e+03 1.5267e+00 1.5117e+00 1.5694e+00 1.6007e+00 1.6007e+00 1.4923e+00 1.2182e+00 1.1229e+00 9.7603e-01 9.7603e-01 1.0473e+00 1.1956e+00 1.1990e+00 1.2170e+00 1.2043e+00 1.2118e+00 1.2331e+00 1.3389e+00 1.3864e+00 5.1535e+00 1.3550e+01 1.3550e+01 1.4258e+01 1.6187e+01 1.6019e+01 1.5593e+01 4.7703e+00 4.5770e+00 3.0826e+00 3.6689e+00
-9.9990e+03 -9.9990e+03 -9.9990e+03 -9.9990e+03 -9.9990e+03 -9.9990e+03 -9.9990e+03 -9.9990e+03 -9.9990e+03 -9.9990e+03 -9.9990e+03 -9.9990e+03 -9.9990e+03 -9.9990e+03 -9.9990e+03 -9.9990e+03 -9.9990e+03 -9.9990e+03 -9.9990e+03 -9.9990e+03 -9.9990e+03 -9.9990e+03 -9.9990e+03 -9.9990e+03 -9.9990e+03 -9.9990e+03 -9.9990e+03 -9.9990e+03 1.5367e+00 1.5952e+00 1.6402e+00 1.6048e+00 1.3452e+00 1.3452e+00 1.0477e+00 9.7475e-01 1.0085e+00 1.0866e+00 1.1990e+00 1.2145e+00 1.2199e+00 1.2118e+00 1.2224e+00 1.2286e+00 1.4173e+00 1.4173e+00 5.3414e+00 1.3898e+01 1.4083e+01 1.4403e+01 1.6019e+01 1.5790e+01 1.5324e+01 4.5178e+00 4.5178e+00 3.4820e+00
-9.9990e+03 -9.9990e+03 -9.9990e+03 -9.9990e+03 -9.9990e+03 -9.9990e+03 -9.9990e+03 -9.9990e+03 -9.9990e+03 -9.9990e+03 -9.9990e+03 -9.9990e+03 -9.9990e+03 -9.9990e+03 -9.9990e+03 -9.9990e+03 -9.9990e+03 -9.9990e+03 -9.9990e+03 -9.9990e+03 -9.9990e+03 -9.9990e+03 -9.9990e+03 -9.9990e+03 -9.9990e+03 -9.9990e+03 -9.9990e+03 -9.9990e+03 -9.9990e+03 1.6029e+00 1.6857e+00 1.6902e+00 1.5512e+00 1.2649e+00 1.2078e+00 1.0170e+00 1.0085e+00 1.0712e+00 1.1804e+00 1.2419e+00 1.2419e+00 1.2380e+00 1.2319e+00 1.2324e+00 1.2190e+00 1.4510e+00 1.4616e+00 5.5615e+00 5.5615e+00 1.4150e+01 1.4621e+01 1.5271e+01 1.5982e+01 1.5362e+01 1.5532e+01 5.4932e+00
-9.9990e+03 -9.9990e+03 -9.9990e+03 -9.9990e+03 -9.9990e+03 -9.9990e+03 -9.9990e+03 -9.9990e+03 -9.9990e+03 -9.9990e+03 -9.9990e+03 -9.9990e+03 -9.9990e+03 -9.9990e+03 -9.9990e+03 -9.9990e+03 -9.9990e+03 -9.9990e+03 -9.9990e+03 -9.9990e+03 -9.9990e+03 -9.9990e+03 -9.9990e+03 -9.9990e+03 -9.9990e+03 -9.9990e+03 -9.9990e+03 -9.9990e+03 -9.9990e+03 -9.9990e+03 1.6694e+00 1.6902e+00 1.6595e+00 1.4710e+00 1.2078e+00 1.1824e+00 1.0606e+00 1.1425e+00 1.1425e+00 1.2358e+00 1.2855e+00 1.3078e+00 1.2760e+00 1.2760e+00 1.2305e+00 1.2131e+00 1.2151e+00 1.5000e+00 5.6528e+00 5.7798e+00 1.4942e+01 1.5271e+01 1.5521e+01 1.5967e+01 1.5898e+01 1.5898e+01
