bias_correction/pipeline/UV_4_s_1.4_d_290.asc
ncols        88
nrows        90
xllcorner    2777636
yllcorner    1185112
cellsize     25
NODATA_value -9999
[rows 25 to 49 of 90, columns 0 to 55 of 88]
-9.9990e+03 -9.9990e+03 -9.9990e+03 -9.9990e+03 -9.9990e+03 -9.9990e+03 -9.9990e+03 -9.9990e+03 -9.9990e+03 -9.9990e+03 -9.9990e+03 -9.9990e+03 -9.9990e+03 -9.9990e+03 -9.9990e+03 -9.9990e+03 -9.9990e+03 -9.9990e+03 1.3820e+00 1.3411e+00 1.4073e+00 1.3158e+00 1.3158e+00 1.2659e+00 1.2594e+00 1.2606e+00 1.2998e+00 1.4296e+00 1.5323e+00 1.5449e+00 1.8521e+00 2.4734e+00 2.8622e+00 2.9321e+00 2.4281e+00 2.4204e+00 2.0347e+00 1.7157e+00 1.6648e+00 1.6648e+00 1.5034e+00 1.5525e+00 1.5854e+00 1.5799e+00 1.4624e+00 1.4295e+00 1.4391e+00 1.4467e+00 1.4847e+00 1.4750e+00 1.6569e+00 1.9570e+00 2.5470e+00 2.6168e+00 2.3535e+00 2.1329e+00
-9.9990e+03 -9.9990e+03 -9.9990e+03 -9.9990e+03 -9.9990e+03 -9.9990e+03 -9.9990e+03 -9.9990e+03 -9.9990e+03 -9.9990e+03 -9.9990e+03 -9.9990e+03 -9.9990e+03 -9.9990e+03 -9.9990e+03 -9.9990e+03 -9.9990e+03 -9.9990e+03 1.2888e+00 1.2271e+00 1.3399e+00 1.3310e+00 1.3320e+00 1.2750e+00 1.3398e+00 1.5965e+00 1.6158e+00 1.7167e+00 1.7167e+00 1.6811e+00 2.0660e+00 2.5940e+00 2.9104e+00 2.6523e+00 2.0364e+00 2.0114e+00 1.7935e+00 1.5857e+00 1.5367e+00 1.4470e+00 1.4240e+00 1.5519e+00 1.6019e+00 1.4953e+00 1.4465e+00 1.4465e+00 1.4391e+00 1.5174e+00 1.5664e+00 1.5477e+00 1.6707e+00 1.8668e+00 2.2849e+00 2.5544e+00 2.4212e+00 1.9168e+00
-9.9990e+03 -9.9990e+03 -9.9990e+03 -9.9990e+03 -9.9990e+03 -9.9990e+03 -9.9990e+03 -9.9990e+03 -9.9990e+03 -9.9990e+03 -9.9990e+03 -9.9990e+03 -9.9990e+03 -9.9990e+03 -9.9990e+03 -9.9990e+03 -9.9990e+03 -9.9990e+03 1.2640e+00 1.2074e+00 1.3074e+00 1.3927e+00 1.4474e+00 1.3565e+00 1.4885e+00 1.7647e+00 1.8239e+00 1.8745e+00 1.8405e+00 2.1355e+00 2.5725e+00 2.5404e+00 2.3140e+00 1.8035e+00 1.8035e+00 1.7819e+00 1.6639e+00 1.5857e+00 1.4804e+00 1.4224e+00 1.4240e+00 1.5146e+00 1.5758e+00 1.5302e+00 1.4725e+00 1.4681e+00 1.5434e+00 1.6049e+00 1.6429e+00 1.7079e+00 1.7079e+00 1.8439e+00 2.1058e+00 2.3907e+00 2.3842e+00 2.0259e+00
-9.9990e+03 -9.9990e+03 -9.9990e+03 -9.9990e+03 -9.9990e+03 -9.9990e+03 -9.9990e+03 -9.9990e+03 -9.9990e+03 -9.9990e+03 -9.9990e+03 -9.9990e+03 -9.9990e+03 -9.9990e+03 -9.9990e+03 -9.9990e+03 -9.9990e+03 1.3271e+00 1.3480e+00 1.5459e+00 1.5249e+00 1.6087e+00 1.6346e+00 1.4945e+00 1.6378e+00 1.8813e+00 1.9640e+00 1.9005e+00 1.8405e+00 2.0731e+00 2.4877e+00 2.5404e+00 2.0824e+00 1.7155e+00 1.6737e+00 1.6140e+00 1.5047e+00 1.4286e+00 1.3884e+00 1.3884e+00 1.4093e+00 1.4888e+00 1.5326e+00 1.5293e+00 1.4847e+00 1.4707e+00 1.5262e+00 1.5879e+00 1.6248e+00 1.7182e+00 1.8166e+00 1.8911e+00 2.2005e+00 2.2576e+00 2.0681e+00 1.8613e+00
-9.9990e+03 -9.9990e+03 -9.9990e+03 -9.9990e+03 -9.9990e+03 -9.9990e+03 -9.9990e+03 -9.9990e+03 -9.9990e+03 -9.9990e+03 -9.9990e+03 -9.9990e+03 -9.9990e+03 -9.9990e+03 -9.9990e+03 -9.9990e+03 -9.9990e+03 1.4955e+00 1.5968e+00 1.7834e+00 1.7050e+00 1.7166e+00 1.6346e+00 1.7358e+00 1.9197e+00 1.9791e+00 1.8325e+00 1.6621e+00 1.7573e+00 1.9233e+00 2.3990e+00 2.4828e+00 2.0488e+00 1.7141e+00 1.6308e+00 1.5835e+00 1.4913e+00 1.4132e+00 1.3776e+00 1.4040e+00 1.4735e+00 1.5016e+00 1.4360e+00 1.4571e+00 1.4566e+00 1.4566e+00 1.5021e+00 1.5557e+00 1.5913e+00 1.6923e+00 1.7721e+00 1.7978e+00 2.0072e+00 2.0905e+00 2.0190e+00 1.9440e+00
-9.9990e+03 -9.9990e+03 -9.9990e+03 -9.9990e+03 -9.9990e+03 -9.9990e+03 -9.9990e+03 -9.9990e+03 -9.9990e+03 -9.9990e+03 -9.9990e+03 -9.9990e+03 -9.9990e+03 -9.9990e+03 -9.9990e+03 -9.9990e+03 1.6975e+00 1.6975e+00 1.8048e+00 1.7834e+00 1.7948e+00 1.6892e+00 1.6688e+00 1.7518e+00 1.9085e+00 1.9018e+00 1.7287e+00 1.5725e+00 1.7690e+00 2.2561e+00 2.6156e+00 2.2022e+00 1.7923e+00 1.6214e+00 1.6104e+00 1.5554e+00 1.4694e+00 1.4031e+00 1.3754e+00 1.4222e+00 1.4802e+00 1.4882e+00 1.3834e+00 1.3947e+00 1.4108e+00 1.4970e+00 1.5511e+00 1.5755e+00 1.5888e+00 1.7112e+00 1.7229e+00 1.7229e+00 1.8574e+00 1.9464e+00 2.0190e+00 1.9621e+00
-9.9990e+03 -9.9990e+03 -9.9990e+03 -9.9990e+03 -9.9990e+03 -9.9990e+03 -9.9990e+03 -9.9990e+03 -9.9990e+03 -9.9990e+03 -9.9990e+03 -9.9990e+03 -9.9990e+03 -9.9990e+03 -9.9990e+03 -9.9990e+03 1.7958e+00 1.8661e+00 1.8913e+00 1.7566e+00 1.5921e+00 1.5565e+00 1.7356e+00 1.7356e+00 1.8876e+00 1.8232e+00 1.6307e+00 1.5070e+00 1.6656e+00 2.1085e+00 2.5865e+00 2.3872e+00 1.9593e+00 1.6851e+00 1.5489e+00 1.4512e+00 1.3713e+00 1.3864e+00 1.4542e+00 1.5102e+00 1.4930e+00 1.4840e+00 1.3433e+00 1.3068e+00 1.3354e+00 1.4881e+00 1.5988e+00 1.6011e+00 1.5888e+00 1.6434e+00 1.6672e+00 1.7514e+00 1.8444e+00 1.9027e+00 1.9474e+00 1.9045e+00
-9.9990e+03 -9.9990e+03 -9.9990e+03 -9.9990e+03 -9.9990e+03 -9.9990e+03 -9.9990e+03 -9.9990e+03 -9.9990e+03 -9.9990e+03 -9.9990e+03 -9.9990e+03 -9.9990e+03 -9.9990e+03 -9.9990e+03 -9.9990e+03 1.8101e+00 1.8693e+00 1.8465e+00 1.6434e+00 1.4654e+00 1.4894e+00 1.7206e+00 1.8638e+00 1.6782e+00 1.5443e+00 1.4579e+00 1.5753e+00 1.9766e+00 1.9766e+00 2.4795e+00 2.5221e+00 2.1688e+00 1.8149e+00 1.5514e+00 1.4386e+00 1.3544e+00 1.3954e+00 1.4892e+00 1.5102e+00 1.4833e+00 1.3178e+00 1.2205e+00 1.2535e+00 1.4670e+00 1.4881e+00 1.6734e+00 1.6680e+00 1.5509e+00 1.5788e+00 1.6251e+00 1.6940e+00 1.7790e+00 1.8374e+00 1.8936e+00 1.8722e+00
-9.9990e+03 -9.9990e+03 -9.9990e+03 -9.9990e+03 -9.9990e+03 -9.9990e+03 -9.9990e+03 -9.9990e+03 -9.9990e+03 -9.9990e+03 -9.9990e+03 -9.9990e+03 -9.9990e+03 -9.9990e+03 -9.9990e+03 1.7582e+00 1.8259e+00 1.7916e+00 1.7916e+00 1.5714e+00 1.4066e+00 1.4485e+00 1.6817e+00 1.8023e+00 1.6177e+00 1.4678e+00 1.4200e+00 1.5431e+00 1.8669e+00 2.3129e+00 2.6104e+00 2.3884e+00 2.0022e+00 1.5832e+00 1.5832e+00 1.4409e+00 1.3544e+00 1.3903e+00 1.5045e+00 1.5263e+00 1.4753e+00 1.2971e+00 1.1670e+00 1.2086e+00 1.4598e+00 1.7300e+00 1.7440e+00 1.5631e+00 1.5260e+00 1.5896e+00 1.6504e+00 1.6668e+00 1.7404e+00 1.7743e+00 1.8256e+00 1.8276e+00
-9.9990e+03 -9.9990e+03 -9.9990e+03 -9.9990e+03 -9.9990e+03 -9.9990e+03 -9.9990e+03 -9.9990e+03 -9.9990e+03 -9.9990e+03 -9.9990e+03 -9.9990e+03 -9.9990e+03 -9.9990e+03 -9.9990e+03 1.7331e+00 1.7897e+00 1.7496e+00 1.5237e+00 1.3901e+00 1.4382e+00 1.5365e+00 1.7089e+00 1.5862e+00 1.5862e+00 1.4150e+00 1.3855e+00 1.5431e+00 1.7722e+00 2.1182e+00 2.6104e+00 2.5822e+00 2.2137e+00 1.6706e+00 1.4894e+00 1.3865e+00 1.3819e+00 1.5030e+00 1.5283e+00 1.4574e+00 1.4574e+00 1.2812e+00 1.1443e+00 1.2013e+00 1.4762e+00 1.7693e+00 1.7993e+00 1.5845e+00 1.4941e+00 1.5643e+00 1.6395e+00 1.7106e+00 1.7167e+00 1.6652e+00 1.7647e+00 1.7333e+00
-9.9990e+03 -9.9990e+03 -9.9990e+03 -9.9990e+03 -9.9990e+03 -9.9990e+03 -9.9990e+03 -9.9990e+03 -9.9990e+03 -9.9990e+03 -9.9990e+03 -9.9990e+03 -9.9990e+03 -9.9990e+03 -9.9990e+03 1.6980e+00 1.7600e+00 1.7224e+00 1.5237e+00 1.3950e+00 1.4336e+00 1.5365e+00 1.5985e+00 1.5449e+00 1.4143e+00 1.3847e+00 1.4844e+00 1.6914e+00 1.9354e+00 1.9354e+00 2.5012e+00 2.6713e+00 2.4343e+00 1.7937e+00 1.5575e+00 1.4306e+00 1.3834e+00 1.4923e+00 1.5123e+00 1.4374e+00 1.2726e+00 1.1929e+00 1.2354e+00 1.5190e+00 1.8237e+00 1.8341e+00 1.8341e+00 1.6019e+00 1.4665e+00 1.5293e+00 1.6214e+00 1.6861e+00 1.6685e+00 1.6013e+00 1.6978e+00 1.6900e+00
-9.9990e+03 -9.9990e+03 -9.9990e+03 -9.9990e+03 -9.9990e+03 -9.9990e+03 -9.9990e+03 -9.9990e+03 -9.9990e+03 -9.9990e+03 -9.9990e+03 -9.9990e+03 -9.9990e+03 -9.9990e+03 1.6518e+00 1.7222e+00 1.7026e+00 1.5181e+00 1.5122e+00 1.3793e+00 1.4115e+00 1.4760e+00 1.4917e+00 1.4960e+00 1.4445e+00 1.4094e+00 1.4755e+00 1.6342e+00 1.8088e+00 2.0597e+00 2.6294e+00 2.6086e+00 2.1947e+00 1.6554e+00 1.4880e+00 1.4880e+00 1.3953e+00 1.4711e+00 1.4792e+00 1.4080e+00 1.2740e+00 1.2593e+00 1.3070e+00 1.5829e+00 1.8371e+00 1.8487e+00 1.6082e+00 1.4348e+00 1.5003e+00 1.6079e+00 1.6587e+00 1.6587e+00 1.6316e+00 1.6013e+00 1.6263e+00 1.6372e+00
-9.9990e+03 -9.9990e+03 -9.9990e+03 -9.9990e+03 -9.9990e+03 -9.9990e+03 -9.9990e+03 -9.9990e+03 -9.9990e+03 -9.9990e+03 -9.9990e+03 -9.9990e+03 -9.9990e+03 -9.9990e+03 1.6092e+00 1.6747e+00 1.6846e+00 1.5421e+00 1.3706e+00 1.3766e+00 1.4321e+00 1.4475e+00 1.4647e+00 1.4890e+00 1.4709e+00 1.4405e+00 1.4808e+00 1.5945e+00 1.7345e+00 1.9115e+00 2.4460e+00 2.6489e+00 2.4248e+00 1.8135e+00 1.5796e+00 1.4757e+00 1.4529e+00 1.4387e+00 1.3569e+00 1.2907e+00 1.3412e+00 1.3412e+00 1.4045e+00 1.6554e+00 1.8371e+00 1.8367e+00 1.6034e+00 1.4348e+00 1.4685e+00 1.5812e+00 1.6474e+00 1.6262e+00 1.5523e+00 1.5618e+00 1.5879e+00 1.5238e+00
-9.9990e+03 -9.9990e+03 -9.9990e+03 -9.9990e+03 -9.9990e+03 -9.9990e+03 -9.9990e+03 -9.9990e+03 -9.9990e+03 -9.9990e+03 -9.9990e+03 -9.9990e+03 -9.9990e+03 -9.9990e+03 1.5760e+00 1.6135e+00 1.6399e+00 1.5468e+00 1.3637e+00 1.3412e+00 1.4121e+00 1.4482e+00 1.4766e+00 1.5231e+00 1.4710e+00 1.4915e+00 1.5441e+00 1.6739e+00 1.8001e+00 2.0330e+00 2.2256e+00 2.5903e+00 2.5983e+00 2.0165e+00 1.7125e+00 1.5619e+00 1.4526e+00 1.4081e+00 1.3569e+00 1.3371e+00 1.4376e+00 1.5088e+00 1.7233e+00 1.8329e+00 1.8057e+00 1.5991e+00 1.5991e+00 1.4300e+00 1.4386e+00 1.5377e+00 1.6338e+00 1.6366e+00 1.5786e+00 1.5320e+00 1.5630e+00 1.5484e+00
-9.9990e+03 -9.9990e+03 -9.9990e+03 -9.9990e+03 -9.9990e+03 -9.9990e+03 -9.9990e+03 -9.9990e+03 -9.9990e+03 -9.9990e+03 -9.9990e+03 -9.9990e+03 -9.9990e+03 1.5688e+00 1.4684e+00 1.5444e+00 1.5119e+00 1.4103e+00 1.3520e+00 1.3520e+00 1.4074e+00 1.4632e+00 1.5347e+00 1.6027e+00 1.5004e+00 1.4855e+00 1.5095e+00 1.6143e+00 1.7023e+00 2.0330e+00 2.4235e+00 2.6197e+00 2.2309e+00 1.8964e+00 1.7019e+00 1.5619e+00 1.4749e+00 1.4011e+00 1.3630e+00 1.4100e+00 1.5413e+00 1.5992e+00 1.7625e+00 1.8099e+00 1.7645e+00 1.5955e+00 1.4712e+00 1.4331e+00 1.5036e+00 1.5652e+00 1.6430e+00 1.6155e+00 1.6155e+00 1.5327e+00 1.5587e+00 1.5730e+00
-9.9990e+03 -9.9990e+03 -9.9990e+03 -9.9990e+03 -9.9990e+03 -9.9990e+03 -9.9990e+03 -9.9990e+03 -9.9990e+03 -9.9990e+03 -9.9990e+03 -9.9990e+03 -9.9990e+03 1.5887e+00 1.4335e+00 1.4444e+00 1.4377e+00 1.4159e+00 1.3923e+00 1.4086e+00 1.4091e+00 1.5442e+00 1.6370e+00 1.5416e+00 1.5416e+00 1.4729e+00 1.5095e+00 1.5597e+00 1.6249e+00 1.8944e+00 2.2487e+00 2.5538e+00 2.3937e+00 2.0939e+00 1.8844e+00 1.5470e+00 1.4295e+00 1.4492e+00 1.4976e+00 1.6397e+00 1.7135e+00 1.6687e+00 1.7600e+00 1.7604e+00 1.7170e+00 1.5862e+00 1.5035e+00 1.4567e+00 1.4974e+00 1.5355e+00 1.6267e+00 1.6420e+00 1.6085e+00 1.5756e+00 1.5941e+00 1.5528e+00
-9.9990e+03 -9.9990e+03 -9.9990e+03 -9.9990e+03 -9.9990e+03 -9.9990e+03 -9.9990e+03 -9.9990e+03 -9.9990e+03 -9.9990e+03 -9.9990e+03 -9.9990e+03 -9.9990e+03 1.4565e+00 1.4565e+00 1.3593e+00 1.3604e+00 1.4159e+00 1.4237e+00 1.4138e+00 1.4091e+00 1.4636e+00 1.5620e+00 1.5573e+00 1.4299e+00 1.4220e+00 1.5063e+00 1.5581e+00 1.7223e+00 2.1243e+00 2.1243e+00 2.4435e+00 2.4093e+00 2.2112e+00 2.0682e+00 1.6668e+00 1.5035e+00 1.5122e+00 1.5826e+00 1.7172e+00 1.7406e+00 1.7329e+00 1.7008e+00 1.6288e+00 1.5794e+00 1.5364e+00 1.5306e+00 1.4937e+00 1.5146e+00 1.5300e+00 1.5938e+00 1.6443e+00 1.6443e+00 1.6095e+00 1.6176e+00 1.5528e+00
-9.9990e+03 -9.9990e+03 -9.9990e+03 -9.9990e+03 -9.9990e+03 -9.9990e+03 -9.9990e+03 -9.9990e+03 -9.9990e+03 -9.9990e+03 -9.9990e+03 -9.9990e+03 -9.9990e+03 1.4977e+00 1.3405e+00 1.3266e+00 1.3618e+00 1.3964e+00 1.3551e+00 1.3551e+00 1.3544e+00 1.3395e+00 1.4268e+00 1.5248e+00 1.4157e+00 1.4330e+00 1.4881e+00 1.5518e+00 1.7010e+00 2.0394e+00 2.3452e+00 2.2893e+00 2.2143e+00 2.1578e+00 1.9926e+00 1.6393e+00 1.6393e+00 1.6006e+00 1.6409e+00 1.7610e+00 1.7544e+00 1.6973e+00 1.6467e+00 1.6022e+00 1.5797e+00 1.5663e+00 1.5306e+00 1.5374e+00 1.5423e+00 1.5693e+00 1.6321e+00 1.6665e+00 1.6443e+00 1.6463e+00 1.6467e+00 1.5843e+00
-9.9990e+03 -9.9990e+03 -9.9990e+03 -9.9990e+03 -9.9990e+03 -9.9990e+03 -9.9990e+03 -9.9990e+03 -9.9990e+03 -9.9990e+03 -9.9990e+03 -9.9990e+03 -9.9990e+03 1.4945e+00 1.3546e+00 1.3397e+00 1.3353e+00 1.3339e+00 1.2505e+00 1.2111e+00 1.2521e+00 1.3218e+00 1.3833e+00 1.4087e+00 1.4675e+00 1.4675e+00 1.5378e+00 1.6135e+00 1.7221e+00 1.9890e+00 2.2663e+00 2.2295e+00 2.1486e+00 2.1451e+00 2.0830e+00 1.8086e+00 1.7273e+00 1.7355e+00 1.7702e+00 1.7580e+00 1.6850e+00 1.6850e+00 1.6311e+00 1.6022e+00 1.5849e+00 1.5870e+00 1.5587e+00 1.5582e+00 1.5668e+00 1.5694e+00 1.6290e+00 1.6774e+00 1.6781e+00 1.6818e+00 1.6713e+00 1.6435e+00
-9.9990e+03 -9.9990e+03 -9.9990e+03 -9.9990e+03 -9.9990e+03 -9.9990e+03 -9.9990e+03 -9.9990e+03 -9.9990e+03 -9.9990e+03 -9.9990e+03 -9.9990e+03 -9.9990e+03 1.4071e+00 1.3827e+00 1.3646e+00 1.3302e+00 1.2757e+00 1.1596e+00 1.0973e+00 1.2282e+00 1.2816e+00 1.3579e+00 1.4569e+00 1.6049e+00 1.7799e+00 1.7456e+00 1.8107e+00 1.9083e+00 2.1672e+00 2.1432e+00 2.1432e+00 2.0730e+00 2.0746e+00 2.0830e+00 1.9730e+00 1.8708e+00 1.7355e+00 1.7707e+00 1.7534e+00 1.6990e+00 1.6617e+00 1.6459e+00 1.5997e+00 1.5991e+00 1.5770e+00 1.5699e+00 1.5699e+00 1.5893e+00 1.5975e+00 1.6484e+00 1.6878e+00 1.6953e+00 1.7093e+00 1.7125e+00 1.6932e+00
-9.9990e+03 -9.9990e+03 -9.9990e+03 -9.9990e+03 -9.9990e+03 -9.9990e+03 -9.9990e+03 -9.9990e+03 -9.9990e+03 -9.9990e+03 -9.9990e+03 -9.9990e+03 -9.9990e+03 1.3721e+00 1.4213e+00 1.3760e+00 1.3424e+00 1.1402e+00 1.0531e+00 1.1322e+00 1.1426e+00 1.2415e+00 1.3834e+00 1.5372e+00 1.7429e+00 1.7799e+00 1.8925e+00 1.8808e+00 1.9083e+00 2.0360e+00 2.0003e+00 1.9743e+00 1.9684e+00 2.1263e+00 2.1202e+00 2.0130e+00 2.0130e+00 1.7994e+00 1.7776e+00 1.7498e+00 1.7233e+00 1.7153e+00 1.7035e+00 1.6285e+00 1.6101e+00 1.5732e+00 1.5715e+00 1.6062e+00 1.6689e+00 1.6799e+00 1.6961e+00 1.6892e+00 1.7226e+00 1.7226e+00 1.7415e+00 1.7314e+00
-9.9990e+03 -9.9990e+03 -9.9990e+03 -9.9990e+03 -9.9990e+03 -9.9990e+03 -9.9990e+03 -9.9990e+03 -9.9990e+03 -9.9990e+03 -9.9990e+03 -9.9990e+03 -9.9990e+03 1.2498e+00 1.4423e+00 1.4070e+00 1.4199e+00 1.2376e+00 1.1547e+00 1.1322e+00 1.3250e+00 1.5366e+00 1.6437e+00 1.8797e+00 1.9829e+00 1.9131e+00 1.9565e+00 1.8856e+00 1.8565e+00 1.8692e+00 1.8092e+00 1.8439e+00 1.8544e+00 2.1037e+00 2.2389e+00 2.1301e+00 1.9389e+00 1.8090e+00 1.7746e+00 1.7661e+00 1.7603e+00 1.7560e+00 1.7560e+00 1.6686e+00 1.6294e+00 1.5777e+00 1.5641e+00 1.6110e+00 1.6888e+00 1.7128e+00 1.7076e+00 1.6824e+00 1.7176e+00 1.7583e+00 1.7923e+00 1.8275e+00
-9.9990e+03 -9.9990e+03 -9.9990e+03 -9.9990e+03 -9.9990e+03 -9.9990e+03 -9.9990e+03 -9.9990e+03 -9.9990e+03 -9.9990e+03 -9.9990e+03 -9.9990e+03 -9.9990e+03 1.3858e+00 1.3858e+00 1.4005e+00 1.4199e+00 1.3546e+00 1.2904e+00 1.2273e+00 1.4693e+00 1.6881e+00 1.7796e+00 1.9391e+00 1.9456e+00 1.9318e+00 1.8308e+00 1.7107e+00 1.7096e+00 1.6365e+00 1.5843e+00 1.7035e+00 1.7531e+00 2.0593e+00 2.3139e+00 2.2176e+00 2.0041e+00 1.8518e+00 1.8204e+00 1.7888e+00 1.7813e+00 1.7870e+00 1.7596e+00 1.6665e+00 1.6047e+00 1.5779e+00 1.6082e+00 1.6905e+00 1.6905e+00 1.7329e+00 1.7173e+00 1.6824e+00 1.7133e+00 1.7739e+00 1.7923e+00 1.8570e+00
-9.9990e+03 -9.9990e+03 -9.9990e+03 -9.9990e+03 -9.9990e+03 -9.9990e+03 -9.9990e+03 -9.9990e+03 -9.9990e+03 -9.9990e+03 -9.9990e+03 -9.9990e+03 -9.9990e+03 1.3482e+00 1.3953e+00 1.4269e+00 1.4127e+00 1.3766e+00 1.4690e+00 1.6103e+00 1.6103e+00 1.7941e+00 1.8475e+00 1.9069e+00 1.8620e+00 1.8614e+00 1.7762e+00 1.6819e+00 1.6094e+00 1.5314e+00 1.4991e+00 1.6756e+00 1.9956e+00 2.2738e+00 2.2656e+00 2.0684e+00 1.9829e+00 1.9137e+00 1.8900e+00 1.8309e+00 1.7701e+00 1.7824e+00 1.7913e+00 1.7247e+00 1.6647e+00 1.5779e+00 1.6124e+00 1.6769e+00 1.7353e+00 1.7250e+00 1.6986e+00 1.7137e+00 1.7865e+00 1.7865e+00 1.8208e+00 1.8816e+00
-9.9990e+03 -9.9990e+03 -9.9990e+03 -9.9990e+03 -9.9990e+03 -9.9990e+03 -9.9990e+03 -9.9990e+03 -9.9990e+03 -9.9990e+03 -9.9990e+03 -9.9990e+03 -9.9990e+03 1.3333e+00 1.3963e+00 1.4321e+00 1.4246e+00 1.4381e+00 1.5522e+00 1.7047e+00 1.8557e+00 1.8521e+00 1.8293e+00 1.7575e+00 1.6925e+00 1.7271e+00 1.7271e+00 1.6683e+00 1.5770e+00 1.4923e+00 1.4584e+00 1.6169e+00 1.9171e+00 2.1811e+00 2.2762e+00 2.1391e+00 1.9829e+00 1.9559e+00 1.8736e+00 1.7565e+00 1.7539e+00 1.8002e+00 1.7913e+00 1.7913e+00 1.7481e+00 1.6251e+00 1.6310e+00 1.6598e+00 1.7148e+00 1.7237e+00 1.7136e+00 1.7248e+00 1.8015e+00 1.8573e+00 1.8913e+00 1.8913e+00
