bias_correction/pipeline/UV_4_s_1.4_d_290.asc
ncols        88
nrows        90
xllcorner    2777636
yllcorner    1185112
cellsize     25
NODATA_value -9999
[rows 50 to 74 of 90, columns 0 to 55 of 88]
-9.9990e+03 -9.9990e+03 -9.9990e+03 -9.9990e+03 -9.9990e+03 -9.9990e+03 -9.9990e+03 -9.9990e+03 -9.9990e+03 -9.9990e+03 -9.9990e+03 -9.9990e+03 -9.9990e+03 1.3647e+00 1.4253e+00 1.4253e+00 1.4593e+00 1.5170e+00 1.6379e+00 1.7824e+00 1.8923e+00 1.8378e+00 1.7520e+00 1.6581e+00 1.5989e+00 1.6606e+00 1.6346e+00 1.5877e+00 1.4974e+00 1.4618e+00 1.5824e+00 1.5824e+00 1.8289e+00 2.1811e+00 2.2572e+00 2.2037e+00 2.0587e+00 2.0195e+00 1.9295e+00 1.7528e+00 1.7204e+00 1.7841e+00 1.8438e+00 1.8284e+00 1.7747e+00 1.6588e+00 1.6484e+00 1.6584e+00 1.6835e+00 1.7086e+00 1.7173e+00 1.7344e+00 1.8091e+00 1.8655e+00 1.8910e+00 1.8837e+00
-9.9990e+03 -9.9990e+03 -9.9990e+03 -9.9990e+03 -9.9990e+03 -9.9990e+03 -9.9990e+03 -9.9990e+03 -9.9990e+03 -9.9990e+03 -9.9990e+03 -9.9990e+03 -9.9990e+03 1.2966e+00 1.4012e+00 1.5431e+00 1.6106e+00 1.7386e+00 1.8476e+00 1.8910e+00 1.8910e+00 1.8035e+00 1.6905e+00 1.5774e+00 1.5989e+00 1.5753e+00 1.5943e+00 1.5877e+00 1.5274e+00 1.4991e+00 1.5695e+00 1.7639e+00 1.9519e+00 2.1932e+00 2.2240e+00 2.1525e+00 2.0583e+00 2.0583e+00 1.9745e+00 1.7833e+00 1.7106e+00 1.7612e+00 1.8698e+00 1.8825e+00 1.8370e+00 1.7051e+00 1.6687e+00 1.6609e+00 1.6922e+00 1.7132e+00 1.7320e+00 1.8096e+00 1.8700e+00 1.8606e+00 1.8751e+00 1.8556e+00
-9.9990e+03 -9.9990e+03 -9.9990e+03 -9.9990e+03 -9.9990e+03 -9.9990e+03 -9.9990e+03 -9.9990e+03 -9.9990e+03 -9.9990e+03 -9.9990e+03 -9.9990e+03 -9.9990e+03 1.2078e+00 1.3429e+00 1.5431e+00 1.7194e+00 1.8266e+00 1.8476e+00 1.8463e+00 1.7362e+00 1.6349e+00 1.5098e+00 1.4284e+00 1.4835e+00 1.5370e+00 1.5370e+00 1.6109e+00 1.5856e+00 1.5673e+00 1.5832e+00 1.7249e+00 1.8657e+00 2.1055e+00 2.1926e+00 2.1406e+00 2.0656e+00 2.0003e+00 1.9078e+00 1.7305e+00 1.7433e+00 1.8672e+00 1.9203e+00 1.9203e+00 1.8976e+00 1.7630e+00 1.7220e+00 1.6978e+00 1.6772e+00 1.6882e+00 1.6969e+00 1.7941e+00 1.8552e+00 1.8606e+00 1.8277e+00 1.7682e+00
-9.9990e+03 -9.9990e+03 -9.9990e+03 -9.9990e+03 -9.9990e+03 -9.9990e+03 -9.9990e+03 -9.9990e+03 -9.9990e+03 -9.9990e+03 -9.9990e+03 -9.9990e+03 -9.9990e+03 1.3194e+00 1.6131e+00 1.5863e+00 1.8166e+00 1.8835e+00 1.8430e+00 1.7577e+00 1.6423e+00 1.5713e+00 1.4437e+00 1.3708e+00 1.4025e+00 1.4602e+00 1.5812e+00 1.6424e+00 1.6460e+00 1.6995e+00 1.7205e+00 1.8047e+00 1.8047e+00 2.0150e+00 2.1219e+00 2.0975e+00 2.0420e+00 1.9862e+00 1.9465e+00 1.7810e+00 1.7425e+00 1.8499e+00 1.9441e+00 1.9592e+00 1.9316e+00 1.8047e+00 1.7544e+00 1.6848e+00 1.6848e+00 1.6691e+00 1.6969e+00 1.7457e+00 1.8110e+00 1.8445e+00 1.8057e+00 1.7589e+00
-9.9990e+03 -9.9990e+03 -9.9990e+03 -9.9990e+03 -9.9990e+03 -9.9990e+03 -9.9990e+03 -9.9990e+03 -9.9990e+03 -9.9990e+03 -9.9990e+03 -9.9990e+03 -9.9990e+03 1.3655e+00 1.6289e+00 1.8510e+00 1.8721e+00 1.7399e+00 1.6606e+00 1.5464e+00 1.4293e+00 1.5010e+00 1.3879e+00 1.3385e+00 1.3559e+00 1.4072e+00 1.5260e+00 1.6824e+00 1.7399e+00 1.7814e+00 1.7341e+00 1.7517e+00 1.8057e+00 2.0283e+00 2.0463e+00 1.9661e+00 1.9267e+00 1.9132e+00 1.9132e+00 1.8466e+00 1.7723e+00 1.8499e+00 1.9695e+00 2.0292e+00 1.9316e+00 1.8781e+00 1.7996e+00 1.7127e+00 1.6682e+00 1.6171e+00 1.6761e+00 1.7476e+00 1.8000e+00 1.8023e+00 1.8023e+00 1.7660e+00
-9.9990e+03 -9.9990e+03 -9.9990e+03 -9.9990e+03 -9.9990e+03 -9.9990e+03 -9.9990e+03 -9.9990e+03 -9.9990e+03 -9.9990e+03 -9.9990e+03 -9.9990e+03 -9.9990e+03 1.4371e+00 1.6121e+00 1.8104e+00 1.8056e+00 1.6830e+00 1.5809e+00 1.4771e+00 1.3863e+00 1.3445e+00 1.3344e+00 1.3929e+00 1.3992e+00 1.4965e+00 1.6915e+00 1.6811e+00 1.8053e+00 1.8387e+00 1.7575e+00 1.6929e+00 1.6876e+00 1.9134e+00 1.9802e+00 1.9661e+00 1.8496e+00 1.8230e+00 1.8798e+00 1.8302e+00 1.8985e+00 2.0101e+00 2.1049e+00 2.1049e+00 2.0102e+00 1.9218e+00 1.8190e+00 1.7441e+00 1.6832e+00 1.5964e+00 1.6043e+00 1.6688e+00 1.7553e+00 1.8200e+00 1.8010e+00 1.7373e+00
-9.9990e+03 -9.9990e+03 -9.9990e+03 -9.9990e+03 -9.9990e+03 -9.9990e+03 -9.9990e+03 -9.9990e+03 -9.9990e+03 -9.9990e+03 -9.9990e+03 -9.9990e+03 -9.9990e+03 1.5966e+00 1.6333e+00 1.7015e+00 1.7015e+00 1.6293e+00 1.5466e+00 1.4527e+00 1.3684e+00 1.3304e+00 1.3613e+00 1.4738e+00 1.4680e+00 1.5618e+00 1.6915e+00 1.8564e+00 1.8758e+00 1.7490e+00 1.6127e+00 1.5664e+00 1.6876e+00 1.7928e+00 1.9080e+00 1.9130e+00 1.7590e+00 1.6828e+00 1.8614e+00 1.9030e+00 2.0038e+00 2.0714e+00 2.1668e+00 2.1120e+00 1.9443e+00 1.8306e+00 1.7982e+00 1.7032e+00 1.5828e+00 1.5828e+00 1.5443e+00 1.5891e+00 1.6894e+00 1.8148e+00 1.8226e+00 1.7679e+00
-9.9990e+03 -9.9990e+03 -9.9990e+03 -9.9990e+03 -9.9990e+03 -9.9990e+03 -9.9990e+03 -9.9990e+03 -9.9990e+03 -9.9990e+03 -9.9990e+03 -9.9990e+03 -9.9990e+03 1.5885e+00 1.5590e+00 1.5954e+00 1.5628e+00 1.5340e+00 1.4574e+00 1.3853e+00 1.3488e+00 1.3488e+00 1.4311e+00 1.4738e+00 1.5829e+00 1.6691e+00 1.7376e+00 1.8793e+00 1.8548e+00 1.7062e+00 1.5256e+00 1.4689e+00 1.6662e+00 1.8175e+00 1.8045e+00 1.6741e+00 1.5499e+00 1.6600e+00 1.7776e+00 1.9356e+00 2.1290e+00 2.1676e+00 2.1993e+00 2.1129e+00 1.9695e+00 1.8606e+00 1.8186e+00 1.7199e+00 1.5766e+00 1.4875e+00 1.5296e+00 1.6120e+00 1.7080e+00 1.8270e+00 1.8008e+00 1.8008e+00
-9.9990e+03 -9.9990e+03 -9.9990e+03 -9.9990e+03 -9.9990e+03 -9.9990e+03 -9.9990e+03 -9.9990e+03 -9.9990e+03 -9.9990e+03 -9.9990e+03 -9.9990e+03 -9.9990e+03 1.5938e+00 1.5590e+00 1.5016e+00 1.4962e+00 1.5340e+00 1.4735e+00 1.4287e+00 1.4115e+00 1.5455e+00 1.7040e+00 1.7048e+00 1.7577e+00 1.7395e+00 1.8191e+00 1.8191e+00 1.7613e+00 1.6418e+00 1.4594e+00 1.4115e+00 1.5784e+00 1.7376e+00 1.7516e+00 1.6106e+00 1.4526e+00 1.5393e+00 1.8971e+00 2.2031e+00 2.3832e+00 2.2135e+00 2.0968e+00 2.0393e+00 2.0058e+00 1.9094e+00 1.8207e+00 1.7170e+00 1.5573e+00 1.4729e+00 1.4907e+00 1.5523e+00 1.7080e+00 1.7903e+00 1.8079e+00 1.7237e+00
-9.9990e+03 -9.9990e+03 -9.9990e+03 -9.9990e+03 -9.9990e+03 -9.9990e+03 -9.9990e+03 -9.9990e+03 -9.9990e+03 -9.9990e+03 -9.9990e+03 -9.9990e+03 -9.9990e+03 1.4931e+00 1.4517e+00 1.4544e+00 1.4544e+00 1.5105e+00 1.4858e+00 1.4884e+00 1.5068e+00 1.6752e+00 1.7983e+00 1.7912e+00 1.7906e+00 1.6837e+00 1.6987e+00 1.6201e+00 1.5024e+00 1.4148e+00 1.3713e+00 1.4426e+00 1.6578e+00 1.6578e+00 1.6838e+00 1.5725e+00 1.4055e+00 1.4407e+00 1.8139e+00 2.1804e+00 2.4173e+00 2.2454e+00 2.0990e+00 2.0393e+00 1.9453e+00 1.8067e+00 1.6879e+00 1.5254e+00 1.4669e+00 1.4729e+00 1.4687e+00 1.5129e+00 1.6316e+00 1.7217e+00 1.7847e+00 1.7428e+00
-9.9990e+03 -9.9990e+03 -9.9990e+03 -9.9990e+03 -9.9990e+03 -9.9990e+03 -9.9990e+03 -9.9990e+03 -9.9990e+03 -9.9990e+03 -9.9990e+03 -9.9990e+03 -9.9990e+03 1.4814e+00 1.4395e+00 1.4419e+00 1.4551e+00 1.4888e+00 1.5432e+00 1.7111e+00 1.7876e+00 1.8559e+00 1.8559e+00 1.8195e+00 1.7510e+00 1.6065e+00 1.5729e+00 1.5023e+00 1.4487e+00 1.3922e+00 1.3392e+00 1.3701e+00 1.5618e+00 1.5994e+00 1.5174e+00 1.3960e+00 1.4036e+00 1.7088e+00 1.7088e+00 2.0891e+00 2.4173e+00 2.3023e+00 2.1265e+00 2.0657e+00 1.9604e+00 1.7919e+00 1.6482e+00 1.4866e+00 1.4617e+00 1.4758e+00 1.5093e+00 1.5574e+00 1.6391e+00 1.7188e+00 1.7507e+00 1.7611e+00
-9.9990e+03 -9.9990e+03 -9.9990e+03 -9.9990e+03 -9.9990e+03 -9.9990e+03 -9.9990e+03 -9.9990e+03 -9.9990e+03 -9.9990e+03 -9.9990e+03 -9.9990e+03 -9.9990e+03 1.4736e+00 1.4572e+00 1.4403e+00 1.4305e+00 1.4841e+00 1.5961e+00 1.7884e+00 1.8666e+00 1.8673e+00 1.7059e+00 1.6563e+00 1.5201e+00 1.4162e+00 1.4247e+00 1.4247e+00 1.4055e+00 1.3798e+00 1.3034e+00 1.3701e+00 1.4599e+00 1.5184e+00 1.5174e+00 1.4050e+00 1.4114e+00 1.6508e+00 2.0148e+00 2.3732e+00 2.3930e+00 2.1897e+00 2.0241e+00 1.9317e+00 1.9317e+00 1.7726e+00 1.6228e+00 1.4629e+00 1.4691e+00 1.5017e+00 1.5159e+00 1.5371e+00 1.5898e+00 1.6587e+00 1.7426e+00 1.6786e+00
-9.9990e+03 -9.9990e+03 -9.9990e+03 -9.9990e+03 -9.9990e+03 -9.9990e+03 -9.9990e+03 -9.9990e+03 -9.9990e+03 -9.9990e+03 -9.9990e+03 -9.9990e+03 -9.9990e+03 1.4777e+00 1.4347e+00 1.4061e+00 1.4923e+00 1.4860e+00 1.6443e+00 1.8390e+00 1.9144e+00 1.8464e+00 1.7059e+00 1.5488e+00 1.4355e+00 1.4162e+00 1.3807e+00 1.3707e+00 1.3490e+00 1.2607e+00 1.2457e+00 1.3808e+00 1.4732e+00 1.4732e+00 1.5012e+00 1.4344e+00 1.4751e+00 1.6557e+00 2.0302e+00 2.4029e+00 2.4818e+00 2.2582e+00 1.9840e+00 1.8872e+00 1.7689e+00 1.6310e+00 1.4597e+00 1.4802e+00 1.5801e+00 1.5312e+00 1.5312e+00 1.5191e+00 1.5641e+00 1.6254e+00 1.7321e+00 1.7347e+00
-9.9990e+03 -9.9990e+03 -9.9990e+03 -9.9990e+03 -9.9990e+03 -9.9990e+03 -9.9990e+03 -9.9990e+03 -9.9990e+03 -9.9990e+03 -9.9990e+03 -9.9990e+03 -9.9990e+03 1.4779e+00 1.4220e+00 1.3886e+00 1.4923e+00 1.6829e+00 1.8601e+00 1.9175e+00 1.7969e+00 1.5706e+00 1.6343e+00 1.4621e+00 1.3720e+00 1.3699e+00 1.3586e+00 1.3405e+00 1.3149e+00 1.2355e+00 1.2307e+00 1.3491e+00 1.4860e+00 1.5716e+00 1.4945e+00 1.5765e+00 1.9384e+00 2.2095e+00 2.5502e+00 2.5502e+00 2.5485e+00 2.2982e+00 1.9324e+00 1.8242e+00 1.7492e+00 1.6435e+00 1.4963e+00 1.5191e+00 1.6228e+00 1.5564e+00 1.5247e+00 1.6044e+00 1.6612e+00 1.7607e+00 1.7737e+00 1.7737e+00
-9.9990e+03 -9.9990e+03 -9.9990e+03 -9.9990e+03 -9.9990e+03 -9.9990e+03 -9.9990e+03 -9.9990e+03 -9.9990e+03 -9.9990e+03 -9.9990e+03 -9.9990e+03 -9.9990e+03 1.4779e+00 1.4270e+00 1.3917e+00 1.5013e+00 1.7031e+00 1.8380e+00 1.8663e+00 1.7155e+00 1.5112e+00 1.3974e+00 1.3222e+00 1.3201e+00 1.3509e+00 1.3243e+00 1.2721e+00 1.2852e+00 1.2262e+00 1.2624e+00 1.3831e+00 1.5658e+00 1.6899e+00 1.6119e+00 1.7711e+00 2.1860e+00 2.4060e+00 2.6435e+00 2.4992e+00 2.2530e+00 1.8368e+00 1.6552e+00 1.7165e+00 1.7165e+00 1.6474e+00 1.5292e+00 1.5622e+00 1.6228e+00 1.5900e+00 1.5380e+00 1.6044e+00 1.7165e+00 1.7784e+00 1.8046e+00 1.7437e+00
-9.9990e+03 -9.9990e+03 -9.9990e+03 -9.9990e+03 -9.9990e+03 -9.9990e+03 -9.9990e+03 -9.9990e+03 -9.9990e+03 -9.9990e+03 -9.9990e+03 -9.9990e+03 -9.9990e+03 1.4266e+00 1.3809e+00 1.4614e+00 1.6851e+00 1.6851e+00 1.7668e+00 1.7767e+00 1.6108e+00 1.4501e+00 1.3607e+00 1.3068e+00 1.3283e+00 1.3466e+00 1.3224e+00 1.2708e+00 1.2389e+00 1.3304e+00 1.5930e+00 1.6976e+00 1.8235e+00 1.9142e+00 1.7615e+00 1.9881e+00 2.3549e+00 2.5672e+00 2.6735e+00 2.3750e+00 2.0999e+00 1.7222e+00 1.6552e+00 1.6573e+00 1.6341e+00 1.5598e+00 1.5879e+00 1.6318e+00 1.6015e+00 1.5496e+00 1.5496e+00 1.6122e+00 1.7334e+00 1.7614e+00 1.7734e+00 1.6963e+00
-9.9990e+03 -9.9990e+03 -9.9990e+03 -9.9990e+03 -9.9990e+03 -9.9990e+03 -9.9990e+03 -9.9990e+03 -9.9990e+03 -9.9990e+03 -9.9990e+03 -9.9990e+03 -9.9990e+03 1.3833e+00 1.3284e+00 1.3671e+00 1.5990e+00 1.6608e+00 1.6036e+00 1.5264e+00 1.4195e+00 1.3712e+00 1.3258e+00 1.3258e+00 1.3558e+00 1.3768e+00 1.3561e+00 1.2954e+00 1.2675e+00 1.4186e+00 1.7103e+00 1.8277e+00 1.9317e+00 1.9142e+00 2.1702e+00 2.4672e+00 2.6274e+00 2.6144e+00 2.2679e+00 2.3750e+00 1.9286e+00 1.6341e+00 1.5605e+00 1.5944e+00 1.6184e+00 1.5695e+00 1.5950e+00 1.6091e+00 1.5650e+00 1.5154e+00 1.5387e+00 1.6915e+00 1.7010e+00 1.6201e+00 1.6268e+00 1.5561e+00
-9.9990e+03 -9.9990e+03 -9.9990e+03 -9.9990e+03 -9.9990e+03 -9.9990e+03 -9.9990e+03 -9.9990e+03 -9.9990e+03 -9.9990e+03 -9.9990e+03 -9.9990e+03 -9.9990e+03 1.3192e+00 1.2685e+00 1.2809e+00 1.4641e+00 1.5102e+00 1.4968e+00 1.5067e+00 1.4392e+00 1.4236e+00 1.3730e+00 1.4085e+00 1.4712e+00 1.3934e+00 1.3176e+00 1.3046e+00 1.3046e+00 1.4786e+00 1.7103e+00 1.9340e+00 2.0250e+00 2.0401e+00 2.3089e+00 2.5131e+00 2.6035e+00 2.5347e+00 2.2290e+00 1.8363e+00 1.5979e+00 1.5100e+00 1.5633e+00 1.6024e+00 1.5795e+00 1.5789e+00 1.5954e+00 1.5922e+00 1.5314e+00 1.5039e+00 1.5230e+00 1.6172e+00 1.6447e+00 1.5828e+00 1.5779e+00 1.5566e+00
-9.9990e+03 -9.9990e+03 -9.9990e+03 -9.9990e+03 -9.9990e+03 -9.9990e+03 -9.9990e+03 -9.9990e+03 -9.9990e+03 -9.9990e+03 -9.9990e+03 -9.9990e+03 -9.9990e+03 -9.9990e+03 -9.9990e+03 -9.9990e+03 1.3868e+00 1.3868e+00 1.4163e+00 1.4608e+00 1.4245e+00 1.4236e+00 1.4459e+00 1.5006e+00 1.4712e+00 1.4506e+00 1.3609e+00 1.3280e+00 1.5054e+00 1.8061e+00 1.9952e+00 2.1063e+00 2.2949e+00 2.4438e+00 2.4438e+00 2.5254e+00 2.5214e+00 2.4362e+00 2.2002e+00 1.8217e+00 1.6050e+00 1.5456e+00 1.5587e+00 1.5984e+00 1.5804e+00 1.5843e+00 1.5799e+00 1.5299e+00 1.5112e+00 1.5278e+00 1.5458e+00 1.5685e+00 1.6044e+00 1.5709e+00 1.5571e+00 1.5694e+00
-9.9990e+03 -9.9990e+03 -9.9990e+03 -9.9990e+03 -9.9990e+03 -9.9990e+03 -9.9990e+03 -9.9990e+03 -9.9990e+03 -9.9990e+03 -9.9990e+03 -9.9990e+03 -9.9990e+03 -9.9990e+03 -9.9990e+03 -9.9990e+03 -9.9990e+03 -9.9990e+03 1.4350e+00 1.4397e+00 1.4618e+00 1.4746e+00 1.5587e+00 1.5587e+00 1.5739e+00 1.5568e+00 1.4798e+00 1.3576e+00 1.5199e+00 1.7969e+00 2.0194e+00 2.1622e+00 2.3792e+00 2.5339e+00 2.4776e+00 2.2269e+00 2.3080e+00 2.1522e+00 1.8403e+00 1.6272e+00 1.6272e+00 1.5804e+00 1.5681e+00 1.6038e+00 1.5958e+00 1.5717e+00 1.5731e+00 1.5468e+00 1.5305e+00 1.5467e+00 1.5399e+00 1.5791e+00 1.5692e+00 1.5463e+00 1.5778e+00 1.6188e+00
-9.9990e+03 -9.9990e+03 -9.9990e+03 -9.9990e+03 -9.9990e+03 -9.9990e+03 -9.9990e+03 -9.9990e+03 -9.9990e+03 -9.9990e+03 -9.9990e+03 -9.9990e+03 -9.9990e+03 -9.9990e+03 -9.9990e+03 -9.9990e+03 -9.9990e+03 -9.9990e+03 -9.9990e+03 -9.9990e+03 -9.9990e+03 1.5332e+00 1.6421e+00 1.7535e+00 1.6654e+00 1.6077e+00 1.5737e+00 1.5819e+00 1.7807e+00 1.7807e+00 2.0043e+00 2.1881e+00 2.4282e+00 2.5672e+00 2.3946e+00 2.0575e+00 2.1387e+00 2.0577e+00 1.8294e+00 1.6561e+00 1.6149e+00 1.6152e+00 1.6163e+00 1.6241e+00 1.5751e+00 1.5751e+00 1.5731e+00 1.5468e+00 1.5530e+00 1.5645e+00 1.5399e+00 1.5596e+00 1.5631e+00 1.5487e+00 1.5980e+00 1.6715e+00
-9.9990e+03 -9.9990e+03 -9.9990e+03 -9.9990e+03 -9.9990e+03 -9.9990e+03 -9.9990e+03 -9.9990e+03 -9.9990e+03 -9.9990e+03 -9.9990e+03 -9.9990e+03 -9.9990e+03 -9.9990e+03 -9.9990e+03 -9.9990e+03 -9.9990e+03 -9.9990e+03 -9.9990e+03 -9.9990e+03 -9.9990e+03 -9.9990e+03 -9.9990e+03 -9.9990e+03 1.7609e+00 1.7103e+00 1.6775e+00 1.6402e+00 1.7621e+00 1.8953e+00 2.1702e+00 2.4211e+00 2.5351e+00 2.3451e+00 2.3451e+00 1.9742e+00 1.9527e+00 1.9245e+00 1.8294e+00 1.6740e+00 1.6410e+00 1.6152e+00 1.6427e+00 1.6573e+00 1.5917e+00 1.5823e+00 1.5818e+00 1.5715e+00 1.5829e+00 1.5612e+00 1.5474e+00 1.5474e+00 1.5561e+00 1.5594e+00 1.6395e+00 1.7272e+00
-9.9990e+03 -9.9990e+03 -9.9990e+03 -9.9990e+03 -9.9990e+03 -9.9990e+03 -9.9990e+03 -9.9990e+03 -9.9990e+03 -9.9990e+03 -9.9990e+03 -9.9990e+03 -9.9990e+03 -9.9990e+03 -9.9990e+03 -9.9990e+03 -9.9990e+03 -9.9990e+03 -9.9990e+03 -9.9990e+03 -9.9990e+03 -9.9990e+03 -9.9990e+03 -9.9990e+03 -9.9990e+03 -9.9990e+03 -9.9990e+03 1.6994e+00 1.7431e+00 1.8125e+00 2.1144e+00 2.3872e+00 2.5351e+00 2.3297e+00 2.0106e+00 1.8449e+00 1.8349e+00 1.7477e+00 1.6682e+00 1.6464e+00 1.6464e+00 1.6415e+00 1.6641e+00 1.6759e+00 1.6192e+00 1.5964e+00 1.5934e+00 1.5881e+00 1.5998e+00 1.5851e+00 1.5481e+00 1.5557e+00 1.6023e+00 1.6970e+00 1.7799e+00 1.7011e+00
-9.9990e+03 -9.9990e+03 -9.9990e+03 -9.9990e+03 -9.9990e+03 -9.9990e+03 -9.9990e+03 -9.9990e+03 -9.9990e+03 -9.9990e+03 -9.9990e+03 -9.9990e+03 -9.9990e+03 -9.9990e+03 -9.9990e+03 -9.9990e+03 -9.9990e+03 -9.9990e+03 -9.9990e+03 -9.9990e+03 -9.9990e+03 -9.9990e+03 -9.9990e+03 -9.9990e+03 -9.9990e+03 -9.9990e+03 -9.9990e+03 -9.9990e+03 -9.9990e+03 1.8125e+00 2.0185e+00 2.2675e+00 2.5072e+00 2.3307e+00 2.0851e+00 1.8680e+00 1.8298e+00 1.7554e+00 1.6683e+00 1.6598e+00 1.6700e+00 1.6669e+00 1.6754e+00 1.6486e+00 1.6037e+00 1.5914e+00 1.5914e+00 1.5979e+00 1.6184e+00 1.6105e+00 1.5544e+00 1.5547e+00 1.6168e+00 1.7478e+00 1.8161e+00 1.6722e+00
-9.9990e+03 -9.9990e+03 -9.9990e+03 -9.9990e+03 -9.9990e+03 -9.9990e+03 -9.9990e+03 -9.9990e+03 -9.9990e+03 -9.9990e+03 -9.9990e+03 -9.9990e+03 -9.9990e+03 -9.9990e+03 -9.9990e+03 -9.9990e+03 -9.9990e+03 -9.9990e+03 -9.9990e+03 -9.9990e+03 -9.9990e+03 -9.9990e+03 -9.9990e+03 -9.9990e+03 -9.9990e+03 -9.9990e+03 -9.9990e+03 -9.9990e+03 -9.9990e+03 -9.9990e+03 -9.9990e+03 -9.9990e+03 2.3148e+00 2.1283e+00 1.9861e+00 1.9362e+00 1.8545e+00 1.7480e+00 1.6904e+00 1.6905e+00 1.7033e+00 1.6682e+00 1.6738e+00 1.6585e+00 1.6040e+00 1.5800e+00 1.5983e+00 1.6358e+00 1.6334e+00 1.5777e+00 1.5612e+00 1.5612e+00 1.6295e+00 1.7622e+00 1.8109e+00 1.6722e+00
