bias_correction/pipeline/V_0_s_2.3_d_200.asc
ncols        88
nrows        90
xllcorner    2777636
yllcorner    1185112
cellsize     25
NODATA_value -9999
[rows 25 to 49 of 90, columns 0 to 55 of 88]
-9.9990e+03 -9.9990e+03 -9.9990e+03 -9.9990e+03 -9.9990e+03 -9.9990e+03 -9.9990e+03 -9.9990e+03 -9.9990e+03 -9.9990e+03 -9.9990e+03 -9.9990e+03 -9.9990e+03 -9.9990e+03 -9.9990e+03 -9.9990e+03 -9.9990e+03 -9.9990e+03 2.6961e+00 2.5072e+00 3.6765e+00 3.6914e+00 3.6914e+00 5.1535e+00 4.9618e+00 4.7915e+00 3.8135e+00 3.6433e+00 3.6755e+00 3.2693e+00 3.7223e+00 4.2841e+00 4.4505e+00 4.6822e+00 4.2452e+00 4.0591e+00 3.3715e+00 2.8814e+00 2.9035e+00 2.9035e+00 2.6340e+00 2.6136e+00 2.4574e+00 2.3868e+00 2.3838e+00 2.4133e+00 2.4773e+00 2.5136e+00 2.5323e+00 2.4596e+00 2.4832e+00 2.5980e+00 2.8210e+00 2.9855e+00 2.9446e+00 2.4629e+00
-9.9990e+03 -9.9990e+03 -9.9990e+03 -9.9990e+03 -9.9990e+03 -9.9990e+03 -9.9990e+03 -9.9990e+03 -9.9990e+03 -9.9990e+03 -9.9990e+03 -9.9990e+03 -9.9990e+03 -9.9990e+03 -9.9990e+03 -9.9990e+03 -9.9990e+03 -9.9990e+03 2.3679e+00 2.1581e+00 2.3991e+00 2.4323e+00 2.7707e+00 4.0895e+00 4.3772e+00 4.7246e+00 4.6900e+00 4.7972e+00 4.7972e+00 3.8968e+00 4.2465e+00 4.5309e+00 4.6647e+00 4.4258e+00 3.8399e+00 3.5072e+00 2.9696e+00 2.7059e+00 2.6264e+00 2.5395e+00 2.5184e+00 2.4800e+00 2.5041e+00 2.3822e+00 2.4002e+00 2.4002e+00 2.4773e+00 2.5338e+00 2.5614e+00 2.5556e+00 2.5913e+00 2.6261e+00 2.9134e+00 3.2394e+00 3.4610e+00 2.8071e+00
-9.9990e+03 -9.9990e+03 -9.9990e+03 -9.9990e+03 -9.9990e+03 -9.9990e+03 -9.9990e+03 -9.9990e+03 -9.9990e+03 -9.9990e+03 -9.9990e+03 -9.9990e+03 -9.9990e+03 -9.9990e+03 -9.9990e+03 -9.9990e+03 -9.9990e+03 -9.9990e+03 2.3884e+00 2.2767e+00 2.1924e+00 2.3622e+00 2.8007e+00 3.3199e+00 3.9021e+00 4.4110e+00 5.0812e+00 5.3021e+00 5.2196e+00 4.8672e+00 4.5793e+00 4.1292e+00 4.0444e+00 3.5774e+00 3.5774e+00 3.2761e+00 2.9175e+00 2.7059e+00 2.5891e+00 2.5679e+00 2.5184e+00 2.5623e+00 2.6185e+00 2.4943e+00 2.4738e+00 2.4404e+00 2.4909e+00 2.5136e+00 2.4693e+00 2.5720e+00 2.5720e+00 2.5285e+00 2.8075e+00 3.1165e+00 3.4399e+00 3.4782e+00
-9.9990e+03 -9.9990e+03 -9.9990e+03 -9.9990e+03 -9.9990e+03 -9.9990e+03 -9.9990e+03 -9.9990e+03 -9.9990e+03 -9.9990e+03 -9.9990e+03 -9.9990e+03 -9.9990e+03 -9.9990e+03 -9.9990e+03 -9.9990e+03 -9.9990e+03 2.6554e+00 2.7351e+00 3.1301e+00 2.8942e+00 3.4839e+00 3.9395e+00 3.4304e+00 3.9625e+00 4.2347e+00 4.7114e+00 4.7243e+00 5.2196e+00 4.8127e+00 4.2135e+00 4.1292e+00 3.6324e+00 3.3113e+00 3.2266e+00 3.0106e+00 2.9029e+00 2.7080e+00 2.6558e+00 2.6558e+00 2.5685e+00 2.5985e+00 2.6557e+00 2.6173e+00 2.5802e+00 2.5018e+00 2.4373e+00 2.4137e+00 2.3356e+00 2.3645e+00 2.2090e+00 2.0768e+00 2.5073e+00 2.7213e+00 3.0749e+00 3.7420e+00
-9.9990e+03 -9.9990e+03 -9.9990e+03 -9.9990e+03 -9.9990e+03 -9.9990e+03 -9.9990e+03 -9.9990e+03 -9.9990e+03 -9.9990e+03 -9.9990e+03 -9.9990e+03 -9.9990e+03 -9.9990e+03 -9.9990e+03 -9.9990e+03 -9.9990e+03 3.2376e+00 3.4337e+00 3.7622e+00 3.6547e+00 4.0250e+00 3.9395e+00 4.0712e+00 3.9287e+00 4.1347e+00 3.8090e+00 3.3841e+00 4.4053e+00 3.9028e+00 3.4678e+00 3.6675e+00 3.3046e+00 3.1128e+00 3.1256e+00 3.0111e+00 2.9235e+00 2.8151e+00 2.7264e+00 2.6340e+00 2.5798e+00 2.5762e+00 2.5473e+00 2.6140e+00 2.5215e+00 2.5215e+00 2.4140e+00 2.3345e+00 2.2579e+00 2.2070e+00 2.0300e+00 1.8657e+00 1.9363e+00 2.0457e+00 2.2337e+00 3.4506e+00
-9.9990e+03 -9.9990e+03 -9.9990e+03 -9.9990e+03 -9.9990e+03 -9.9990e+03 -9.9990e+03 -9.9990e+03 -9.9990e+03 -9.9990e+03 -9.9990e+03 -9.9990e+03 -9.9990e+03 -9.9990e+03 -9.9990e+03 -9.9990e+03 3.8782e+00 3.8782e+00 3.9439e+00 3.7622e+00 3.9552e+00 3.8757e+00 4.0467e+00 3.8004e+00 3.4528e+00 3.5618e+00 3.1953e+00 2.9181e+00 3.0134e+00 2.8494e+00 2.9132e+00 3.0977e+00 3.0524e+00 3.0360e+00 3.0500e+00 3.0043e+00 2.9523e+00 2.8301e+00 2.7229e+00 2.6275e+00 2.5539e+00 2.4970e+00 2.4285e+00 2.5034e+00 2.4284e+00 2.3240e+00 2.2748e+00 2.1830e+00 2.1069e+00 2.0137e+00 1.8584e+00 1.8584e+00 1.7034e+00 1.6965e+00 2.2337e+00 2.5789e+00
-9.9990e+03 -9.9990e+03 -9.9990e+03 -9.9990e+03 -9.9990e+03 -9.9990e+03 -9.9990e+03 -9.9990e+03 -9.9990e+03 -9.9990e+03 -9.9990e+03 -9.9990e+03 -9.9990e+03 -9.9990e+03 -9.9990e+03 -9.9990e+03 3.9730e+00 3.7997e+00 3.5414e+00 3.6983e+00 3.3414e+00 2.9438e+00 3.1938e+00 3.1938e+00 2.8787e+00 3.0955e+00 2.8498e+00 2.7313e+00 2.7423e+00 2.6732e+00 2.7797e+00 2.9912e+00 3.0313e+00 2.9953e+00 3.0119e+00 2.9717e+00 2.9147e+00 2.7822e+00 2.6977e+00 2.6155e+00 2.5455e+00 2.4804e+00 2.4085e+00 2.3524e+00 2.2728e+00 2.2022e+00 2.2118e+00 2.1217e+00 2.1069e+00 2.0245e+00 1.9422e+00 1.7463e+00 1.6925e+00 1.7396e+00 1.9629e+00 2.1787e+00
-9.9990e+03 -9.9990e+03 -9.9990e+03 -9.9990e+03 -9.9990e+03 -9.9990e+03 -9.9990e+03 -9.9990e+03 -9.9990e+03 -9.9990e+03 -9.9990e+03 -9.9990e+03 -9.9990e+03 -9.9990e+03 -9.9990e+03 -9.9990e+03 3.5609e+00 3.3097e+00 3.0603e+00 3.1894e+00 2.9245e+00 2.6777e+00 2.6338e+00 2.4515e+00 2.3672e+00 2.5504e+00 2.5375e+00 2.5152e+00 2.5991e+00 2.5991e+00 2.6172e+00 2.8954e+00 2.9330e+00 2.8951e+00 2.9361e+00 2.8659e+00 2.8136e+00 2.8368e+00 2.7509e+00 2.6155e+00 2.5448e+00 2.4520e+00 2.3060e+00 2.2030e+00 2.1381e+00 2.2022e+00 2.1445e+00 2.0855e+00 2.0519e+00 1.9911e+00 1.9405e+00 1.8824e+00 1.8637e+00 1.8949e+00 1.8574e+00 1.9940e+00
-9.9990e+03 -9.9990e+03 -9.9990e+03 -9.9990e+03 -9.9990e+03 -9.9990e+03 -9.9990e+03 -9.9990e+03 -9.9990e+03 -9.9990e+03 -9.9990e+03 -9.9990e+03 -9.9990e+03 -9.9990e+03 -9.9990e+03 2.5993e+00 2.8267e+00 2.6717e+00 2.6717e+00 2.8647e+00 2.7300e+00 2.6293e+00 2.5249e+00 2.4083e+00 2.3195e+00 2.3244e+00 2.3515e+00 2.3614e+00 2.4536e+00 2.4183e+00 2.5013e+00 2.7646e+00 2.7539e+00 2.8123e+00 2.8123e+00 2.7226e+00 2.8136e+00 2.7558e+00 2.6949e+00 2.6611e+00 2.5576e+00 2.4392e+00 2.3342e+00 2.2250e+00 2.1672e+00 2.1142e+00 2.0880e+00 2.0296e+00 1.9511e+00 1.8788e+00 1.8334e+00 1.9144e+00 1.8933e+00 1.8958e+00 1.9272e+00 1.9857e+00
-9.9990e+03 -9.9990e+03 -9.9990e+03 -9.9990e+03 -9.9990e+03 -9.9990e+03 -9.9990e+03 -9.9990e+03 -9.9990e+03 -9.9990e+03 -9.9990e+03 -9.9990e+03 -9.9990e+03 -9.9990e+03 -9.9990e+03 2.3170e+00 2.4399e+00 2.3878e+00 2.3520e+00 2.5324e+00 2.5054e+00 2.4339e+00 2.4379e+00 2.3435e+00 2.3435e+00 2.2750e+00 2.2840e+00 2.3614e+00 2.3048e+00 2.2454e+00 2.5013e+00 2.6099e+00 2.6146e+00 2.6641e+00 2.5650e+00 2.4654e+00 2.5774e+00 2.5283e+00 2.4799e+00 2.5197e+00 2.5197e+00 2.4123e+00 2.3144e+00 2.2274e+00 2.1983e+00 2.1516e+00 2.1487e+00 2.1095e+00 1.9479e+00 1.8540e+00 1.7864e+00 1.7943e+00 1.7669e+00 1.7488e+00 1.9060e+00 1.9750e+00
-9.9990e+03 -9.9990e+03 -9.9990e+03 -9.9990e+03 -9.9990e+03 -9.9990e+03 -9.9990e+03 -9.9990e+03 -9.9990e+03 -9.9990e+03 -9.9990e+03 -9.9990e+03 -9.9990e+03 -9.9990e+03 -9.9990e+03 2.1375e+00 2.1721e+00 2.1491e+00 2.3520e+00 2.3165e+00 2.2968e+00 2.4339e+00 2.3436e+00 2.2789e+00 2.2870e+00 2.2487e+00 2.1871e+00 2.1850e+00 2.1186e+00 2.1186e+00 2.2838e+00 2.4245e+00 2.4818e+00 2.5450e+00 2.4552e+00 2.3606e+00 2.3911e+00 2.3426e+00 2.2997e+00 2.4180e+00 2.3419e+00 2.2628e+00 2.2391e+00 2.2252e+00 2.2479e+00 2.2264e+00 2.2264e+00 2.2177e+00 2.0413e+00 1.9450e+00 1.8644e+00 1.7268e+00 1.6880e+00 1.6532e+00 1.7477e+00 1.7921e+00
-9.9990e+03 -9.9990e+03 -9.9990e+03 -9.9990e+03 -9.9990e+03 -9.9990e+03 -9.9990e+03 -9.9990e+03 -9.9990e+03 -9.9990e+03 -9.9990e+03 -9.9990e+03 -9.9990e+03 -9.9990e+03 1.9528e+00 2.0039e+00 1.9682e+00 1.9383e+00 2.1164e+00 2.0612e+00 2.0021e+00 2.1836e+00 2.0699e+00 2.0325e+00 2.2646e+00 2.2420e+00 2.1900e+00 2.0855e+00 2.0022e+00 1.9687e+00 2.2764e+00 2.4092e+00 2.4301e+00 2.4160e+00 2.3252e+00 2.3252e+00 2.2774e+00 2.2192e+00 2.1647e+00 2.2558e+00 2.2068e+00 2.1687e+00 2.2142e+00 2.2068e+00 2.2168e+00 2.2666e+00 2.2645e+00 2.2376e+00 2.1070e+00 2.0299e+00 1.7912e+00 1.7912e+00 1.7400e+00 1.6532e+00 1.6509e+00 1.6752e+00
-9.9990e+03 -9.9990e+03 -9.9990e+03 -9.9990e+03 -9.9990e+03 -9.9990e+03 -9.9990e+03 -9.9990e+03 -9.9990e+03 -9.9990e+03 -9.9990e+03 -9.9990e+03 -9.9990e+03 -9.9990e+03 1.7510e+00 1.8384e+00 1.8274e+00 1.8287e+00 1.8575e+00 1.7895e+00 1.6875e+00 1.7488e+00 1.7240e+00 1.7885e+00 2.0754e+00 2.0871e+00 2.0858e+00 2.1095e+00 2.0312e+00 1.9759e+00 2.0461e+00 2.2473e+00 2.3183e+00 2.3894e+00 2.2835e+00 2.1978e+00 2.1606e+00 2.0965e+00 2.0589e+00 2.0943e+00 2.1037e+00 2.1037e+00 2.1565e+00 2.1663e+00 2.2168e+00 2.2168e+00 2.1972e+00 2.2376e+00 2.1932e+00 2.1452e+00 1.9499e+00 1.8794e+00 1.8176e+00 1.6688e+00 1.6700e+00 1.7247e+00
-9.9990e+03 -9.9990e+03 -9.9990e+03 -9.9990e+03 -9.9990e+03 -9.9990e+03 -9.9990e+03 -9.9990e+03 -9.9990e+03 -9.9990e+03 -9.9990e+03 -9.9990e+03 -9.9990e+03 -9.9990e+03 1.4866e+00 1.6614e+00 1.6729e+00 1.6884e+00 1.7977e+00 1.7549e+00 1.7161e+00 1.6219e+00 1.6315e+00 1.7018e+00 1.8609e+00 1.9169e+00 1.9165e+00 2.0089e+00 1.9903e+00 1.9746e+00 1.9625e+00 2.1094e+00 2.2899e+00 2.3060e+00 2.2143e+00 2.1539e+00 2.1236e+00 2.0670e+00 2.0589e+00 2.0596e+00 2.1285e+00 2.1393e+00 2.1793e+00 2.1841e+00 2.1541e+00 2.1155e+00 2.1155e+00 2.1692e+00 2.1469e+00 2.1404e+00 2.0883e+00 2.0260e+00 1.9682e+00 1.7844e+00 1.7847e+00 1.8253e+00
-9.9990e+03 -9.9990e+03 -9.9990e+03 -9.9990e+03 -9.9990e+03 -9.9990e+03 -9.9990e+03 -9.9990e+03 -9.9990e+03 -9.9990e+03 -9.9990e+03 -9.9990e+03 -9.9990e+03 1.2489e+00 1.1554e+00 1.4333e+00 1.4379e+00 1.3973e+00 1.6652e+00 1.6652e+00 1.6762e+00 1.7140e+00 1.7328e+00 1.7748e+00 1.7734e+00 1.8363e+00 1.8301e+00 1.9069e+00 1.9075e+00 1.9746e+00 2.1063e+00 2.3314e+00 2.3355e+00 2.2534e+00 2.1552e+00 2.1539e+00 2.1021e+00 2.0697e+00 2.0329e+00 2.0596e+00 2.1713e+00 2.2170e+00 2.2752e+00 2.2714e+00 2.1576e+00 2.1096e+00 2.0566e+00 2.0495e+00 2.0581e+00 2.0840e+00 2.1069e+00 2.0751e+00 2.0751e+00 1.9439e+00 1.9536e+00 1.9862e+00
-9.9990e+03 -9.9990e+03 -9.9990e+03 -9.9990e+03 -9.9990e+03 -9.9990e+03 -9.9990e+03 -9.9990e+03 -9.9990e+03 -9.9990e+03 -9.9990e+03 -9.9990e+03 -9.9990e+03 1.0541e+00 9.3331e-01 1.1922e+00 1.1823e+00 1.1474e+00 1.4386e+00 1.4521e+00 1.5044e+00 1.7528e+00 1.7716e+00 1.7812e+00 1.7812e+00 1.7781e+00 1.8301e+00 1.7956e+00 1.7510e+00 1.9348e+00 2.0184e+00 2.2469e+00 2.4776e+00 2.4451e+00 2.2916e+00 2.0812e+00 2.0585e+00 2.0626e+00 2.0813e+00 2.1721e+00 2.2436e+00 2.2814e+00 2.3337e+00 2.3165e+00 2.2183e+00 2.1554e+00 2.1016e+00 2.0224e+00 2.0202e+00 2.0472e+00 2.1178e+00 2.1362e+00 2.1423e+00 2.0789e+00 2.0990e+00 2.1125e+00
-9.9990e+03 -9.9990e+03 -9.9990e+03 -9.9990e+03 -9.9990e+03 -9.9990e+03 -9.9990e+03 -9.9990e+03 -9.9990e+03 -9.9990e+03 -9.9990e+03 -9.9990e+03 -9.9990e+03 9.0583e-01 9.0583e-01 9.3857e-01 9.5336e-01 1.1474e+00 1.1657e+00 1.1403e+00 1.5044e+00 1.5289e+00 1.4834e+00 1.7184e+00 1.6022e+00 1.4812e+00 1.6665e+00 1.6071e+00 1.6055e+00 1.8050e+00 1.8050e+00 1.9408e+00 2.4570e+00 2.5181e+00 2.4740e+00 2.1425e+00 2.0990e+00 2.1178e+00 2.1006e+00 2.1432e+00 2.1480e+00 2.2580e+00 2.2244e+00 2.1703e+00 2.1919e+00 2.1505e+00 2.1278e+00 2.0741e+00 2.0607e+00 2.0570e+00 2.0869e+00 2.1255e+00 2.1422e+00 2.1438e+00 2.1394e+00 2.1125e+00
-9.9990e+03 -9.9990e+03 -9.9990e+03 -9.9990e+03 -9.9990e+03 -9.9990e+03 -9.9990e+03 -9.9990e+03 -9.9990e+03 -9.9990e+03 -9.9990e+03 -9.9990e+03 -9.9990e+03 9.3081e-01 9.1052e-01 8.6550e-01 7.7328e-01 9.0201e-01 8.4188e-01 8.4188e-01 1.0876e+00 1.0059e+00 9.4137e-01 1.3785e+00 1.2250e+00 1.0928e+00 1.3895e+00 1.3636e+00 1.4107e+00 1.5918e+00 1.6750e+00 1.8123e+00 2.3637e+00 2.5083e+00 2.5392e+00 2.2911e+00 2.2911e+00 2.2564e+00 2.1546e+00 2.1581e+00 2.1160e+00 2.0997e+00 2.0406e+00 1.9941e+00 2.1341e+00 2.1193e+00 2.1278e+00 2.1030e+00 2.0699e+00 2.0561e+00 2.0725e+00 2.0882e+00 2.1422e+00 2.1430e+00 2.1307e+00 2.1359e+00
-9.9990e+03 -9.9990e+03 -9.9990e+03 -9.9990e+03 -9.9990e+03 -9.9990e+03 -9.9990e+03 -9.9990e+03 -9.9990e+03 -9.9990e+03 -9.9990e+03 -9.9990e+03 -9.9990e+03 8.8083e-01 9.0258e-01 8.4539e-01 7.0811e-01 7.0688e-01 6.5519e-01 6.3990e-01 6.5296e-01 5.9925e-01 6.5655e-01 8.0632e-01 8.0133e-01 8.0133e-01 1.0209e+00 1.0679e+00 1.2053e+00 1.4302e+00 1.4843e+00 1.5813e+00 1.9696e+00 2.1587e+00 2.2870e+00 2.4937e+00 2.4150e+00 2.3505e+00 2.2377e+00 2.1725e+00 2.0288e+00 2.0288e+00 1.9495e+00 1.9941e+00 1.9874e+00 2.0105e+00 2.1063e+00 2.0818e+00 2.0528e+00 2.0391e+00 2.0320e+00 2.0476e+00 2.0997e+00 2.1074e+00 2.1178e+00 2.1389e+00
-9.9990e+03 -9.9990e+03 -9.9990e+03 -9.9990e+03 -9.9990e+03 -9.9990e+03 -9.9990e+03 -9.9990e+03 -9.9990e+03 -9.9990e+03 -9.9990e+03 -9.9990e+03 -9.9990e+03 6.6723e-01 7.9099e-01 7.1408e-01 5.7742e-01 6.3348e-01 6.2102e-01 6.6808e-01 6.3585e-01 7.0499e-01 8.9990e-01 7.4616e-01 9.6479e-01 1.2280e+00 1.0664e+00 1.2604e+00 1.4094e+00 1.3527e+00 1.4280e+00 1.4280e+00 1.6451e+00 1.7120e+00 2.2870e+00 2.3129e+00 2.2714e+00 2.3505e+00 2.2903e+00 2.2167e+00 2.0756e+00 1.9977e+00 1.9607e+00 1.9092e+00 1.9560e+00 2.0016e+00 2.0377e+00 2.0377e+00 2.0408e+00 2.0330e+00 2.0339e+00 2.0544e+00 2.0686e+00 2.0892e+00 2.1011e+00 2.1310e+00
-9.9990e+03 -9.9990e+03 -9.9990e+03 -9.9990e+03 -9.9990e+03 -9.9990e+03 -9.9990e+03 -9.9990e+03 -9.9990e+03 -9.9990e+03 -9.9990e+03 -9.9990e+03 -9.9990e+03 8.2155e-01 5.8574e-01 5.4458e-01 6.2227e-01 5.9968e-01 8.2293e-01 1.1595e+00 8.3417e-01 1.0788e+00 1.4565e+00 1.2015e+00 1.5435e+00 1.2280e+00 1.4450e+00 1.6347e+00 1.4094e+00 1.4305e+00 1.4528e+00 1.4581e+00 1.4795e+00 1.5456e+00 1.8849e+00 1.9306e+00 1.9306e+00 2.2161e+00 2.1658e+00 2.1219e+00 2.1415e+00 2.0925e+00 2.0764e+00 1.9743e+00 2.0195e+00 2.0572e+00 2.0358e+00 2.0614e+00 2.0737e+00 2.0583e+00 2.0729e+00 2.0796e+00 2.0912e+00 2.0912e+00 2.0925e+00 2.1050e+00
-9.9990e+03 -9.9990e+03 -9.9990e+03 -9.9990e+03 -9.9990e+03 -9.9990e+03 -9.9990e+03 -9.9990e+03 -9.9990e+03 -9.9990e+03 -9.9990e+03 -9.9990e+03 -9.9990e+03 1.1732e+00 8.5134e-01 9.6355e-01 1.1620e+00 8.4466e-01 1.1631e+00 1.1595e+00 1.5512e+00 1.9512e+00 1.8679e+00 2.2185e+00 2.3410e+00 1.7888e+00 1.9375e+00 1.9542e+00 1.7097e+00 1.6402e+00 1.5434e+00 1.4448e+00 1.4636e+00 1.5395e+00 1.6329e+00 1.6976e+00 1.7402e+00 1.9457e+00 1.9464e+00 1.9706e+00 2.1050e+00 2.0972e+00 2.0972e+00 2.0799e+00 2.0892e+00 2.0866e+00 2.0744e+00 2.0840e+00 2.0755e+00 2.0779e+00 2.0711e+00 2.0544e+00 2.0743e+00 2.0621e+00 2.0376e+00 2.0521e+00
-9.9990e+03 -9.9990e+03 -9.9990e+03 -9.9990e+03 -9.9990e+03 -9.9990e+03 -9.9990e+03 -9.9990e+03 -9.9990e+03 -9.9990e+03 -9.9990e+03 -9.9990e+03 -9.9990e+03 1.4721e+00 1.4721e+00 1.6848e+00 1.1620e+00 1.3684e+00 1.5718e+00 1.5024e+00 1.8623e+00 2.0905e+00 2.2473e+00 2.3306e+00 2.1456e+00 2.2166e+00 1.9664e+00 1.7376e+00 1.7089e+00 1.5740e+00 1.5787e+00 1.5021e+00 1.5425e+00 1.6478e+00 1.6322e+00 1.6898e+00 1.7100e+00 1.7557e+00 1.7774e+00 1.8128e+00 2.0013e+00 1.9967e+00 1.9533e+00 2.0250e+00 1.9903e+00 1.9784e+00 2.0642e+00 2.0469e+00 2.0469e+00 2.0580e+00 2.0295e+00 2.0544e+00 2.0331e+00 2.0180e+00 2.0376e+00 2.0087e+00
-9.9990e+03 -9.9990e+03 -9.9990e+03 -9.9990e+03 -9.9990e+03 -9.9990e+03 -9.9990e+03 -9.9990e+03 -9.9990e+03 -9.9990e+03 -9.9990e+03 -9.9990e+03 -9.9990e+03 1.9155e+00 2.1650e+00 2.3170e+00 1.9833e+00 2.0513e+00 2.0678e+00 1.9380e+00 1.9380e+00 1.9972e+00 2.1329e+00 1.9928e+00 1.7733e+00 1.8538e+00 1.6053e+00 1.4668e+00 1.5810e+00 1.5353e+00 1.6092e+00 1.6791e+00 1.8186e+00 1.9059e+00 1.7889e+00 1.7901e+00 1.7873e+00 1.7139e+00 1.7331e+00 1.7607e+00 1.8515e+00 1.8619e+00 1.8467e+00 1.9016e+00 1.8652e+00 1.9784e+00 1.9881e+00 1.9982e+00 2.0196e+00 1.9796e+00 1.9382e+00 1.9699e+00 1.9590e+00 1.9590e+00 2.0004e+00 1.9774e+00
-9.9990e+03 -9.9990e+03 -9.9990e+03 -9.9990e+03 -9.9990e+03 -9.9990e+03 -9.9990e+03 -9.9990e+03 -9.9990e+03 -9.9990e+03 -9.9990e+03 -9.9990e+03 -9.9990e+03 2.2492e+00 2.3361e+00 2.3345e+00 2.3645e+00 2.3413e+00 2.3113e+00 2.0537e+00 1.9842e+00 1.8901e+00 1.7959e+00 1.6755e+00 1.5936e+00 1.4588e+00 1.4588e+00 1.4046e+00 1.4183e+00 1.4583e+00 1.5682e+00 1.7656e+00 1.9051e+00 1.9855e+00 1.9289e+00 1.9238e+00 1.7873e+00 1.7915e+00 1.7966e+00 1.7874e+00 1.8001e+00 1.8048e+00 1.8467e+00 1.8197e+00 1.7972e+00 1.8677e+00 1.8924e+00 1.9195e+00 1.9891e+00 1.9596e+00 1.9212e+00 1.9039e+00 1.8866e+00 1.8655e+00 1.9236e+00 1.8818e+00
