bias_correction/pipeline/V_0_s_2.3_d_200.asc
ncols        88
nrows        90
xllcorner    2777636
yllcorner    1185112
cellsize     25
NODATA_value -9999
[rows 50 to 74 of 90, columns 0 to 55 of 88]
-9.9990e+03 -9.9990e+03 -9.9990e+03 -9.9990e+03 -9.9990e+03 -9.9990e+03 -9.9990e+03 -9.9990e+03 -9.9990e+03 -9.9990e+03 -9.9990e+03 -9.9990e+03 -9.9990e+03 2.4522e+00 2.3645e+00 2.3645e+00 2.3362e+00 2.3582e+00 2.4073e+00 2.2601e+00 2.1865e+00 2.0953e+00 1.8144e+00 1.7819e+00 1.7709e+00 1.5560e+00 1.5323e+00 1.5002e+00 1.4371e+00 1.5033e+00 1.7047e+00 1.7047e+00 1.8123e+00 1.9855e+00 2.0055e+00 2.0008e+00 1.9156e+00 1.8958e+00 1.8556e+00 1.8037e+00 1.8068e+00 1.8131e+00 1.8026e+00 1.7887e+00 1.7554e+00 1.7822e+00 1.7760e+00 1.7691e+00 1.9277e+00 1.9247e+00 1.9088e+00 1.8808e+00 1.8483e+00 1.8103e+00 1.8362e+00 1.7950e+00
-9.9990e+03 -9.9990e+03 -9.9990e+03 -9.9990e+03 -9.9990e+03 -9.9990e+03 -9.9990e+03 -9.9990e+03 -9.9990e+03 -9.9990e+03 -9.9990e+03 -9.9990e+03 -9.9990e+03 2.3475e+00 2.2604e+00 2.2083e+00 2.3324e+00 2.3805e+00 2.3877e+00 2.3911e+00 2.3911e+00 2.3037e+00 2.0230e+00 1.9884e+00 1.7709e+00 1.7673e+00 1.7313e+00 1.5002e+00 1.4984e+00 1.5246e+00 1.5789e+00 1.6624e+00 1.7430e+00 1.9330e+00 1.9706e+00 1.9770e+00 1.9449e+00 1.9449e+00 1.8598e+00 1.8172e+00 1.7890e+00 1.7773e+00 1.8116e+00 1.7927e+00 1.7398e+00 1.7094e+00 1.6585e+00 1.6304e+00 1.7776e+00 1.7939e+00 1.7949e+00 1.8409e+00 1.7863e+00 1.7180e+00 1.7698e+00 1.7245e+00
-9.9990e+03 -9.9990e+03 -9.9990e+03 -9.9990e+03 -9.9990e+03 -9.9990e+03 -9.9990e+03 -9.9990e+03 -9.9990e+03 -9.9990e+03 -9.9990e+03 -9.9990e+03 -9.9990e+03 2.1185e+00 2.0848e+00 2.2083e+00 2.2237e+00 2.2747e+00 2.3877e+00 2.3456e+00 2.2496e+00 2.1975e+00 2.1047e+00 2.0205e+00 1.9225e+00 1.8659e+00 1.8659e+00 1.6863e+00 1.6700e+00 1.6935e+00 1.5764e+00 1.6520e+00 1.7366e+00 1.8209e+00 1.8997e+00 1.9239e+00 1.9375e+00 1.8486e+00 1.7633e+00 1.7224e+00 1.6956e+00 1.6837e+00 1.7537e+00 1.7537e+00 1.7170e+00 1.6754e+00 1.6178e+00 1.5990e+00 1.6377e+00 1.6733e+00 1.7001e+00 1.7693e+00 1.7115e+00 1.7180e+00 1.6437e+00 1.5735e+00
-9.9990e+03 -9.9990e+03 -9.9990e+03 -9.9990e+03 -9.9990e+03 -9.9990e+03 -9.9990e+03 -9.9990e+03 -9.9990e+03 -9.9990e+03 -9.9990e+03 -9.9990e+03 -9.9990e+03 2.0712e+00 2.2808e+00 2.1257e+00 2.2171e+00 2.2927e+00 2.2740e+00 2.2099e+00 2.1184e+00 2.1300e+00 2.0291e+00 1.9619e+00 1.9595e+00 1.9147e+00 1.9197e+00 1.8283e+00 1.8734e+00 1.9244e+00 1.8001e+00 1.8930e+00 1.8930e+00 1.8300e+00 1.9113e+00 1.9425e+00 1.9113e+00 1.8721e+00 1.8280e+00 1.7036e+00 1.6628e+00 1.6321e+00 1.6733e+00 1.6640e+00 1.6614e+00 1.6495e+00 1.6468e+00 1.6083e+00 1.6083e+00 1.6404e+00 1.7001e+00 1.6975e+00 1.6573e+00 1.6267e+00 1.5341e+00 1.4563e+00
-9.9990e+03 -9.9990e+03 -9.9990e+03 -9.9990e+03 -9.9990e+03 -9.9990e+03 -9.9990e+03 -9.9990e+03 -9.9990e+03 -9.9990e+03 -9.9990e+03 -9.9990e+03 -9.9990e+03 2.1637e+00 2.4350e+00 2.4241e+00 2.4615e+00 2.3521e+00 2.1849e+00 2.0935e+00 1.9979e+00 2.0131e+00 1.9333e+00 1.9014e+00 1.9496e+00 1.9866e+00 2.0484e+00 1.9598e+00 2.0232e+00 2.1034e+00 2.0000e+00 2.0936e+00 2.1624e+00 2.0459e+00 2.0807e+00 2.1021e+00 1.9690e+00 1.9615e+00 1.9615e+00 1.7831e+00 1.7335e+00 1.6321e+00 1.6064e+00 1.6081e+00 1.6614e+00 1.6694e+00 1.6707e+00 1.6555e+00 1.6688e+00 1.6815e+00 1.6692e+00 1.6434e+00 1.5962e+00 1.4948e+00 1.4948e+00 1.4358e+00
-9.9990e+03 -9.9990e+03 -9.9990e+03 -9.9990e+03 -9.9990e+03 -9.9990e+03 -9.9990e+03 -9.9990e+03 -9.9990e+03 -9.9990e+03 -9.9990e+03 -9.9990e+03 -9.9990e+03 2.1830e+00 2.3835e+00 2.5630e+00 2.4927e+00 2.3291e+00 2.2154e+00 2.1078e+00 2.0346e+00 1.9283e+00 1.9055e+00 1.9727e+00 2.0579e+00 2.1995e+00 2.3538e+00 2.1313e+00 2.2267e+00 2.3487e+00 2.2020e+00 2.3045e+00 2.3555e+00 2.1980e+00 2.2112e+00 2.1021e+00 2.1145e+00 2.0762e+00 1.9124e+00 1.8377e+00 1.7839e+00 1.6675e+00 1.6883e+00 1.6883e+00 1.6429e+00 1.6860e+00 1.7057e+00 1.6659e+00 1.6657e+00 1.6786e+00 1.6888e+00 1.6898e+00 1.6872e+00 1.5619e+00 1.5500e+00 1.5677e+00
-9.9990e+03 -9.9990e+03 -9.9990e+03 -9.9990e+03 -9.9990e+03 -9.9990e+03 -9.9990e+03 -9.9990e+03 -9.9990e+03 -9.9990e+03 -9.9990e+03 -9.9990e+03 -9.9990e+03 2.1118e+00 2.1132e+00 2.3020e+00 2.3020e+00 2.1994e+00 2.1800e+00 2.0895e+00 2.0678e+00 2.0152e+00 2.0495e+00 2.1791e+00 2.1470e+00 2.3907e+00 2.3538e+00 2.5015e+00 2.6169e+00 2.4578e+00 2.5187e+00 2.5253e+00 2.3555e+00 2.3548e+00 2.3367e+00 2.2125e+00 2.1893e+00 2.1134e+00 1.9751e+00 1.8708e+00 1.8170e+00 1.7933e+00 1.8408e+00 1.8787e+00 1.7796e+00 1.8046e+00 1.8212e+00 1.7074e+00 1.7216e+00 1.7216e+00 1.7023e+00 1.7374e+00 1.7850e+00 1.6849e+00 1.6859e+00 1.6936e+00
-9.9990e+03 -9.9990e+03 -9.9990e+03 -9.9990e+03 -9.9990e+03 -9.9990e+03 -9.9990e+03 -9.9990e+03 -9.9990e+03 -9.9990e+03 -9.9990e+03 -9.9990e+03 -9.9990e+03 2.0907e+00 2.1508e+00 2.1135e+00 2.1323e+00 2.1795e+00 2.0979e+00 2.1356e+00 2.1415e+00 2.1415e+00 2.2961e+00 2.1791e+00 2.3964e+00 2.6475e+00 2.6152e+00 2.7656e+00 2.7880e+00 2.6429e+00 2.6091e+00 2.5533e+00 2.4931e+00 2.4580e+00 2.4405e+00 2.2882e+00 2.2279e+00 2.1560e+00 2.0003e+00 1.9080e+00 1.8724e+00 1.8439e+00 1.8959e+00 1.9157e+00 1.8807e+00 1.8745e+00 1.8849e+00 1.8409e+00 1.8494e+00 1.8505e+00 1.8233e+00 1.9149e+00 1.9950e+00 1.8303e+00 1.8191e+00 1.8191e+00
-9.9990e+03 -9.9990e+03 -9.9990e+03 -9.9990e+03 -9.9990e+03 -9.9990e+03 -9.9990e+03 -9.9990e+03 -9.9990e+03 -9.9990e+03 -9.9990e+03 -9.9990e+03 -9.9990e+03 2.4050e+00 2.1508e+00 2.2271e+00 2.3285e+00 2.1795e+00 2.2475e+00 2.3594e+00 2.2955e+00 2.5300e+00 2.7705e+00 2.7211e+00 2.8736e+00 2.8528e+00 2.8569e+00 2.8569e+00 2.7298e+00 2.6814e+00 2.5427e+00 2.4417e+00 2.5123e+00 2.4753e+00 2.4616e+00 2.4217e+00 2.4144e+00 2.4274e+00 2.1200e+00 2.1140e+00 2.1192e+00 1.9217e+00 1.9269e+00 1.9313e+00 1.9014e+00 1.8991e+00 1.9115e+00 1.9075e+00 1.9054e+00 1.8789e+00 1.8689e+00 1.9219e+00 1.9950e+00 2.0326e+00 2.0186e+00 1.8107e+00
-9.9990e+03 -9.9990e+03 -9.9990e+03 -9.9990e+03 -9.9990e+03 -9.9990e+03 -9.9990e+03 -9.9990e+03 -9.9990e+03 -9.9990e+03 -9.9990e+03 -9.9990e+03 -9.9990e+03 2.5985e+00 2.5162e+00 2.6200e+00 2.6200e+00 2.4494e+00 2.5826e+00 2.7298e+00 2.5541e+00 2.7738e+00 2.9445e+00 2.9265e+00 2.9151e+00 2.7200e+00 2.6679e+00 2.4762e+00 2.3314e+00 2.3695e+00 2.2944e+00 2.2691e+00 2.3557e+00 2.3557e+00 2.3493e+00 2.4660e+00 2.5091e+00 2.5819e+00 2.4653e+00 2.4749e+00 2.4578e+00 2.1030e+00 2.0887e+00 1.9313e+00 1.9596e+00 1.9849e+00 1.9282e+00 1.9127e+00 1.8690e+00 1.8789e+00 1.8437e+00 1.8312e+00 1.9915e+00 2.0562e+00 2.0816e+00 1.9709e+00
-9.9990e+03 -9.9990e+03 -9.9990e+03 -9.9990e+03 -9.9990e+03 -9.9990e+03 -9.9990e+03 -9.9990e+03 -9.9990e+03 -9.9990e+03 -9.9990e+03 -9.9990e+03 -9.9990e+03 2.4963e+00 2.6331e+00 2.7191e+00 2.8375e+00 2.8910e+00 2.9925e+00 3.0666e+00 3.0285e+00 3.0673e+00 3.0673e+00 2.9848e+00 2.8527e+00 2.6329e+00 2.4756e+00 2.3196e+00 2.2633e+00 2.2692e+00 2.2877e+00 2.3261e+00 2.2614e+00 2.2851e+00 2.3598e+00 2.4407e+00 2.5563e+00 2.6780e+00 2.6780e+00 2.7316e+00 2.4578e+00 2.3956e+00 2.3546e+00 2.0885e+00 2.1080e+00 2.1036e+00 1.9785e+00 1.9289e+00 1.8551e+00 1.8086e+00 1.7655e+00 1.7583e+00 1.8994e+00 1.9486e+00 1.9725e+00 2.0497e+00
-9.9990e+03 -9.9990e+03 -9.9990e+03 -9.9990e+03 -9.9990e+03 -9.9990e+03 -9.9990e+03 -9.9990e+03 -9.9990e+03 -9.9990e+03 -9.9990e+03 -9.9990e+03 -9.9990e+03 2.4342e+00 2.5714e+00 2.6590e+00 2.7411e+00 2.9430e+00 3.0054e+00 3.0174e+00 3.0716e+00 2.9781e+00 2.7975e+00 2.7726e+00 2.5753e+00 2.4181e+00 2.3100e+00 2.3100e+00 2.2985e+00 2.3025e+00 2.3938e+00 2.3261e+00 2.3649e+00 2.4260e+00 2.3598e+00 2.4740e+00 2.6274e+00 2.7078e+00 2.8663e+00 3.0327e+00 2.6994e+00 2.6784e+00 2.6649e+00 2.3137e+00 2.3137e+00 2.2790e+00 2.0604e+00 1.9948e+00 1.9448e+00 1.7865e+00 1.7418e+00 1.7271e+00 1.7810e+00 1.8227e+00 1.8643e+00 1.9758e+00
-9.9990e+03 -9.9990e+03 -9.9990e+03 -9.9990e+03 -9.9990e+03 -9.9990e+03 -9.9990e+03 -9.9990e+03 -9.9990e+03 -9.9990e+03 -9.9990e+03 -9.9990e+03 -9.9990e+03 2.4756e+00 2.5717e+00 2.6088e+00 2.6502e+00 2.8063e+00 2.8495e+00 2.8549e+00 2.9407e+00 2.7916e+00 2.7975e+00 2.6202e+00 2.4811e+00 2.4181e+00 2.3364e+00 2.3270e+00 2.3661e+00 2.4480e+00 2.5131e+00 2.5468e+00 2.6293e+00 2.6293e+00 2.5388e+00 2.6802e+00 2.8767e+00 2.8194e+00 3.0518e+00 3.3230e+00 3.1580e+00 3.2289e+00 3.2722e+00 2.6369e+00 2.6113e+00 2.6438e+00 2.2475e+00 2.2735e+00 2.3346e+00 1.9370e+00 1.9370e+00 1.9519e+00 1.7356e+00 1.7821e+00 1.8745e+00 1.9186e+00
-9.9990e+03 -9.9990e+03 -9.9990e+03 -9.9990e+03 -9.9990e+03 -9.9990e+03 -9.9990e+03 -9.9990e+03 -9.9990e+03 -9.9990e+03 -9.9990e+03 -9.9990e+03 -9.9990e+03 2.6393e+00 2.4997e+00 2.5169e+00 2.6502e+00 2.6967e+00 2.7104e+00 2.7640e+00 2.6209e+00 2.4664e+00 2.6083e+00 2.4593e+00 2.3748e+00 2.3903e+00 2.3558e+00 2.3522e+00 2.3684e+00 2.4237e+00 2.5012e+00 2.6094e+00 2.7538e+00 2.9642e+00 2.9521e+00 3.1706e+00 3.3697e+00 3.3242e+00 3.5440e+00 3.5440e+00 3.5639e+00 3.7155e+00 3.8281e+00 3.2908e+00 3.3393e+00 3.4573e+00 2.7297e+00 2.8778e+00 3.0736e+00 2.4200e+00 2.5216e+00 2.6597e+00 2.0688e+00 2.2435e+00 2.0167e+00 2.0167e+00
-9.9990e+03 -9.9990e+03 -9.9990e+03 -9.9990e+03 -9.9990e+03 -9.9990e+03 -9.9990e+03 -9.9990e+03 -9.9990e+03 -9.9990e+03 -9.9990e+03 -9.9990e+03 -9.9990e+03 2.6393e+00 2.6274e+00 2.6279e+00 2.5684e+00 2.6232e+00 2.6196e+00 2.6556e+00 2.5480e+00 2.4336e+00 2.3597e+00 2.2978e+00 2.2846e+00 2.3473e+00 2.3640e+00 2.3932e+00 2.3768e+00 2.4350e+00 2.5336e+00 2.6597e+00 2.8870e+00 3.1821e+00 3.2143e+00 3.4483e+00 3.6088e+00 3.5308e+00 3.5700e+00 3.4978e+00 3.8307e+00 3.9112e+00 3.9564e+00 4.0286e+00 4.0286e+00 4.1636e+00 3.6151e+00 3.8019e+00 3.0736e+00 3.3033e+00 3.5271e+00 2.6597e+00 2.8692e+00 3.1342e+00 2.4765e+00 2.7472e+00
-9.9990e+03 -9.9990e+03 -9.9990e+03 -9.9990e+03 -9.9990e+03 -9.9990e+03 -9.9990e+03 -9.9990e+03 -9.9990e+03 -9.9990e+03 -9.9990e+03 -9.9990e+03 -9.9990e+03 2.7558e+00 2.6940e+00 2.6468e+00 2.6527e+00 2.6527e+00 2.5789e+00 2.5495e+00 2.4375e+00 2.3262e+00 2.3389e+00 2.2853e+00 2.2764e+00 2.2895e+00 2.3166e+00 2.3791e+00 2.4632e+00 2.5801e+00 2.7628e+00 3.0098e+00 3.3080e+00 3.5171e+00 3.4927e+00 3.6943e+00 3.7016e+00 3.6391e+00 3.4329e+00 3.1450e+00 3.3330e+00 3.1909e+00 3.9564e+00 3.9631e+00 3.9955e+00 4.2915e+00 4.3570e+00 4.3860e+00 4.1938e+00 4.3265e+00 4.3265e+00 3.7657e+00 3.9797e+00 4.0795e+00 3.3698e+00 3.5223e+00
-9.9990e+03 -9.9990e+03 -9.9990e+03 -9.9990e+03 -9.9990e+03 -9.9990e+03 -9.9990e+03 -9.9990e+03 -9.9990e+03 -9.9990e+03 -9.9990e+03 -9.9990e+03 -9.9990e+03 2.8656e+00 2.7658e+00 2.6759e+00 2.5769e+00 2.4684e+00 2.3658e+00 2.3165e+00 2.2152e+00 2.1732e+00 2.2250e+00 2.2250e+00 2.2559e+00 2.2934e+00 2.3370e+00 2.4102e+00 2.4859e+00 2.6077e+00 2.7489e+00 2.9897e+00 3.1453e+00 3.5171e+00 3.5498e+00 3.3480e+00 3.4635e+00 3.1328e+00 2.7889e+00 3.1450e+00 2.8323e+00 2.5824e+00 3.0780e+00 2.9872e+00 2.9673e+00 3.9843e+00 3.8867e+00 3.6921e+00 4.2783e+00 4.0484e+00 3.7376e+00 4.3264e+00 4.1207e+00 3.8728e+00 3.9510e+00 3.8014e+00
-9.9990e+03 -9.9990e+03 -9.9990e+03 -9.9990e+03 -9.9990e+03 -9.9990e+03 -9.9990e+03 -9.9990e+03 -9.9990e+03 -9.9990e+03 -9.9990e+03 -9.9990e+03 -9.9990e+03 3.0361e+00 2.9409e+00 2.8326e+00 2.5738e+00 2.4497e+00 2.3630e+00 2.2764e+00 2.2173e+00 2.2514e+00 2.1931e+00 2.2771e+00 2.4019e+00 2.3879e+00 2.4427e+00 2.5125e+00 2.5125e+00 2.6043e+00 2.7489e+00 2.8608e+00 2.8741e+00 3.2028e+00 3.1295e+00 2.9080e+00 3.0295e+00 2.7174e+00 2.4725e+00 2.5000e+00 2.2751e+00 2.1244e+00 2.2506e+00 2.1898e+00 2.1910e+00 2.9618e+00 2.8946e+00 2.7612e+00 3.4129e+00 3.1096e+00 2.8328e+00 3.4214e+00 3.1671e+00 3.0101e+00 3.6672e+00 3.5201e+00
-9.9990e+03 -9.9990e+03 -9.9990e+03 -9.9990e+03 -9.9990e+03 -9.9990e+03 -9.9990e+03 -9.9990e+03 -9.9990e+03 -9.9990e+03 -9.9990e+03 -9.9990e+03 -9.9990e+03 -9.9990e+03 -9.9990e+03 -9.9990e+03 2.5516e+00 2.5516e+00 2.4881e+00 2.3637e+00 2.4355e+00 2.2514e+00 2.3330e+00 2.4419e+00 2.4019e+00 2.5316e+00 2.6344e+00 2.5111e+00 2.5608e+00 2.6116e+00 2.7256e+00 2.6741e+00 2.6152e+00 2.7557e+00 2.7557e+00 2.5815e+00 2.6448e+00 2.4283e+00 2.2802e+00 2.2815e+00 2.1641e+00 2.0885e+00 2.0360e+00 1.9819e+00 1.9624e+00 2.2145e+00 2.2077e+00 2.1972e+00 2.4709e+00 2.3689e+00 2.2952e+00 2.6124e+00 2.4779e+00 2.4231e+00 2.9384e+00 2.9031e+00
-9.9990e+03 -9.9990e+03 -9.9990e+03 -9.9990e+03 -9.9990e+03 -9.9990e+03 -9.9990e+03 -9.9990e+03 -9.9990e+03 -9.9990e+03 -9.9990e+03 -9.9990e+03 -9.9990e+03 -9.9990e+03 -9.9990e+03 -9.9990e+03 -9.9990e+03 -9.9990e+03 2.5189e+00 2.6153e+00 2.7669e+00 2.7003e+00 2.8240e+00 2.8240e+00 2.5945e+00 2.7735e+00 2.9496e+00 2.7206e+00 2.7874e+00 2.8419e+00 2.6358e+00 2.6184e+00 2.5765e+00 2.5209e+00 2.3613e+00 2.1712e+00 2.2219e+00 2.1364e+00 2.1107e+00 2.1675e+00 2.1675e+00 2.1286e+00 2.0431e+00 2.0068e+00 1.9843e+00 1.9740e+00 2.0021e+00 2.0460e+00 2.1981e+00 2.2027e+00 2.2028e+00 2.2647e+00 2.2691e+00 2.4591e+00 2.5077e+00 2.5515e+00
-9.9990e+03 -9.9990e+03 -9.9990e+03 -9.9990e+03 -9.9990e+03 -9.9990e+03 -9.9990e+03 -9.9990e+03 -9.9990e+03 -9.9990e+03 -9.9990e+03 -9.9990e+03 -9.9990e+03 -9.9990e+03 -9.9990e+03 -9.9990e+03 -9.9990e+03 -9.9990e+03 -9.9990e+03 -9.9990e+03 -9.9990e+03 2.9060e+00 3.0266e+00 3.1437e+00 3.0973e+00 3.2313e+00 3.3111e+00 3.1654e+00 3.1735e+00 3.1735e+00 2.8819e+00 2.8573e+00 2.7770e+00 2.4701e+00 2.3008e+00 2.0936e+00 2.0213e+00 1.9555e+00 1.9287e+00 2.0954e+00 2.0562e+00 2.0295e+00 2.0622e+00 2.0356e+00 1.9783e+00 1.9783e+00 1.9953e+00 2.0460e+00 2.1013e+00 2.1497e+00 2.2028e+00 2.2081e+00 2.2150e+00 2.3125e+00 2.3653e+00 2.4162e+00
-9.9990e+03 -9.9990e+03 -9.9990e+03 -9.9990e+03 -9.9990e+03 -9.9990e+03 -9.9990e+03 -9.9990e+03 -9.9990e+03 -9.9990e+03 -9.9990e+03 -9.9990e+03 -9.9990e+03 -9.9990e+03 -9.9990e+03 -9.9990e+03 -9.9990e+03 -9.9990e+03 -9.9990e+03 -9.9990e+03 -9.9990e+03 -9.9990e+03 -9.9990e+03 -9.9990e+03 3.2552e+00 3.3416e+00 3.3535e+00 3.3217e+00 3.2814e+00 3.2392e+00 3.0852e+00 2.9671e+00 2.8100e+00 2.3939e+00 2.3939e+00 2.1848e+00 1.9164e+00 1.8279e+00 1.9287e+00 1.9329e+00 1.9216e+00 2.0295e+00 2.0132e+00 2.0092e+00 2.0276e+00 2.0438e+00 2.0602e+00 2.0672e+00 2.1040e+00 2.1206e+00 2.1915e+00 2.1915e+00 2.2035e+00 2.2376e+00 2.2853e+00 2.3417e+00
-9.9990e+03 -9.9990e+03 -9.9990e+03 -9.9990e+03 -9.9990e+03 -9.9990e+03 -9.9990e+03 -9.9990e+03 -9.9990e+03 -9.9990e+03 -9.9990e+03 -9.9990e+03 -9.9990e+03 -9.9990e+03 -9.9990e+03 -9.9990e+03 -9.9990e+03 -9.9990e+03 -9.9990e+03 -9.9990e+03 -9.9990e+03 -9.9990e+03 -9.9990e+03 -9.9990e+03 -9.9990e+03 -9.9990e+03 -9.9990e+03 3.2728e+00 3.1509e+00 3.0547e+00 3.1533e+00 3.0339e+00 2.8100e+00 2.6019e+00 2.3942e+00 2.0015e+00 1.9098e+00 1.9085e+00 1.8575e+00 1.8884e+00 1.8884e+00 1.9322e+00 1.9617e+00 1.9977e+00 2.0282e+00 2.0568e+00 2.0776e+00 2.0789e+00 2.0856e+00 2.0762e+00 2.1365e+00 2.1611e+00 2.1927e+00 2.2541e+00 2.2732e+00 2.2634e+00
-9.9990e+03 -9.9990e+03 -9.9990e+03 -9.9990e+03 -9.9990e+03 -9.9990e+03 -9.9990e+03 -9.9990e+03 -9.9990e+03 -9.9990e+03 -9.9990e+03 -9.9990e+03 -9.9990e+03 -9.9990e+03 -9.9990e+03 -9.9990e+03 -9.9990e+03 -9.9990e+03 -9.9990e+03 -9.9990e+03 -9.9990e+03 -9.9990e+03 -9.9990e+03 -9.9990e+03 -9.9990e+03 -9.9990e+03 -9.9990e+03 -9.9990e+03 -9.9990e+03 3.0547e+00 2.9526e+00 2.8403e+00 2.8834e+00 2.6827e+00 2.4795e+00 2.2198e+00 2.1355e+00 2.1269e+00 1.9645e+00 2.0295e+00 2.1145e+00 2.0082e+00 2.0564e+00 2.0873e+00 2.0649e+00 2.0883e+00 2.0883e+00 2.0833e+00 2.0857e+00 2.0670e+00 2.0703e+00 2.0729e+00 2.0772e+00 2.2035e+00 2.1667e+00 2.0674e+00
-9.9990e+03 -9.9990e+03 -9.9990e+03 -9.9990e+03 -9.9990e+03 -9.9990e+03 -9.9990e+03 -9.9990e+03 -9.9990e+03 -9.9990e+03 -9.9990e+03 -9.9990e+03 -9.9990e+03 -9.9990e+03 -9.9990e+03 -9.9990e+03 -9.9990e+03 -9.9990e+03 -9.9990e+03 -9.9990e+03 -9.9990e+03 -9.9990e+03 -9.9990e+03 -9.9990e+03 -9.9990e+03 -9.9990e+03 -9.9990e+03 -9.9990e+03 -9.9990e+03 -9.9990e+03 -9.9990e+03 -9.9990e+03 2.5851e+00 2.4597e+00 2.3707e+00 2.3254e+00 2.2586e+00 2.2579e+00 2.1881e+00 2.2767e+00 2.3519e+00 2.1865e+00 2.2216e+00 2.2282e+00 2.1009e+00 2.1102e+00 2.1143e+00 2.1067e+00 2.0991e+00 2.0786e+00 2.0017e+00 2.0017e+00 1.9575e+00 2.0574e+00 1.9844e+00 2.0674e+00
