bias_correction/pipeline/V_1_s_1.3_d_235.asc
ncols        88
nrows        90
xllcorner    2777636
yllcorner    1185112
cellsize     25
NODATA_value -9999
[rows 25 to 49 of 90, columns 0 to 55 of 88]
-9.9990e+03 -9.9990e+03 -9.9990e+03 -9.9990e+03 -9.9990e+03 -9.9990e+03 -9.9990e+03 -9.9990e+03 -9.9990e+03 -9.9990e+03 -9.9990e+03 -9.9990e+03 -9.9990e+03 -9.9990e+03 -9.9990e+03 -9.9990e+03 -9.9990e+03 -9.9990e+03 9.3442e-01 1.0529e+00 1.2127e+00 1.6647e+00 1.4283e+00 1.8082e+00 2.2135e+00 1.9417e+00 1.4721e+00 1.2412e+00 1.2412e+00 1.2111e+00 1.2365e+00 1.1663e+00 1.0942e+00 1.0942e+00 1.0228e+00 1.0144e+00 9.7640e-01 9.1125e-01 9.4945e-01 8.5200e-01 8.7795e-01 8.6926e-01 8.7493e-01 8.5739e-01 8.5205e-01 8.7404e-01 9.2877e-01 9.4587e-01 8.4297e-01 7.7230e-01 7.1921e-01 7.7267e-01 1.0694e+00 1.4732e+00 1.1793e+00 1.2329e+00
-9.9990e+03 -9.9990e+03 -9.9990e+03 -9.9990e+03 -9.9990e+03 -9.9990e+03 -9.9990e+03 -9.9990e+03 -9.9990e+03 -9.9990e+03 -9.9990e+03 -9.9990e+03 -9.9990e+03 -9.9990e+03 -9.9990e+03 -9.9990e+03 -9.9990e+03 8.8251e-01 8.7806e-01 8.7806e-01 9.0287e-01 1.0292e+00 1.2600e+00 1.8082e+00 2.0207e+00 1.7643e+00 1.9406e+00 1.7575e+00 1.4509e+00 1.3462e+00 1.3462e+00 1.2136e+00 1.1033e+00 1.0731e+00 1.0072e+00 9.6338e-01 9.3516e-01 8.9455e-01 8.5853e-01 8.3179e-01 8.4678e-01 8.4809e-01 8.7781e-01 8.8149e-01 8.5205e-01 8.5590e-01 8.8095e-01 8.8095e-01 8.0806e-01 7.6679e-01 6.6576e-01 7.7267e-01 8.1405e-01 1.4663e+00 1.6194e+00 1.3761e+00
-9.9990e+03 -9.9990e+03 -9.9990e+03 -9.9990e+03 -9.9990e+03 -9.9990e+03 -9.9990e+03 -9.9990e+03 -9.9990e+03 -9.9990e+03 -9.9990e+03 -9.9990e+03 -9.9990e+03 -9.9990e+03 -9.9990e+03 9.2108e-01 9.2108e-01 8.9740e-01 8.5278e-01 9.0079e-01 9.0287e-01 1.0134e+00 1.1204e+00 1.2060e+00 1.4022e+00 1.7643e+00 1.7924e+00 1.5489e+00 1.7176e+00 1.4598e+00 1.3272e+00 1.1482e+00 1.1482e+00 1.0619e+00 1.0299e+00 9.8820e-01 9.2522e-01 8.8175e-01 8.8063e-01 8.4889e-01 8.2319e-01 8.5365e-01 8.9748e-01 8.7075e-01 8.7075e-01 7.9210e-01 8.1242e-01 8.0424e-01 7.1066e-01 7.1066e-01 5.6845e-01 5.9062e-01 8.9418e-01 1.4663e+00 1.7432e+00 1.7870e+00
-9.9990e+03 -9.9990e+03 -9.9990e+03 -9.9990e+03 -9.9990e+03 -9.9990e+03 -9.9990e+03 -9.9990e+03 -9.9990e+03 -9.9990e+03 -9.9990e+03 -9.9990e+03 -9.9990e+03 -9.9990e+03 1.0875e+00 9.9800e-01 9.6589e-01 1.0114e+00 1.0114e+00 1.1424e+00 1.0981e+00 1.1952e+00 1.1204e+00 1.2231e+00 1.1297e+00 1.2143e+00 1.2361e+00 1.5489e+00 1.4185e+00 1.4185e+00 1.2863e+00 1.1959e+00 1.0861e+00 1.0311e+00 1.0299e+00 1.0030e+00 9.6605e-01 9.1541e-01 8.6461e-01 8.3253e-01 8.1200e-01 8.0984e-01 8.4993e-01 8.7666e-01 8.4622e-01 7.3553e-01 7.3553e-01 6.6063e-01 7.0632e-01 5.9902e-01 4.5376e-01 4.5376e-01 5.2982e-01 9.7174e-01 1.5319e+00 1.7870e+00
-9.9990e+03 -9.9990e+03 -9.9990e+03 -9.9990e+03 -9.9990e+03 -9.9990e+03 -9.9990e+03 -9.9990e+03 -9.9990e+03 -9.9990e+03 -9.9990e+03 -9.9990e+03 -9.9990e+03 1.1813e+00 1.1258e+00 1.1258e+00 1.1237e+00 1.0728e+00 1.1630e+00 1.2468e+00 1.2718e+00 1.2467e+00 1.2637e+00 1.1433e+00 1.1297e+00 1.0507e+00 9.2940e-01 1.0342e+00 9.9125e-01 1.1769e+00 1.2096e+00 1.1959e+00 1.1991e+00 1.1121e+00 1.0334e+00 9.8841e-01 9.4857e-01 9.4480e-01 9.0508e-01 8.4841e-01 7.8641e-01 7.9272e-01 8.3151e-01 8.3151e-01 8.4281e-01 7.9543e-01 6.6172e-01 5.6783e-01 5.6783e-01 4.9701e-01 4.7999e-01 3.9289e-01 5.2982e-01 1.0072e+00 9.5590e-01 1.4268e+00
-9.9990e+03 -9.9990e+03 -9.9990e+03 -9.9990e+03 -9.9990e+03 -9.9990e+03 -9.9990e+03 -9.9990e+03 -9.9990e+03 -9.9990e+03 -9.9990e+03 -9.9990e+03 -9.9990e+03 1.1684e+00 1.1423e+00 1.1571e+00 1.2274e+00 1.2274e+00 1.1723e+00 1.1915e+00 1.1615e+00 1.1161e+00 1.1621e+00 9.8601e-01 9.9237e-01 8.8142e-01 9.2940e-01 9.0047e-01 7.8815e-01 8.3785e-01 1.0688e+00 1.2407e+00 1.2184e+00 1.1121e+00 1.1492e+00 1.0808e+00 1.0034e+00 9.4666e-01 8.9598e-01 8.2780e-01 8.2780e-01 7.5858e-01 7.4068e-01 8.0688e-01 7.8041e-01 7.8041e-01 6.3647e-01 5.7699e-01 4.8440e-01 4.2988e-01 4.0258e-01 3.7475e-01 3.7710e-01 6.0224e-01 9.5590e-01 1.3107e+00
-9.9990e+03 -9.9990e+03 -9.9990e+03 -9.9990e+03 -9.9990e+03 -9.9990e+03 -9.9990e+03 -9.9990e+03 -9.9990e+03 -9.9990e+03 -9.9990e+03 -9.9990e+03 -9.9990e+03 1.0398e+00 1.0398e+00 1.1051e+00 1.2002e+00 1.1689e+00 1.0656e+00 1.0888e+00 9.8055e-01 1.0412e+00 9.5452e-01 9.8601e-01 8.5774e-01 8.0130e-01 8.3318e-01 8.0737e-01 7.8815e-01 7.9356e-01 1.1203e+00 1.1203e+00 1.2272e+00 1.2146e+00 1.1591e+00 1.0808e+00 1.0850e+00 1.0157e+00 9.5218e-01 8.7461e-01 8.0242e-01 7.3439e-01 7.3439e-01 7.1552e-01 7.0769e-01 7.0292e-01 5.7025e-01 5.7025e-01 4.5234e-01 4.3127e-01 3.9838e-01 4.0843e-01 4.4605e-01 5.1343e-01 6.3181e-01 8.5037e-01
-9.9990e+03 -9.9990e+03 -9.9990e+03 -9.9990e+03 -9.9990e+03 -9.9990e+03 -9.9990e+03 -9.9990e+03 -9.9990e+03 -9.9990e+03 -9.9990e+03 -9.9990e+03 -9.9990e+03 7.7140e-01 9.6731e-01 9.9464e-01 1.1099e+00 9.3155e-01 1.0280e+00 9.4608e-01 8.9286e-01 9.2079e-01 8.3804e-01 8.3690e-01 7.9310e-01 8.0130e-01 8.1658e-01 7.2244e-01 7.2244e-01 6.4102e-01 8.9136e-01 1.1562e+00 1.2272e+00 1.1473e+00 1.1054e+00 1.1306e+00 1.0662e+00 1.0157e+00 9.4280e-01 9.4280e-01 8.6265e-01 7.7097e-01 7.2369e-01 6.9103e-01 6.9103e-01 6.5955e-01 6.3171e-01 5.2360e-01 4.2969e-01 4.0515e-01 3.9787e-01 4.0057e-01 4.5166e-01 5.6279e-01 6.7241e-01 7.0420e-01
-9.9990e+03 -9.9990e+03 -9.9990e+03 -9.9990e+03 -9.9990e+03 -9.9990e+03 -9.9990e+03 -9.9990e+03 -9.9990e+03 -9.9990e+03 -9.9990e+03 -9.9990e+03 -9.9990e+03 6.1609e-01 6.9245e-01 7.5085e-01 8.3800e-01 7.8455e-01 8.7660e-01 7.9860e-01 8.5718e-01 8.2020e-01 7.9247e-01 7.9661e-01 7.9704e-01 8.0220e-01 7.8805e-01 7.6355e-01 6.1990e-01 7.5105e-01 7.5105e-01 1.1013e+00 1.1321e+00 1.0475e+00 1.1054e+00 1.0657e+00 9.8037e-01 1.0271e+00 9.9400e-01 9.4196e-01 8.5009e-01 8.5009e-01 7.7294e-01 6.9849e-01 6.6412e-01 6.2776e-01 5.9147e-01 5.6943e-01 4.9769e-01 4.2155e-01 3.9832e-01 4.1165e-01 4.2254e-01 4.9346e-01 5.9725e-01 7.0420e-01
-9.9990e+03 -9.9990e+03 -9.9990e+03 -9.9990e+03 -9.9990e+03 -9.9990e+03 -9.9990e+03 -9.9990e+03 -9.9990e+03 -9.9990e+03 -9.9990e+03 -9.9990e+03 -9.9990e+03 5.2528e-01 6.5433e-01 7.5085e-01 6.7622e-01 6.4557e-01 7.0887e-01 7.4304e-01 7.8779e-01 6.7181e-01 7.4383e-01 7.5941e-01 7.8691e-01 7.9552e-01 7.0931e-01 7.0931e-01 5.5818e-01 5.7845e-01 9.2516e-01 1.1353e+00 1.1353e+00 9.5998e-01 9.5060e-01 8.9910e-01 9.8037e-01 9.7583e-01 9.1805e-01 9.6284e-01 8.9538e-01 8.3782e-01 7.5501e-01 7.5501e-01 6.7524e-01 6.4769e-01 6.1860e-01 5.6083e-01 4.8545e-01 4.8549e-01 4.2226e-01 3.9387e-01 4.2980e-01 5.0626e-01 6.1635e-01 6.1635e-01
-9.9990e+03 -9.9990e+03 -9.9990e+03 -9.9990e+03 -9.9990e+03 -9.9990e+03 -9.9990e+03 -9.9990e+03 -9.9990e+03 -9.9990e+03 -9.9990e+03 -9.9990e+03 -9.9990e+03 4.0097e-01 5.4912e-01 6.3231e-01 6.2597e-01 6.4557e-01 6.1229e-01 6.7421e-01 6.2501e-01 5.7878e-01 6.7482e-01 7.3630e-01 7.3630e-01 7.3284e-01 7.2516e-01 5.9080e-01 5.1485e-01 5.1485e-01 7.9691e-01 1.0747e+00 1.0823e+00 9.5998e-01 8.5642e-01 7.9075e-01 8.0658e-01 8.2170e-01 9.1805e-01 9.1940e-01 8.6981e-01 8.5087e-01 7.5585e-01 7.1884e-01 6.6161e-01 6.4769e-01 6.5464e-01 6.2348e-01 5.6256e-01 4.8730e-01 4.1830e-01 4.2449e-01 4.0213e-01 4.4651e-01 5.2269e-01 6.1555e-01
-9.9990e+03 -9.9990e+03 -9.9990e+03 -9.9990e+03 -9.9990e+03 -9.9990e+03 -9.9990e+03 -9.9990e+03 -9.9990e+03 -9.9990e+03 -9.9990e+03 -9.9990e+03 -9.9990e+03 4.3645e-01 5.4912e-01 5.1693e-01 5.4794e-01 5.9034e-01 5.6500e-01 5.9060e-01 5.2120e-01 5.2120e-01 5.3491e-01 6.0942e-01 6.9160e-01 6.3769e-01 6.3769e-01 5.1911e-01 5.0121e-01 5.3156e-01 9.7138e-01 1.1460e+00 1.1477e+00 1.0082e+00 8.5217e-01 7.9075e-01 7.4751e-01 7.3303e-01 7.9478e-01 8.4460e-01 8.6981e-01 7.8313e-01 7.5585e-01 6.8561e-01 6.5259e-01 6.6412e-01 6.5335e-01 6.2348e-01 6.2864e-01 5.7058e-01 4.9539e-01 4.5219e-01 4.2158e-01 4.6584e-01 4.6584e-01 5.2648e-01
-9.9990e+03 -9.9990e+03 -9.9990e+03 -9.9990e+03 -9.9990e+03 -9.9990e+03 -9.9990e+03 -9.9990e+03 -9.9990e+03 -9.9990e+03 -9.9990e+03 -9.9990e+03 -9.9990e+03 3.4833e-01 4.2784e-01 4.6034e-01 5.4794e-01 5.0635e-01 4.8317e-01 4.8404e-01 4.6055e-01 4.8134e-01 5.2727e-01 5.2727e-01 5.6879e-01 5.6058e-01 5.5296e-01 4.8129e-01 4.8129e-01 5.0069e-01 6.3255e-01 1.1156e+00 1.1252e+00 9.6654e-01 9.2328e-01 8.1713e-01 7.3626e-01 7.3303e-01 7.8838e-01 7.7080e-01 8.0073e-01 7.3929e-01 7.1066e-01 6.3882e-01 6.5259e-01 6.4974e-01 6.4145e-01 6.4765e-01 6.3806e-01 5.8589e-01 5.2502e-01 5.2502e-01 4.8785e-01 4.8979e-01 4.8720e-01 5.3280e-01
-9.9990e+03 -9.9990e+03 -9.9990e+03 -9.9990e+03 -9.9990e+03 -9.9990e+03 -9.9990e+03 -9.9990e+03 -9.9990e+03 -9.9990e+03 -9.9990e+03 -9.9990e+03 -9.9990e+03 3.4833e-01 3.2456e-01 3.2521e-01 4.0150e-01 4.4040e-01 4.8317e-01 4.4724e-01 4.2719e-01 4.6021e-01 4.6081e-01 4.9928e-01 5.2327e-01 5.2327e-01 5.0179e-01 4.4158e-01 4.4812e-01 5.6247e-01 8.2096e-01 1.0351e+00 1.2082e+00 1.0687e+00 8.7767e-01 7.9108e-01 7.7171e-01 7.3098e-01 7.3022e-01 7.7080e-01 7.5158e-01 6.9835e-01 6.9835e-01 6.5684e-01 6.3777e-01 6.4634e-01 6.4145e-01 6.2208e-01 6.2084e-01 6.4233e-01 6.1837e-01 5.5366e-01 5.2544e-01 5.2544e-01 5.2533e-01 5.4049e-01
-9.9990e+03 -9.9990e+03 -9.9990e+03 -9.9990e+03 -9.9990e+03 -9.9990e+03 -9.9990e+03 -9.9990e+03 -9.9990e+03 -9.9990e+03 -9.9990e+03 -9.9990e+03 -9.9990e+03 2.4656e-01 2.7524e-01 3.2521e-01 3.4907e-01 3.0907e-01 3.7969e-01 3.7593e-01 4.2719e-01 4.4830e-01 4.4830e-01 4.2092e-01 4.2299e-01 4.7425e-01 4.3657e-01 4.4158e-01 3.9782e-01 4.3433e-01 6.7844e-01 1.1784e+00 1.2293e+00 1.2174e+00 1.0207e+00 8.4391e-01 7.7171e-01 7.2179e-01 7.0008e-01 7.0008e-01 6.8987e-01 7.0951e-01 6.8717e-01 6.7741e-01 6.7741e-01 6.6888e-01 6.3016e-01 5.9906e-01 6.2084e-01 6.4220e-01 6.3822e-01 6.2612e-01 5.8607e-01 5.5353e-01 5.5710e-01 5.5710e-01
-9.9990e+03 -9.9990e+03 -9.9990e+03 -9.9990e+03 -9.9990e+03 -9.9990e+03 -9.9990e+03 -9.9990e+03 -9.9990e+03 -9.9990e+03 -9.9990e+03 -9.9990e+03 -9.9990e+03 1.9720e-01 2.0202e-01 2.1078e-01 2.2462e-01 3.0907e-01 3.0875e-01 2.2467e-01 2.9680e-01 3.0612e-01 3.9925e-01 3.9146e-01 3.9146e-01 3.6512e-01 3.5765e-01 3.8153e-01 3.7158e-01 4.6440e-01 5.2037e-01 8.6398e-01 1.2616e+00 1.1803e+00 9.7983e-01 9.5259e-01 8.1600e-01 7.4138e-01 7.0252e-01 6.6466e-01 6.4540e-01 6.4540e-01 6.5997e-01 6.8992e-01 6.9909e-01 6.6888e-01 6.0540e-01 5.8682e-01 5.7886e-01 5.9877e-01 6.3822e-01 6.2549e-01 6.2549e-01 5.8897e-01 5.8702e-01 5.7638e-01
-9.9990e+03 -9.9990e+03 -9.9990e+03 -9.9990e+03 -9.9990e+03 -9.9990e+03 -9.9990e+03 -9.9990e+03 -9.9990e+03 -9.9990e+03 -9.9990e+03 -9.9990e+03 -9.9990e+03 2.0593e-01 1.6186e-01 1.7190e-01 1.2108e-01 1.7466e-01 1.8366e-01 2.2467e-01 1.9913e-01 1.1539e-01 2.3374e-01 2.7105e-01 3.2496e-01 3.0210e-01 3.5765e-01 2.8537e-01 2.6729e-01 3.4835e-01 6.0645e-01 1.0222e+00 1.0752e+00 1.2698e+00 1.1525e+00 9.3492e-01 7.9902e-01 7.2635e-01 7.2635e-01 6.5879e-01 6.2504e-01 6.1212e-01 6.4160e-01 6.4160e-01 6.8362e-01 6.9756e-01 6.3708e-01 5.8682e-01 5.6698e-01 5.5654e-01 5.9335e-01 6.2162e-01 6.1730e-01 5.9156e-01 5.9156e-01 5.8985e-01
-9.9990e+03 -9.9990e+03 -9.9990e+03 -9.9990e+03 -9.9990e+03 -9.9990e+03 -9.9990e+03 -9.9990e+03 -9.9990e+03 -9.9990e+03 -9.9990e+03 -9.9990e+03 -9.9990e+03 2.3316e-01 1.8653e-01 1.0627e-01 1.2108e-01 1.4882e-01 1.2060e-01 1.1456e-01 5.7662e-02 1.1539e-01 1.8714e-01 2.7105e-01 1.9206e-01 1.6979e-01 2.1553e-01 2.1736e-01 2.6729e-01 2.3471e-01 4.1377e-01 6.9820e-01 1.0501e+00 1.2365e+00 1.1164e+00 1.1164e+00 9.2363e-01 8.1133e-01 7.3290e-01 6.6242e-01 6.6242e-01 6.0136e-01 5.9193e-01 6.2577e-01 6.5757e-01 6.7088e-01 6.3844e-01 6.0959e-01 5.5452e-01 5.5654e-01 5.8603e-01 5.7770e-01 6.1088e-01 6.0848e-01 5.9755e-01 5.8811e-01
-9.9990e+03 -9.9990e+03 -9.9990e+03 -9.9990e+03 -9.9990e+03 -9.9990e+03 -9.9990e+03 -9.9990e+03 -9.9990e+03 -9.9990e+03 -9.9990e+03 -9.9990e+03 -9.9990e+03 1.7669e-01 1.3568e-01 9.3728e-02 1.0493e-01 1.1247e-01 1.2060e-01 9.1766e-02 1.3494e-01 7.4537e-02 1.4242e-01 1.6165e-01 1.4987e-01 1.6979e-01 1.4110e-01 1.1678e-01 1.5291e-01 2.5657e-01 4.1377e-01 4.4387e-01 7.1472e-01 9.7099e-01 1.0552e+00 1.0577e+00 8.9561e-01 8.9561e-01 8.1843e-01 7.5264e-01 6.7754e-01 6.0535e-01 5.8634e-01 5.8728e-01 6.1279e-01 6.3315e-01 6.1404e-01 5.8587e-01 5.6789e-01 5.4076e-01 5.3910e-01 5.7770e-01 6.0231e-01 6.0596e-01 6.0596e-01 5.9768e-01
-9.9990e+03 -9.9990e+03 -9.9990e+03 -9.9990e+03 -9.9990e+03 -9.9990e+03 -9.9990e+03 -9.9990e+03 -9.9990e+03 -9.9990e+03 -9.9990e+03 -9.9990e+03 -9.9990e+03 2.2719e-01 1.1243e-01 9.4701e-02 1.0823e-01 1.4056e-01 1.5098e-01 1.8522e-01 1.3494e-01 1.8056e-01 2.3502e-01 2.3502e-01 2.9678e-01 2.1485e-01 1.4945e-01 1.1678e-01 1.5949e-01 2.2724e-01 2.9373e-01 4.5236e-01 6.7220e-01 8.5924e-01 8.5924e-01 9.0224e-01 8.3790e-01 8.4900e-01 8.0338e-01 8.0338e-01 7.6090e-01 6.8488e-01 6.0788e-01 5.9263e-01 6.0524e-01 6.0622e-01 6.1924e-01 5.9766e-01 5.6789e-01 5.3444e-01 5.3691e-01 5.4329e-01 5.6885e-01 5.9138e-01 5.9649e-01 5.9768e-01
-9.9990e+03 -9.9990e+03 -9.9990e+03 -9.9990e+03 -9.9990e+03 -9.9990e+03 -9.9990e+03 -9.9990e+03 -9.9990e+03 -9.9990e+03 -9.9990e+03 -9.9990e+03 -9.9990e+03 1.9664e-01 2.3511e-01 1.2773e-01 1.6186e-01 2.3615e-01 2.2218e-01 2.9771e-01 2.9771e-01 3.8818e-01 3.1799e-01 3.8850e-01 4.2888e-01 4.2888e-01 3.8030e-01 2.3327e-01 2.4558e-01 2.2724e-01 3.4810e-01 4.0135e-01 4.4778e-01 5.5400e-01 7.3830e-01 7.6050e-01 7.6050e-01 7.2706e-01 7.1748e-01 7.6697e-01 7.3225e-01 6.7849e-01 6.6484e-01 6.1330e-01 6.0035e-01 6.0532e-01 6.1177e-01 6.0122e-01 5.8455e-01 5.4977e-01 5.3691e-01 5.5075e-01 5.5946e-01 5.5946e-01 5.5039e-01 5.7249e-01
-9.9990e+03 -9.9990e+03 -9.9990e+03 -9.9990e+03 -9.9990e+03 -9.9990e+03 -9.9990e+03 -9.9990e+03 -9.9990e+03 -9.9990e+03 -9.9990e+03 -9.9990e+03 -9.9990e+03 3.8412e-01 4.0216e-01 2.4250e-01 4.1922e-01 2.8404e-01 3.3774e-01 3.2988e-01 4.0668e-01 4.5759e-01 4.5759e-01 4.6887e-01 5.0064e-01 4.8923e-01 3.8030e-01 3.3307e-01 3.8214e-01 3.4270e-01 4.1425e-01 4.0135e-01 4.7693e-01 5.0092e-01 5.3653e-01 5.9501e-01 6.6169e-01 6.5366e-01 7.1748e-01 6.5871e-01 6.6773e-01 6.9463e-01 6.3271e-01 6.0798e-01 5.7988e-01 5.9188e-01 5.9283e-01 5.7781e-01 5.6792e-01 5.4166e-01 5.4166e-01 5.4519e-01 5.5246e-01 5.4067e-01 5.1852e-01 5.1852e-01
-9.9990e+03 -9.9990e+03 -9.9990e+03 -9.9990e+03 -9.9990e+03 -9.9990e+03 -9.9990e+03 -9.9990e+03 -9.9990e+03 -9.9990e+03 -9.9990e+03 -9.9990e+03 -9.9990e+03 7.6594e-01 5.9308e-01 5.8483e-01 5.6137e-01 4.0435e-01 3.9812e-01 3.9812e-01 3.6059e-01 4.1994e-01 4.1523e-01 4.2564e-01 4.2564e-01 4.2798e-01 4.6505e-01 4.0584e-01 3.8214e-01 4.2752e-01 5.0595e-01 5.1533e-01 5.4566e-01 5.0092e-01 5.4721e-01 5.4721e-01 5.8287e-01 5.7197e-01 5.9665e-01 6.0127e-01 6.6773e-01 6.2044e-01 6.4390e-01 5.8657e-01 5.3611e-01 5.6425e-01 5.2658e-01 5.6311e-01 5.5089e-01 5.2277e-01 5.3084e-01 5.3852e-01 5.3852e-01 5.3373e-01 5.2155e-01 4.9212e-01
-9.9990e+03 -9.9990e+03 -9.9990e+03 -9.9990e+03 -9.9990e+03 -9.9990e+03 -9.9990e+03 -9.9990e+03 -9.9990e+03 -9.9990e+03 -9.9990e+03 -9.9990e+03 -9.9990e+03 8.5145e-01 7.4408e-01 7.0452e-01 7.0452e-01 6.0942e-01 4.7860e-01 3.8662e-01 2.8755e-01 2.8755e-01 2.9250e-01 3.4303e-01 3.6522e-01 3.8796e-01 4.0639e-01 3.9650e-01 4.0154e-01 4.5255e-01 5.0595e-01 5.6515e-01 5.5626e-01 5.9255e-01 6.5409e-01 5.9669e-01 5.7910e-01 5.7197e-01 5.3893e-01 5.2267e-01 5.6175e-01 5.8105e-01 5.9391e-01 5.4697e-01 5.3582e-01 4.8755e-01 4.9425e-01 5.3468e-01 5.2710e-01 5.2710e-01 5.0165e-01 5.1380e-01 5.2302e-01 5.1867e-01 5.1867e-01 5.0601e-01
-9.9990e+03 -9.9990e+03 -9.9990e+03 -9.9990e+03 -9.9990e+03 -9.9990e+03 -9.9990e+03 -9.9990e+03 -9.9990e+03 -9.9990e+03 -9.9990e+03 -9.9990e+03 -9.9990e+03 9.7335e-01 8.7283e-01 7.8548e-01 7.1494e-01 6.1582e-01 6.1582e-01 4.6120e-01 3.6380e-01 2.9139e-01 3.3500e-01 3.3017e-01 4.0226e-01 3.7874e-01 4.1706e-01 4.3611e-01 4.2521e-01 4.5233e-01 4.7346e-01 5.0184e-01 5.5626e-01 6.5754e-01 7.1102e-01 7.1102e-01 6.4720e-01 5.7190e-01 5.2034e-01 5.2267e-01 5.1575e-01 5.2433e-01 5.4362e-01 5.0048e-01 4.8801e-01 4.4934e-01 4.4934e-01 4.6839e-01 5.0006e-01 5.1197e-01 4.7520e-01 4.7520e-01 4.6472e-01 5.0137e-01 5.0495e-01 5.0680e-01
