bias_correction/pipeline/V_1_s_1.3_d_235.asc
ncols        88
nrows        90
xllcorner    2777636
yllcorner    1185112
cellsize     25
NODATA_value -9999
[rows 50 to 74 of 90, columns 0 to 55 of 88]
-9.9990e+03 -9.9990e+03 -9.9990e+03 -9.9990e+03 -9.9990e+03 -9.9990e+03 -9.9990e+03 -9.9990e+03 -9.9990e+03 -9.9990e+03 -9.9990e+03 -9.9990e+03 -9.9990e+03 9.4935e-01 8.4529e-01 8.4529e-01 7.3683e-01 6.3656e-01 5.8483e-01 4.7981e-01 4.7981e-01 4.4651e-01 3.7119e-01 4.4373e-01 5.1694e-01 4.6114e-01 5.6243e-01 4.9298e-01 4.8749e-01 4.5233e-01 4.5640e-01 4.3963e-01 4.7148e-01 5.9428e-01 6.9936e-01 7.1761e-01 6.4548e-01 6.4548e-01 5.7282e-01 5.2332e-01 5.1307e-01 5.2433e-01 5.0233e-01 4.7530e-01 4.5878e-01 4.1118e-01 4.1927e-01 4.4436e-01 4.4436e-01 4.7028e-01 4.5946e-01 4.5228e-01 4.4158e-01 4.7719e-01 4.5953e-01 4.9494e-01
-9.9990e+03 -9.9990e+03 -9.9990e+03 -9.9990e+03 -9.9990e+03 -9.9990e+03 -9.9990e+03 -9.9990e+03 -9.9990e+03 -9.9990e+03 -9.9990e+03 -9.9990e+03 -9.9990e+03 8.6358e-01 7.8969e-01 7.6279e-01 6.6521e-01 6.6521e-01 5.9469e-01 5.5920e-01 5.2415e-01 5.4473e-01 4.9179e-01 5.8527e-01 5.5830e-01 6.1462e-01 6.3488e-01 5.6165e-01 6.0122e-01 5.3033e-01 4.7739e-01 4.3963e-01 4.9700e-01 6.4052e-01 6.4052e-01 7.0690e-01 6.9973e-01 6.3722e-01 5.7282e-01 5.6229e-01 5.1127e-01 5.0399e-01 4.8177e-01 4.7530e-01 4.2642e-01 4.2642e-01 3.8242e-01 3.6281e-01 4.0927e-01 4.2765e-01 4.2765e-01 4.3148e-01 4.2129e-01 4.2980e-01 4.3295e-01 4.7536e-01
-9.9990e+03 -9.9990e+03 -9.9990e+03 -9.9990e+03 -9.9990e+03 -9.9990e+03 -9.9990e+03 -9.9990e+03 -9.9990e+03 -9.9990e+03 -9.9990e+03 -9.9990e+03 -9.9990e+03 7.6635e-01 7.1634e-01 6.9167e-01 5.9186e-01 5.9587e-01 5.5943e-01 5.5920e-01 5.7967e-01 6.2012e-01 6.0873e-01 6.6264e-01 6.4789e-01 7.1170e-01 6.8056e-01 6.5863e-01 6.1266e-01 5.4770e-01 5.1099e-01 5.1099e-01 5.3545e-01 5.5864e-01 6.7917e-01 7.0244e-01 7.0244e-01 6.7429e-01 6.2007e-01 5.4032e-01 5.1127e-01 4.8108e-01 4.4517e-01 4.5296e-01 4.3205e-01 4.0738e-01 3.6700e-01 3.6700e-01 3.4429e-01 3.5882e-01 3.9427e-01 4.0869e-01 4.2129e-01 3.9751e-01 4.0716e-01 3.9831e-01
-9.9990e+03 -9.9990e+03 -9.9990e+03 -9.9990e+03 -9.9990e+03 -9.9990e+03 -9.9990e+03 -9.9990e+03 -9.9990e+03 -9.9990e+03 -9.9990e+03 -9.9990e+03 -9.9990e+03 8.1352e-01 7.1634e-01 6.4696e-01 6.4696e-01 5.8818e-01 5.9064e-01 5.6530e-01 6.1622e-01 6.2012e-01 6.6059e-01 7.0857e-01 7.1700e-01 7.3366e-01 6.9640e-01 7.0169e-01 6.5855e-01 6.1595e-01 6.1284e-01 5.6630e-01 6.3589e-01 6.3589e-01 7.3500e-01 7.1661e-01 7.2427e-01 6.8551e-01 6.8551e-01 5.8637e-01 5.1292e-01 4.4962e-01 4.4517e-01 4.2150e-01 4.0257e-01 4.2027e-01 4.0212e-01 3.6538e-01 3.4753e-01 3.5882e-01 3.6834e-01 3.9914e-01 3.9719e-01 3.7534e-01 3.7330e-01 3.4988e-01
-9.9990e+03 -9.9990e+03 -9.9990e+03 -9.9990e+03 -9.9990e+03 -9.9990e+03 -9.9990e+03 -9.9990e+03 -9.9990e+03 -9.9990e+03 -9.9990e+03 -9.9990e+03 -9.9990e+03 8.5803e-01 8.4325e-01 8.0305e-01 6.8193e-01 6.5680e-01 5.9064e-01 6.5277e-01 6.8164e-01 6.6565e-01 7.0581e-01 7.0857e-01 7.3458e-01 7.4598e-01 7.5427e-01 7.1233e-01 6.5427e-01 6.4886e-01 6.4886e-01 6.8689e-01 6.5023e-01 7.3581e-01 8.0762e-01 8.0762e-01 8.2253e-01 7.6358e-01 7.0127e-01 5.6894e-01 4.8690e-01 4.7600e-01 4.2561e-01 4.0172e-01 4.0257e-01 4.1136e-01 4.0740e-01 3.9784e-01 3.8630e-01 3.7072e-01 4.0072e-01 3.9914e-01 4.2999e-01 4.2931e-01 3.7681e-01 3.5415e-01
-9.9990e+03 -9.9990e+03 -9.9990e+03 -9.9990e+03 -9.9990e+03 -9.9990e+03 -9.9990e+03 -9.9990e+03 -9.9990e+03 -9.9990e+03 -9.9990e+03 -9.9990e+03 -9.9990e+03 8.5803e-01 8.7873e-01 8.4937e-01 8.4937e-01 8.0160e-01 7.1364e-01 7.1209e-01 6.8164e-01 7.4033e-01 7.5876e-01 7.4008e-01 7.6940e-01 7.7981e-01 7.8594e-01 7.8594e-01 7.4881e-01 7.5183e-01 7.1629e-01 7.7824e-01 7.7824e-01 8.2303e-01 8.1590e-01 8.6572e-01 8.7404e-01 8.0740e-01 8.2457e-01 6.9458e-01 5.5115e-01 4.7600e-01 4.3358e-01 4.5792e-01 4.1864e-01 4.2016e-01 4.0740e-01 3.9655e-01 3.8630e-01 4.1082e-01 4.5332e-01 4.4614e-01 4.7579e-01 4.2931e-01 4.6718e-01 4.4537e-01
-9.9990e+03 -9.9990e+03 -9.9990e+03 -9.9990e+03 -9.9990e+03 -9.9990e+03 -9.9990e+03 -9.9990e+03 -9.9990e+03 -9.9990e+03 -9.9990e+03 -9.9990e+03 -9.9990e+03 -9.9990e+03 8.8335e-01 8.8702e-01 8.6418e-01 8.1376e-01 8.1376e-01 7.8375e-01 7.5948e-01 7.7899e-01 7.5876e-01 8.0293e-01 8.1790e-01 8.1823e-01 8.7436e-01 8.3138e-01 8.2183e-01 8.2183e-01 8.5103e-01 9.0195e-01 8.5679e-01 8.9461e-01 8.9461e-01 9.4940e-01 9.2412e-01 9.0852e-01 7.9336e-01 6.5640e-01 6.0478e-01 5.3527e-01 5.0347e-01 4.5792e-01 4.4824e-01 4.5678e-01 4.5678e-01 4.5618e-01 4.1726e-01 4.5308e-01 4.5332e-01 5.0802e-01 5.5204e-01 5.2047e-01 4.9826e-01 4.4537e-01
-9.9990e+03 -9.9990e+03 -9.9990e+03 -9.9990e+03 -9.9990e+03 -9.9990e+03 -9.9990e+03 -9.9990e+03 -9.9990e+03 -9.9990e+03 -9.9990e+03 -9.9990e+03 -9.9990e+03 -9.9990e+03 9.3239e-01 9.3239e-01 9.1523e-01 8.6681e-01 8.3627e-01 7.8375e-01 8.2543e-01 8.4368e-01 8.2282e-01 8.3275e-01 8.1790e-01 8.5621e-01 8.5984e-01 9.0067e-01 9.3363e-01 9.0177e-01 9.3981e-01 9.3981e-01 9.5080e-01 9.6307e-01 9.6466e-01 1.0123e+00 9.7664e-01 1.0181e+00 9.1298e-01 7.3780e-01 5.6626e-01 5.3069e-01 5.4638e-01 5.2406e-01 5.1065e-01 4.8558e-01 4.9226e-01 4.9907e-01 4.9907e-01 5.0629e-01 5.0203e-01 5.6097e-01 5.5204e-01 6.0380e-01 5.9895e-01 5.2596e-01
-9.9990e+03 -9.9990e+03 -9.9990e+03 -9.9990e+03 -9.9990e+03 -9.9990e+03 -9.9990e+03 -9.9990e+03 -9.9990e+03 -9.9990e+03 -9.9990e+03 -9.9990e+03 -9.9990e+03 -9.9990e+03 -9.9990e+03 9.7896e-01 9.4938e-01 9.4938e-01 9.3538e-01 8.8104e-01 8.6140e-01 8.4368e-01 8.4757e-01 8.5244e-01 8.3839e-01 8.2656e-01 8.5984e-01 9.1555e-01 9.1555e-01 9.5222e-01 9.7099e-01 9.6497e-01 9.6791e-01 9.6307e-01 1.0007e+00 1.0193e+00 1.0763e+00 1.0176e+00 8.8787e-01 8.5044e-01 6.8622e-01 5.7568e-01 5.8252e-01 5.4898e-01 5.3311e-01 5.3311e-01 5.4397e-01 5.3020e-01 5.2692e-01 5.2736e-01 5.2736e-01 5.5793e-01 6.0253e-01 6.4839e-01 5.9895e-01 5.5693e-01
-9.9990e+03 -9.9990e+03 -9.9990e+03 -9.9990e+03 -9.9990e+03 -9.9990e+03 -9.9990e+03 -9.9990e+03 -9.9990e+03 -9.9990e+03 -9.9990e+03 -9.9990e+03 -9.9990e+03 -9.9990e+03 -9.9990e+03 -9.9990e+03 1.0286e+00 9.9077e-01 9.6304e-01 9.6304e-01 9.2566e-01 8.8440e-01 8.7343e-01 8.5244e-01 8.3471e-01 8.2885e-01 8.1559e-01 8.5170e-01 9.1034e-01 9.5853e-01 9.7099e-01 9.5302e-01 9.5477e-01 9.7291e-01 1.0359e+00 1.0761e+00 1.0779e+00 1.0835e+00 9.7924e-01 8.6113e-01 6.9093e-01 6.3093e-01 6.3093e-01 6.4447e-01 5.8484e-01 5.6707e-01 5.8329e-01 5.8329e-01 5.6908e-01 5.3910e-01 5.2476e-01 5.5793e-01 6.2369e-01 6.2126e-01 6.7665e-01 6.6260e-01
-9.9990e+03 -9.9990e+03 -9.9990e+03 -9.9990e+03 -9.9990e+03 -9.9990e+03 -9.9990e+03 -9.9990e+03 -9.9990e+03 -9.9990e+03 -9.9990e+03 -9.9990e+03 -9.9990e+03 -9.9990e+03 -9.9990e+03 -9.9990e+03 -9.9990e+03 1.0280e+00 9.9683e-01 9.4966e-01 9.0337e-01 8.8379e-01 8.6720e-01 8.6863e-01 8.5158e-01 8.2885e-01 8.2447e-01 8.6445e-01 8.7986e-01 9.4804e-01 9.5772e-01 9.5816e-01 9.5477e-01 9.8409e-01 1.0266e+00 1.0428e+00 1.0337e+00 1.0307e+00 9.8141e-01 9.5558e-01 8.9951e-01 8.2293e-01 7.1132e-01 7.0428e-01 7.0428e-01 6.8292e-01 6.2577e-01 6.3383e-01 5.8496e-01 5.8496e-01 5.4435e-01 5.1760e-01 5.4425e-01 6.2126e-01 6.7677e-01 6.5409e-01
-9.9990e+03 -9.9990e+03 -9.9990e+03 -9.9990e+03 -9.9990e+03 -9.9990e+03 -9.9990e+03 -9.9990e+03 -9.9990e+03 -9.9990e+03 -9.9990e+03 -9.9990e+03 -9.9990e+03 -9.9990e+03 -9.9990e+03 -9.9990e+03 -9.9990e+03 9.6529e-01 9.6244e-01 8.9491e-01 9.0199e-01 8.6343e-01 8.6720e-01 8.6501e-01 8.6638e-01 8.6519e-01 8.8712e-01 8.6445e-01 9.2680e-01 9.7596e-01 9.7596e-01 1.0005e+00 9.9289e-01 1.0253e+00 1.0266e+00 1.0400e+00 1.0144e+00 9.9543e-01 9.6442e-01 9.7260e-01 9.6499e-01 9.6499e-01 9.0861e-01 8.6452e-01 7.5988e-01 7.4025e-01 7.4025e-01 7.5155e-01 6.7784e-01 6.1075e-01 5.6563e-01 5.2032e-01 5.5353e-01 5.4639e-01 5.8219e-01 6.5409e-01
-9.9990e+03 -9.9990e+03 -9.9990e+03 -9.9990e+03 -9.9990e+03 -9.9990e+03 -9.9990e+03 -9.9990e+03 -9.9990e+03 -9.9990e+03 -9.9990e+03 -9.9990e+03 -9.9990e+03 -9.9990e+03 -9.9990e+03 -9.9990e+03 -9.9990e+03 -9.9990e+03 8.9728e-01 8.5870e-01 8.5555e-01 8.3919e-01 8.3736e-01 8.4448e-01 8.6638e-01 9.0105e-01 9.2907e-01 9.2907e-01 9.6178e-01 9.6642e-01 9.9468e-01 1.0005e+00 1.0176e+00 1.0457e+00 1.0509e+00 1.0323e+00 1.0144e+00 9.7154e-01 9.7154e-01 1.0110e+00 1.1950e+00 1.0879e+00 1.0643e+00 1.0643e+00 1.0070e+00 8.3390e-01 8.2036e-01 8.4218e-01 7.3042e-01 8.1885e-01 6.6632e-01 6.4083e-01 6.2693e-01 5.6331e-01 6.4425e-01 6.0107e-01
-9.9990e+03 -9.9990e+03 -9.9990e+03 -9.9990e+03 -9.9990e+03 -9.9990e+03 -9.9990e+03 -9.9990e+03 -9.9990e+03 -9.9990e+03 -9.9990e+03 -9.9990e+03 -9.9990e+03 -9.9990e+03 -9.9990e+03 -9.9990e+03 -9.9990e+03 -9.9990e+03 -9.9990e+03 8.6786e-01 8.5719e-01 8.5916e-01 8.4165e-01 8.7250e-01 8.6620e-01 9.0390e-01 9.2184e-01 9.6385e-01 9.9595e-01 9.9595e-01 9.9241e-01 9.9394e-01 1.0171e+00 1.0457e+00 1.0459e+00 1.0209e+00 1.0043e+00 9.3433e-01 9.6066e-01 1.1384e+00 1.1384e+00 1.3562e+00 1.4478e+00 1.2619e+00 1.2282e+00 1.2282e+00 1.2108e+00 9.7365e-01 9.9405e-01 9.9451e-01 7.8483e-01 9.7426e-01 7.6187e-01 7.7051e-01 6.4425e-01 6.7000e-01
-9.9990e+03 -9.9990e+03 -9.9990e+03 -9.9990e+03 -9.9990e+03 -9.9990e+03 -9.9990e+03 -9.9990e+03 -9.9990e+03 -9.9990e+03 -9.9990e+03 -9.9990e+03 -9.9990e+03 -9.9990e+03 -9.9990e+03 -9.9990e+03 -9.9990e+03 -9.9990e+03 -9.9990e+03 8.7528e-01 9.0708e-01 8.8579e-01 8.9458e-01 9.0565e-01 8.8766e-01 9.2176e-01 9.2176e-01 9.7474e-01 9.9555e-01 1.0086e+00 9.8718e-01 9.8718e-01 9.8234e-01 1.0178e+00 1.0125e+00 1.0209e+00 9.3673e-01 8.5210e-01 9.0286e-01 1.0126e+00 1.2120e+00 1.3963e+00 1.3963e+00 1.4948e+00 1.5088e+00 1.4254e+00 1.3928e+00 1.1931e+00 1.3723e+00 1.2106e+00 1.2144e+00 1.1855e+00 9.6133e-01 1.1725e+00 9.8146e-01 9.8136e-01
-9.9990e+03 -9.9990e+03 -9.9990e+03 -9.9990e+03 -9.9990e+03 -9.9990e+03 -9.9990e+03 -9.9990e+03 -9.9990e+03 -9.9990e+03 -9.9990e+03 -9.9990e+03 -9.9990e+03 -9.9990e+03 -9.9990e+03 -9.9990e+03 -9.9990e+03 -9.9990e+03 -9.9990e+03 -9.9990e+03 9.3819e-01 9.1646e-01 9.2418e-01 9.2418e-01 9.1534e-01 8.9670e-01 9.3452e-01 9.8484e-01 9.8484e-01 9.7878e-01 9.8968e-01 9.4373e-01 9.1361e-01 9.7772e-01 8.3507e-01 8.9718e-01 8.2969e-01 8.5210e-01 8.9462e-01 8.6264e-01 9.5958e-01 1.0257e+00 1.2978e+00 1.3854e+00 1.5088e+00 1.4129e+00 1.3905e+00 1.4463e+00 1.4245e+00 1.3852e+00 1.4179e+00 1.3731e+00 1.3226e+00 1.2904e+00 1.1759e+00 1.1275e+00
-9.9990e+03 -9.9990e+03 -9.9990e+03 -9.9990e+03 -9.9990e+03 -9.9990e+03 -9.9990e+03 -9.9990e+03 -9.9990e+03 -9.9990e+03 -9.9990e+03 -9.9990e+03 -9.9990e+03 -9.9990e+03 -9.9990e+03 -9.9990e+03 -9.9990e+03 -9.9990e+03 -9.9990e+03 -9.9990e+03 -9.9990e+03 9.6161e-01 9.3025e-01 9.2335e-01 9.0652e-01 9.0652e-01 8.6508e-01 9.2002e-01 9.3523e-01 8.7085e-01 8.7085e-01 7.7165e-01 8.3341e-01 7.4552e-01 8.3507e-01 7.5959e-01 6.3497e-01 7.2740e-01 7.8189e-01 8.6264e-01 8.6008e-01 8.6008e-01 8.4303e-01 8.7786e-01 1.1593e+00 1.1789e+00 1.3905e+00 1.1632e+00 1.3465e+00 1.3093e+00 1.2654e+00 1.3683e+00 1.3054e+00 1.3054e+00 1.2740e+00 1.2329e+00
-9.9990e+03 -9.9990e+03 -9.9990e+03 -9.9990e+03 -9.9990e+03 -9.9990e+03 -9.9990e+03 -9.9990e+03 -9.9990e+03 -9.9990e+03 -9.9990e+03 -9.9990e+03 -9.9990e+03 -9.9990e+03 -9.9990e+03 -9.9990e+03 -9.9990e+03 -9.9990e+03 -9.9990e+03 -9.9990e+03 -9.9990e+03 9.7317e-01 9.7317e-01 9.3080e-01 9.1349e-01 8.8348e-01 8.5655e-01 8.5655e-01 8.1686e-01 8.3141e-01 7.3118e-01 6.1991e-01 6.6742e-01 4.9744e-01 5.4716e-01 5.1992e-01 6.3497e-01 6.9356e-01 7.2680e-01 7.8017e-01 7.6736e-01 7.6105e-01 7.2304e-01 8.7786e-01 7.4839e-01 7.8555e-01 9.5185e-01 9.4137e-01 1.1226e+00 9.1321e-01 1.0766e+00 1.0429e+00 1.0269e+00 1.1880e+00 1.1644e+00 1.1644e+00
-9.9990e+03 -9.9990e+03 -9.9990e+03 -9.9990e+03 -9.9990e+03 -9.9990e+03 -9.9990e+03 -9.9990e+03 -9.9990e+03 -9.9990e+03 -9.9990e+03 -9.9990e+03 -9.9990e+03 -9.9990e+03 -9.9990e+03 -9.9990e+03 -9.9990e+03 -9.9990e+03 -9.9990e+03 -9.9990e+03 -9.9990e+03 -9.9990e+03 9.8847e-01 9.4626e-01 9.4626e-01 9.3695e-01 9.2836e-01 8.5015e-01 7.8332e-01 7.3300e-01 6.6221e-01 6.1101e-01 4.7206e-01 3.7463e-01 4.0418e-01 3.9447e-01 4.8550e-01 6.5182e-01 7.2680e-01 7.5856e-01 7.2640e-01 7.2640e-01 6.9078e-01 6.8321e-01 6.8418e-01 7.8555e-01 7.0965e-01 7.1710e-01 7.9300e-01 7.7776e-01 8.8589e-01 8.7140e-01 8.7140e-01 8.9111e-01 9.0622e-01 1.0232e+00
-9.9990e+03 -9.9990e+03 -9.9990e+03 -9.9990e+03 -9.9990e+03 -9.9990e+03 -9.9990e+03 -9.9990e+03 -9.9990e+03 -9.9990e+03 -9.9990e+03 -9.9990e+03 -9.9990e+03 -9.9990e+03 -9.9990e+03 -9.9990e+03 -9.9990e+03 -9.9990e+03 -9.9990e+03 -9.9990e+03 -9.9990e+03 -9.9990e+03 -9.9990e+03 1.0185e+00 9.7001e-01 9.6959e-01 9.6959e-01 9.4403e-01 8.6499e-01 7.7315e-01 6.3040e-01 5.2395e-01 4.6867e-01 3.9564e-01 3.6970e-01 3.9447e-01 5.5202e-01 7.0187e-01 7.0187e-01 7.2845e-01 7.2744e-01 6.9466e-01 6.7687e-01 6.7687e-01 6.6825e-01 6.7671e-01 6.9381e-01 7.1710e-01 7.2172e-01 6.9493e-01 7.1898e-01 7.2532e-01 7.7821e-01 7.9822e-01 7.9822e-01 8.2875e-01
-9.9990e+03 -9.9990e+03 -9.9990e+03 -9.9990e+03 -9.9990e+03 -9.9990e+03 -9.9990e+03 -9.9990e+03 -9.9990e+03 -9.9990e+03 -9.9990e+03 -9.9990e+03 -9.9990e+03 -9.9990e+03 -9.9990e+03 -9.9990e+03 -9.9990e+03 -9.9990e+03 -9.9990e+03 -9.9990e+03 -9.9990e+03 -9.9990e+03 -9.9990e+03 -9.9990e+03 1.0024e+00 9.5448e-01 9.6076e-01 9.0973e-01 8.5729e-01 8.2411e-01 7.6426e-01 5.9661e-01 4.5690e-01 3.9098e-01 4.2747e-01 3.9929e-01 4.9468e-01 6.1401e-01 7.1414e-01 6.8872e-01 6.8872e-01 6.5176e-01 6.6752e-01 6.6067e-01 6.6825e-01 6.6642e-01 6.8450e-01 6.9122e-01 6.7659e-01 6.9493e-01 6.9799e-01 6.9799e-01 6.9867e-01 7.0848e-01 7.6024e-01 7.7304e-01
-9.9990e+03 -9.9990e+03 -9.9990e+03 -9.9990e+03 -9.9990e+03 -9.9990e+03 -9.9990e+03 -9.9990e+03 -9.9990e+03 -9.9990e+03 -9.9990e+03 -9.9990e+03 -9.9990e+03 -9.9990e+03 -9.9990e+03 -9.9990e+03 -9.9990e+03 -9.9990e+03 -9.9990e+03 -9.9990e+03 -9.9990e+03 -9.9990e+03 -9.9990e+03 -9.9990e+03 9.6027e-01 9.5448e-01 8.9942e-01 8.2298e-01 8.2815e-01 7.7038e-01 7.1121e-01 6.6094e-01 5.6155e-01 4.8921e-01 4.4166e-01 4.2866e-01 5.3368e-01 5.3368e-01 6.4764e-01 6.8641e-01 6.4958e-01 6.3082e-01 6.3082e-01 6.4144e-01 6.5400e-01 6.7128e-01 6.8450e-01 6.7586e-01 6.5616e-01 6.5683e-01 6.6058e-01 6.7580e-01 6.8331e-01 6.8331e-01 6.9140e-01 7.2557e-01
-9.9990e+03 -9.9990e+03 -9.9990e+03 -9.9990e+03 -9.9990e+03 -9.9990e+03 -9.9990e+03 -9.9990e+03 -9.9990e+03 -9.9990e+03 -9.9990e+03 -9.9990e+03 -9.9990e+03 -9.9990e+03 -9.9990e+03 -9.9990e+03 -9.9990e+03 -9.9990e+03 -9.9990e+03 -9.9990e+03 -9.9990e+03 -9.9990e+03 -9.9990e+03 -9.9990e+03 -9.9990e+03 8.9624e-01 8.3052e-01 8.2298e-01 7.5044e-01 6.8414e-01 6.9384e-01 6.5171e-01 5.7675e-01 5.1547e-01 5.1547e-01 4.6102e-01 5.0116e-01 5.6885e-01 6.4085e-01 6.4085e-01 6.4546e-01 6.3239e-01 6.3850e-01 6.4244e-01 6.5065e-01 6.5204e-01 6.7278e-01 6.6408e-01 6.5616e-01 6.3661e-01 6.1124e-01 6.4669e-01 6.5532e-01 6.7579e-01 7.0141e-01 7.2557e-01
-9.9990e+03 -9.9990e+03 -9.9990e+03 -9.9990e+03 -9.9990e+03 -9.9990e+03 -9.9990e+03 -9.9990e+03 -9.9990e+03 -9.9990e+03 -9.9990e+03 -9.9990e+03 -9.9990e+03 -9.9990e+03 -9.9990e+03 -9.9990e+03 -9.9990e+03 -9.9990e+03 -9.9990e+03 -9.9990e+03 -9.9990e+03 -9.9990e+03 -9.9990e+03 -9.9990e+03 -9.9990e+03 -9.9990e+03 7.8679e-01 7.6913e-01 6.9819e-01 6.8414e-01 6.3371e-01 6.5753e-01 6.8372e-01 6.6958e-01 5.4258e-01 4.8896e-01 4.8896e-01 5.5761e-01 6.0243e-01 6.5709e-01 6.6534e-01 6.6534e-01 6.8755e-01 6.6308e-01 6.4965e-01 6.4643e-01 6.6311e-01 6.4624e-01 6.4555e-01 6.0283e-01 6.1124e-01 6.1600e-01 5.8008e-01 6.4165e-01 6.5696e-01 6.8567e-01
-9.9990e+03 -9.9990e+03 -9.9990e+03 -9.9990e+03 -9.9990e+03 -9.9990e+03 -9.9990e+03 -9.9990e+03 -9.9990e+03 -9.9990e+03 -9.9990e+03 -9.9990e+03 -9.9990e+03 -9.9990e+03 -9.9990e+03 -9.9990e+03 -9.9990e+03 -9.9990e+03 -9.9990e+03 -9.9990e+03 -9.9990e+03 -9.9990e+03 -9.9990e+03 -9.9990e+03 -9.9990e+03 -9.9990e+03 7.8679e-01 7.4756e-01 6.7944e-01 6.3974e-01 6.1442e-01 6.6581e-01 7.3484e-01 7.3484e-01 6.8812e-01 5.8623e-01 5.3229e-01 5.9783e-01 5.9783e-01 6.7411e-01 6.8889e-01 7.0847e-01 7.2855e-01 6.8981e-01 7.1415e-01 6.5681e-01 6.4050e-01 6.4624e-01 6.2081e-01 5.9950e-01 5.6889e-01 5.3610e-01 5.8008e-01 5.9210e-01 6.5696e-01 5.8142e-01
