bias_correction/pipeline/V_2_s_1.3_d_248.asc
ncols        88
nrows        90
xllcorner    2777636
yllcorner    1185112
cellsize     25
NODATA_value -9999
[rows 50 to 74 of 90, columns 0 to 55 of 88]
-9.9990e+03 -9.9990e+03 -9.9990e+03 -9.9990e+03 -9.9990e+03 -9.9990e+03 -9.9990e+03 -9.9990e+03 -9.9990e+03 -9.9990e+03 -9.9990e+03 -9.9990e+03 -9.9990e+03 6.6010e-01 6.4814e-01 5.6258e-01 5.7195e-01 4.2454e-01 3.5956e-01 2.6346e-01 2.2906e-01 1.7915e-01 1.5915e-01 2.9092e-01 2.8391e-01 3.7141e-01 3.7141e-01 3.3482e-01 3.6643e-01 3.2616e-01 2.9265e-01 2.3662e-01 3.1835e-01 4.5578e-01 5.2694e-01 5.2603e-01 4.8898e-01 4.5998e-01 4.2883e-01 4.5001e-01 4.0179e-01 3.8165e-01 3.5840e-01 3.3761e-01 2.6442e-01 2.1268e-01 1.9962e-01 1.7696e-01 2.1310e-01 2.0413e-01 2.2215e-01 2.2031e-01 2.0882e-01 2.0882e-01 2.1574e-01 2.0024e-01
-9.9990e+03 -9.9990e+03 -9.9990e+03 -9.9990e+03 -9.9990e+03 -9.9990e+03 -9.9990e+03 -9.9990e+03 -9.9990e+03 -9.9990e+03 -9.9990e+03 -9.9990e+03 -9.9990e+03 5.7425e-01 5.7174e-01 4.6089e-01 4.7522e-01 4.2454e-01 3.5527e-01 2.9706e-01 3.5606e-01 3.3554e-01 3.1277e-01 4.1111e-01 4.0971e-01 3.9941e-01 4.4181e-01 4.0543e-01 3.9928e-01 3.2737e-01 2.6073e-01 2.7054e-01 3.4657e-01 4.5578e-01 4.7131e-01 5.3492e-01 5.3066e-01 4.9936e-01 4.7712e-01 4.4880e-01 4.1189e-01 3.8165e-01 3.3949e-01 3.1125e-01 2.4173e-01 1.9025e-01 1.6636e-01 1.4248e-01 1.4248e-01 1.6994e-01 1.6050e-01 1.9035e-01 1.6742e-01 1.8066e-01 1.9239e-01 1.6778e-01
-9.9990e+03 -9.9990e+03 -9.9990e+03 -9.9990e+03 -9.9990e+03 -9.9990e+03 -9.9990e+03 -9.9990e+03 -9.9990e+03 -9.9990e+03 -9.9990e+03 -9.9990e+03 -9.9990e+03 5.0368e-01 4.8649e-01 3.9611e-01 3.4786e-01 3.7134e-01 3.5953e-01 3.7346e-01 3.5606e-01 4.0559e-01 4.0554e-01 4.7728e-01 4.8205e-01 4.7209e-01 4.7110e-01 4.4098e-01 3.9928e-01 3.9148e-01 3.2317e-01 3.1791e-01 3.3045e-01 3.8446e-01 5.0888e-01 5.4538e-01 5.3066e-01 5.1414e-01 4.7909e-01 4.2214e-01 3.9453e-01 3.6499e-01 3.1132e-01 3.1132e-01 2.8610e-01 2.3398e-01 1.9273e-01 1.5123e-01 1.2532e-01 1.3415e-01 1.2930e-01 1.4774e-01 1.6742e-01 1.4316e-01 1.6298e-01 1.3112e-01
-9.9990e+03 -9.9990e+03 -9.9990e+03 -9.9990e+03 -9.9990e+03 -9.9990e+03 -9.9990e+03 -9.9990e+03 -9.9990e+03 -9.9990e+03 -9.9990e+03 -9.9990e+03 -9.9990e+03 -9.9990e+03 4.4758e-01 3.6914e-01 3.2158e-01 3.3748e-01 4.0808e-01 4.1849e-01 4.1219e-01 4.6611e-01 4.6992e-01 4.9991e-01 4.9991e-01 5.0509e-01 5.0349e-01 4.7437e-01 4.3547e-01 3.6936e-01 3.4414e-01 3.9409e-01 4.0945e-01 4.4703e-01 5.6182e-01 5.8139e-01 5.5687e-01 5.3958e-01 5.3958e-01 4.7679e-01 3.9320e-01 3.6357e-01 2.9738e-01 2.7542e-01 2.5774e-01 2.0976e-01 1.8752e-01 1.4345e-01 1.2916e-01 1.2633e-01 1.3859e-01 1.3859e-01 1.2754e-01 1.2495e-01 1.2180e-01 1.2570e-01
-9.9990e+03 -9.9990e+03 -9.9990e+03 -9.9990e+03 -9.9990e+03 -9.9990e+03 -9.9990e+03 -9.9990e+03 -9.9990e+03 -9.9990e+03 -9.9990e+03 -9.9990e+03 -9.9990e+03 -9.9990e+03 4.3428e-01 3.6914e-01 3.8918e-01 3.9105e-01 4.6321e-01 4.6321e-01 4.6500e-01 5.2301e-01 5.2675e-01 5.0931e-01 5.1733e-01 5.1887e-01 5.0615e-01 4.5040e-01 3.9495e-01 3.7167e-01 3.8867e-01 3.9409e-01 4.9004e-01 4.9004e-01 5.9445e-01 6.2045e-01 6.3542e-01 6.7253e-01 5.8296e-01 4.7679e-01 3.8247e-01 3.3695e-01 2.6396e-01 2.3869e-01 2.2239e-01 1.8053e-01 1.8053e-01 1.6260e-01 1.3951e-01 1.4672e-01 1.9292e-01 1.7603e-01 1.4600e-01 1.5455e-01 1.3471e-01 1.2570e-01
-9.9990e+03 -9.9990e+03 -9.9990e+03 -9.9990e+03 -9.9990e+03 -9.9990e+03 -9.9990e+03 -9.9990e+03 -9.9990e+03 -9.9990e+03 -9.9990e+03 -9.9990e+03 -9.9990e+03 -9.9990e+03 -9.9990e+03 4.6797e-01 4.8569e-01 4.7577e-01 5.1901e-01 5.0626e-01 5.1386e-01 5.4413e-01 5.4876e-01 5.2902e-01 5.2986e-01 5.2993e-01 5.0691e-01 5.0691e-01 4.3967e-01 4.3168e-01 4.2765e-01 4.5514e-01 5.5027e-01 5.6667e-01 6.6961e-01 6.8838e-01 7.0476e-01 7.2507e-01 6.2812e-01 4.9583e-01 3.7699e-01 3.7699e-01 2.9025e-01 2.4638e-01 2.2640e-01 2.1743e-01 1.7996e-01 1.4415e-01 1.5028e-01 1.7256e-01 2.3175e-01 2.2126e-01 1.8935e-01 1.9715e-01 1.6154e-01 1.6154e-01
-9.9990e+03 -9.9990e+03 -9.9990e+03 -9.9990e+03 -9.9990e+03 -9.9990e+03 -9.9990e+03 -9.9990e+03 -9.9990e+03 -9.9990e+03 -9.9990e+03 -9.9990e+03 -9.9990e+03 -9.9990e+03 -9.9990e+03 5.1084e-01 5.2845e-01 5.3478e-01 5.1901e-01 5.3781e-01 5.4016e-01 5.1544e-01 5.1544e-01 5.2822e-01 4.9614e-01 5.1703e-01 5.1863e-01 5.0986e-01 4.6949e-01 5.1931e-01 5.1988e-01 5.4034e-01 6.2057e-01 6.4061e-01 6.6961e-01 7.5264e-01 7.5264e-01 8.2087e-01 7.3039e-01 6.2961e-01 4.5137e-01 3.5307e-01 2.9025e-01 2.5782e-01 2.4485e-01 2.3933e-01 2.0570e-01 1.6177e-01 1.8810e-01 2.0558e-01 2.0558e-01 2.6777e-01 2.7016e-01 2.9147e-01 2.4131e-01 1.8949e-01
-9.9990e+03 -9.9990e+03 -9.9990e+03 -9.9990e+03 -9.9990e+03 -9.9990e+03 -9.9990e+03 -9.9990e+03 -9.9990e+03 -9.9990e+03 -9.9990e+03 -9.9990e+03 -9.9990e+03 -9.9990e+03 -9.9990e+03 5.5996e-01 5.5353e-01 5.5353e-01 5.6796e-01 6.0240e-01 5.5627e-01 5.0271e-01 4.7173e-01 4.8100e-01 4.4054e-01 4.6516e-01 4.8371e-01 5.3190e-01 5.3359e-01 5.9701e-01 6.0136e-01 6.0136e-01 6.3923e-01 6.7034e-01 7.1358e-01 8.5006e-01 8.5705e-01 8.4830e-01 6.9919e-01 5.7891e-01 3.8051e-01 3.3115e-01 2.9263e-01 2.8118e-01 2.5869e-01 2.6022e-01 2.4797e-01 2.4324e-01 2.7143e-01 2.4267e-01 2.4243e-01 2.9592e-01 3.1424e-01 2.9147e-01 2.9090e-01 2.2156e-01
-9.9990e+03 -9.9990e+03 -9.9990e+03 -9.9990e+03 -9.9990e+03 -9.9990e+03 -9.9990e+03 -9.9990e+03 -9.9990e+03 -9.9990e+03 -9.9990e+03 -9.9990e+03 -9.9990e+03 -9.9990e+03 -9.9990e+03 -9.9990e+03 6.2842e-01 5.8041e-01 6.0455e-01 6.0958e-01 5.5364e-01 5.0271e-01 4.4128e-01 4.3020e-01 4.0908e-01 4.2813e-01 4.2813e-01 4.9876e-01 5.6260e-01 5.9176e-01 6.3610e-01 6.3428e-01 6.4621e-01 7.0280e-01 7.8410e-01 9.0684e-01 9.2115e-01 8.4830e-01 6.5366e-01 6.5366e-01 4.5915e-01 3.4635e-01 3.4206e-01 3.6855e-01 3.1119e-01 2.6022e-01 2.6485e-01 2.8660e-01 3.1272e-01 2.8370e-01 2.7259e-01 3.0283e-01 3.4057e-01 3.4057e-01 3.7144e-01 3.4751e-01
-9.9990e+03 -9.9990e+03 -9.9990e+03 -9.9990e+03 -9.9990e+03 -9.9990e+03 -9.9990e+03 -9.9990e+03 -9.9990e+03 -9.9990e+03 -9.9990e+03 -9.9990e+03 -9.9990e+03 -9.9990e+03 -9.9990e+03 -9.9990e+03 6.2842e-01 5.9480e-01 6.1399e-01 5.6131e-01 5.2166e-01 5.2166e-01 4.6470e-01 4.3313e-01 4.1047e-01 4.3692e-01 4.4495e-01 5.4480e-01 6.0119e-01 6.2971e-01 6.5028e-01 6.3788e-01 6.4621e-01 7.2517e-01 7.2517e-01 8.1114e-01 8.7347e-01 8.9461e-01 7.6578e-01 6.1851e-01 4.5915e-01 3.6429e-01 3.8289e-01 4.0460e-01 3.5430e-01 2.8150e-01 3.1256e-01 3.2116e-01 3.2116e-01 3.0826e-01 2.8965e-01 2.6246e-01 2.8689e-01 3.4135e-01 3.9073e-01 3.9424e-01
-9.9990e+03 -9.9990e+03 -9.9990e+03 -9.9990e+03 -9.9990e+03 -9.9990e+03 -9.9990e+03 -9.9990e+03 -9.9990e+03 -9.9990e+03 -9.9990e+03 -9.9990e+03 -9.9990e+03 -9.9990e+03 -9.9990e+03 -9.9990e+03 -9.9990e+03 6.1073e-01 5.7515e-01 4.9990e-01 5.0060e-01 4.8027e-01 4.7408e-01 4.6397e-01 4.4978e-01 5.0324e-01 5.0600e-01 5.8483e-01 6.3350e-01 6.3350e-01 6.8968e-01 6.7552e-01 6.5296e-01 7.0487e-01 7.4584e-01 7.8401e-01 8.0974e-01 8.2178e-01 6.8230e-01 6.0403e-01 4.5983e-01 4.1141e-01 4.1347e-01 4.2342e-01 4.2344e-01 4.0849e-01 4.2125e-01 3.6829e-01 3.2941e-01 2.9656e-01 2.8284e-01 2.6408e-01 2.7442e-01 3.2865e-01 3.7192e-01 4.0404e-01
-9.9990e+03 -9.9990e+03 -9.9990e+03 -9.9990e+03 -9.9990e+03 -9.9990e+03 -9.9990e+03 -9.9990e+03 -9.9990e+03 -9.9990e+03 -9.9990e+03 -9.9990e+03 -9.9990e+03 -9.9990e+03 -9.9990e+03 -9.9990e+03 -9.9990e+03 5.3955e-01 5.1796e-01 4.9990e-01 4.5177e-01 4.6270e-01 4.9313e-01 5.0108e-01 5.0108e-01 5.5750e-01 5.6184e-01 5.6070e-01 6.1252e-01 6.6584e-01 7.0242e-01 6.9904e-01 6.8916e-01 7.2515e-01 7.4949e-01 7.8401e-01 7.4207e-01 7.4171e-01 6.4972e-01 6.3305e-01 6.2489e-01 6.2243e-01 4.8483e-01 4.2342e-01 4.5500e-01 4.6005e-01 4.8546e-01 4.2358e-01 3.4429e-01 3.1344e-01 2.8929e-01 2.8929e-01 2.9163e-01 2.8221e-01 2.9966e-01 3.3895e-01
-9.9990e+03 -9.9990e+03 -9.9990e+03 -9.9990e+03 -9.9990e+03 -9.9990e+03 -9.9990e+03 -9.9990e+03 -9.9990e+03 -9.9990e+03 -9.9990e+03 -9.9990e+03 -9.9990e+03 -9.9990e+03 -9.9990e+03 -9.9990e+03 -9.9990e+03 4.6951e-01 4.5335e-01 4.5335e-01 4.3668e-01 4.4931e-01 4.9955e-01 5.1215e-01 5.3068e-01 5.7340e-01 5.8953e-01 5.9272e-01 6.1351e-01 6.6611e-01 6.7569e-01 7.0740e-01 7.1630e-01 6.9889e-01 7.0066e-01 7.1571e-01 6.4481e-01 6.4504e-01 5.3026e-01 6.2138e-01 6.9779e-01 8.3106e-01 6.8115e-01 5.1059e-01 5.5534e-01 5.1511e-01 6.3373e-01 5.8641e-01 5.0711e-01 4.9663e-01 3.8238e-01 3.3337e-01 3.4844e-01 3.0707e-01 3.5011e-01 3.4862e-01
-9.9990e+03 -9.9990e+03 -9.9990e+03 -9.9990e+03 -9.9990e+03 -9.9990e+03 -9.9990e+03 -9.9990e+03 -9.9990e+03 -9.9990e+03 -9.9990e+03 -9.9990e+03 -9.9990e+03 -9.9990e+03 -9.9990e+03 -9.9990e+03 -9.9990e+03 -9.9990e+03 4.3588e-01 4.2710e-01 4.6858e-01 4.7820e-01 4.9955e-01 5.3514e-01 5.4580e-01 5.7092e-01 6.0290e-01 6.0290e-01 6.1765e-01 5.9842e-01 6.2752e-01 6.1903e-01 6.7910e-01 6.2832e-01 6.3191e-01 6.3745e-01 5.1685e-01 5.0964e-01 5.3026e-01 6.5536e-01 8.2693e-01 8.6102e-01 9.8573e-01 9.2154e-01 9.3997e-01 7.5693e-01 6.3373e-01 7.3699e-01 6.4704e-01 6.8043e-01 5.2360e-01 4.1820e-01 4.6465e-01 3.9669e-01 3.5011e-01 4.5946e-01
-9.9990e+03 -9.9990e+03 -9.9990e+03 -9.9990e+03 -9.9990e+03 -9.9990e+03 -9.9990e+03 -9.9990e+03 -9.9990e+03 -9.9990e+03 -9.9990e+03 -9.9990e+03 -9.9990e+03 -9.9990e+03 -9.9990e+03 -9.9990e+03 -9.9990e+03 -9.9990e+03 4.4240e-01 4.4494e-01 5.0369e-01 5.1971e-01 5.1971e-01 5.4164e-01 5.2757e-01 5.3222e-01 5.5843e-01 6.1704e-01 6.1108e-01 5.8428e-01 5.8046e-01 5.3064e-01 5.9535e-01 6.2832e-01 5.2469e-01 5.2298e-01 3.9186e-01 4.0040e-01 4.0815e-01 5.1165e-01 6.6079e-01 8.6102e-01 9.5499e-01 1.0513e+00 1.0261e+00 9.2207e-01 7.9598e-01 8.7093e-01 8.1985e-01 6.8043e-01 8.5450e-01 7.2261e-01 7.3280e-01 6.3516e-01 5.4081e-01 6.0396e-01
-9.9990e+03 -9.9990e+03 -9.9990e+03 -9.9990e+03 -9.9990e+03 -9.9990e+03 -9.9990e+03 -9.9990e+03 -9.9990e+03 -9.9990e+03 -9.9990e+03 -9.9990e+03 -9.9990e+03 -9.9990e+03 -9.9990e+03 -9.9990e+03 -9.9990e+03 -9.9990e+03 -9.9990e+03 4.7295e-01 4.9426e-01 5.1627e-01 5.3845e-01 5.1513e-01 5.0210e-01 5.0746e-01 5.3138e-01 5.9886e-01 5.5781e-01 5.4807e-01 5.1581e-01 4.1228e-01 4.0831e-01 4.5869e-01 3.5244e-01 3.8809e-01 2.6669e-01 3.0274e-01 3.8499e-01 5.4360e-01 6.1803e-01 7.6092e-01 7.6747e-01 9.7072e-01 9.1266e-01 9.1266e-01 9.2988e-01 8.1903e-01 8.6321e-01 8.9738e-01 8.7678e-01 8.3731e-01 8.1311e-01 7.6857e-01 6.8919e-01 7.1958e-01
-9.9990e+03 -9.9990e+03 -9.9990e+03 -9.9990e+03 -9.9990e+03 -9.9990e+03 -9.9990e+03 -9.9990e+03 -9.9990e+03 -9.9990e+03 -9.9990e+03 -9.9990e+03 -9.9990e+03 -9.9990e+03 -9.9990e+03 -9.9990e+03 -9.9990e+03 -9.9990e+03 -9.9990e+03 5.1094e-01 4.9426e-01 5.0710e-01 5.2574e-01 4.6807e-01 4.7091e-01 4.8378e-01 4.6151e-01 4.8222e-01 5.2841e-01 4.5378e-01 4.4610e-01 2.7369e-01 2.6345e-01 2.9307e-01 2.0616e-01 2.5410e-01 2.6669e-01 2.8160e-01 4.2851e-01 4.5389e-01 5.2826e-01 5.4941e-01 4.6812e-01 5.4990e-01 7.5331e-01 7.0786e-01 8.0149e-01 6.7969e-01 7.3610e-01 8.2608e-01 7.6226e-01 8.1551e-01 8.1311e-01 7.7638e-01 7.9983e-01 7.3599e-01
-9.9990e+03 -9.9990e+03 -9.9990e+03 -9.9990e+03 -9.9990e+03 -9.9990e+03 -9.9990e+03 -9.9990e+03 -9.9990e+03 -9.9990e+03 -9.9990e+03 -9.9990e+03 -9.9990e+03 -9.9990e+03 -9.9990e+03 -9.9990e+03 -9.9990e+03 -9.9990e+03 -9.9990e+03 5.5042e-01 4.9827e-01 4.9798e-01 4.8019e-01 4.3446e-01 4.2599e-01 4.4678e-01 4.4824e-01 4.4957e-01 4.4989e-01 3.3158e-01 3.0184e-01 1.4339e-01 1.3187e-01 1.4390e-01 3.8416e-02 9.6618e-02 1.5906e-01 2.6841e-01 3.4571e-01 4.5634e-01 4.8865e-01 4.8726e-01 4.1467e-01 4.3089e-01 5.5256e-01 5.3846e-01 6.3691e-01 5.5568e-01 5.5568e-01 5.8564e-01 5.1037e-01 5.9260e-01 6.9560e-01 6.5420e-01 7.1124e-01 6.4256e-01
-9.9990e+03 -9.9990e+03 -9.9990e+03 -9.9990e+03 -9.9990e+03 -9.9990e+03 -9.9990e+03 -9.9990e+03 -9.9990e+03 -9.9990e+03 -9.9990e+03 -9.9990e+03 -9.9990e+03 -9.9990e+03 -9.9990e+03 -9.9990e+03 -9.9990e+03 -9.9990e+03 -9.9990e+03 -9.9990e+03 5.7113e-01 4.9543e-01 4.5214e-01 4.3446e-01 3.9374e-01 4.2236e-01 4.4574e-01 4.4197e-01 3.8657e-01 3.5229e-01 2.4219e-01 1.7646e-01 4.0914e-02 1.3635e-02 1.3257e-02 8.6513e-02 1.8426e-01 3.6978e-01 4.0512e-01 4.5634e-01 4.4639e-01 4.5082e-01 4.2387e-01 4.2387e-01 4.0764e-01 4.0369e-01 4.3957e-01 5.1539e-01 4.5473e-01 4.6969e-01 3.9778e-01 4.5557e-01 5.5734e-01 5.1953e-01 5.8397e-01 6.4256e-01
-9.9990e+03 -9.9990e+03 -9.9990e+03 -9.9990e+03 -9.9990e+03 -9.9990e+03 -9.9990e+03 -9.9990e+03 -9.9990e+03 -9.9990e+03 -9.9990e+03 -9.9990e+03 -9.9990e+03 -9.9990e+03 -9.9990e+03 -9.9990e+03 -9.9990e+03 -9.9990e+03 -9.9990e+03 -9.9990e+03 5.7153e-01 4.8092e-01 4.3591e-01 4.0206e-01 3.9072e-01 3.8012e-01 3.8160e-01 4.2513e-01 4.3126e-01 3.3477e-01 2.1806e-01 1.0631e-01 3.2307e-02 -7.4649e-03 6.2153e-02 1.3697e-01 2.7635e-01 4.4326e-01 4.4326e-01 4.5400e-01 4.3074e-01 4.1808e-01 4.4202e-01 4.4330e-01 4.1825e-01 3.8111e-01 3.8676e-01 4.3464e-01 3.7670e-01 3.8322e-01 3.2503e-01 3.2503e-01 3.6255e-01 3.5495e-01 4.1344e-01 4.6916e-01
-9.9990e+03 -9.9990e+03 -9.9990e+03 -9.9990e+03 -9.9990e+03 -9.9990e+03 -9.9990e+03 -9.9990e+03 -9.9990e+03 -9.9990e+03 -9.9990e+03 -9.9990e+03 -9.9990e+03 -9.9990e+03 -9.9990e+03 -9.9990e+03 -9.9990e+03 -9.9990e+03 -9.9990e+03 -9.9990e+03 -9.9990e+03 5.1916e-01 4.7260e-01 4.3464e-01 4.0233e-01 3.7723e-01 3.8160e-01 3.6171e-01 3.8641e-01 3.1730e-01 2.2763e-01 1.2509e-01 9.2690e-02 9.2690e-02 5.9806e-02 1.2615e-01 2.0166e-01 3.6984e-01 4.6444e-01 4.7454e-01 4.2712e-01 4.0646e-01 4.4202e-01 4.2046e-01 4.0714e-01 3.7080e-01 3.7080e-01 3.6161e-01 3.1267e-01 3.0701e-01 3.1866e-01 2.8476e-01 3.0482e-01 2.9536e-01 3.3705e-01 3.9120e-01
-9.9990e+03 -9.9990e+03 -9.9990e+03 -9.9990e+03 -9.9990e+03 -9.9990e+03 -9.9990e+03 -9.9990e+03 -9.9990e+03 -9.9990e+03 -9.9990e+03 -9.9990e+03 -9.9990e+03 -9.9990e+03 -9.9990e+03 -9.9990e+03 -9.9990e+03 -9.9990e+03 -9.9990e+03 -9.9990e+03 -9.9990e+03 5.1916e-01 4.7423e-01 4.4599e-01 4.1512e-01 3.6390e-01 3.3434e-01 2.7393e-01 2.6337e-01 3.0897e-01 2.7906e-01 2.3624e-01 2.2486e-01 1.7179e-01 1.3698e-01 1.8435e-01 2.3906e-01 3.6984e-01 4.3793e-01 4.6818e-01 4.2365e-01 4.2365e-01 3.9739e-01 3.8295e-01 3.8122e-01 3.8839e-01 3.4587e-01 3.2407e-01 2.5632e-01 2.4788e-01 2.7418e-01 2.5305e-01 2.6990e-01 2.9536e-01 3.0359e-01 3.0359e-01
-9.9990e+03 -9.9990e+03 -9.9990e+03 -9.9990e+03 -9.9990e+03 -9.9990e+03 -9.9990e+03 -9.9990e+03 -9.9990e+03 -9.9990e+03 -9.9990e+03 -9.9990e+03 -9.9990e+03 -9.9990e+03 -9.9990e+03 -9.9990e+03 -9.9990e+03 -9.9990e+03 -9.9990e+03 -9.9990e+03 -9.9990e+03 5.0911e-01 5.2562e-01 4.9394e-01 4.8349e-01 4.2017e-01 3.4434e-01 2.5019e-01 2.1753e-01 2.5593e-01 2.4748e-01 2.5508e-01 3.0235e-01 2.5168e-01 2.0438e-01 2.2839e-01 2.2839e-01 2.6586e-01 3.4109e-01 4.0323e-01 4.3080e-01 4.1962e-01 3.8989e-01 3.7340e-01 3.5145e-01 3.5944e-01 3.1328e-01 2.8375e-01 2.2160e-01 2.0691e-01 2.0691e-01 1.9838e-01 2.3006e-01 2.6357e-01 2.5428e-01 2.6533e-01
-9.9990e+03 -9.9990e+03 -9.9990e+03 -9.9990e+03 -9.9990e+03 -9.9990e+03 -9.9990e+03 -9.9990e+03 -9.9990e+03 -9.9990e+03 -9.9990e+03 -9.9990e+03 -9.9990e+03 -9.9990e+03 -9.9990e+03 -9.9990e+03 -9.9990e+03 -9.9990e+03 -9.9990e+03 -9.9990e+03 -9.9990e+03 -9.9990e+03 5.3892e-01 5.0662e-01 4.8349e-01 4.1463e-01 3.3545e-01 2.6826e-01 2.2673e-01 2.3620e-01 2.6152e-01 2.6152e-01 3.1263e-01 3.6448e-01 2.9878e-01 2.8258e-01 2.5702e-01 2.8476e-01 3.5035e-01 3.9363e-01 4.3080e-01 4.2518e-01 4.0023e-01 3.8607e-01 3.4191e-01 3.4191e-01 3.1955e-01 2.9142e-01 2.6176e-01 2.1629e-01 1.8275e-01 1.2012e-01 1.6155e-01 2.3010e-01 2.1779e-01 2.3021e-01
-9.9990e+03 -9.9990e+03 -9.9990e+03 -9.9990e+03 -9.9990e+03 -9.9990e+03 -9.9990e+03 -9.9990e+03 -9.9990e+03 -9.9990e+03 -9.9990e+03 -9.9990e+03 -9.9990e+03 -9.9990e+03 -9.9990e+03 -9.9990e+03 -9.9990e+03 -9.9990e+03 -9.9990e+03 -9.9990e+03 -9.9990e+03 -9.9990e+03 5.3294e-01 4.9418e-01 4.7450e-01 4.0897e-01 4.0897e-01 3.6200e-01 2.8630e-01 2.1654e-01 1.8297e-01 2.7934e-01 3.7632e-01 4.3315e-01 3.5620e-01 3.0293e-01 2.7484e-01 3.0315e-01 3.6960e-01 4.0580e-01 4.0580e-01 4.3701e-01 4.3851e-01 4.5245e-01 4.1211e-01 3.4994e-01 3.3183e-01 2.8865e-01 2.5934e-01 1.8055e-01 1.2719e-01 7.0316e-02 1.0387e-01 1.0387e-01 1.7000e-01 2.2715e-01
