bias_correction/pipeline/V_2_s_1.3_d_248.asc
ncols        88
nrows        90
xllcorner    2777636
yllcorner    1185112
cellsize     25
NODATA_value -9999
[rows 25 to 49 of 90, columns 0 to 55 of 88]
-9.9990e+03 -9.9990e+03 -9.9990e+03 -9.9990e+03 -9.9990e+03 -9.9990e+03 -9.9990e+03 -9.9990e+03 -9.9990e+03 -9.9990e+03 -9.9990e+03 -9.9990e+03 -9.9990e+03 5.1294e-01 5.3195e-01 4.8794e-01 6.2377e-01 6.2377e-01 6.6776e-01 7.6861e-01 9.8852e-01 9.9557e-01 1.3058e+00 1.3728e+00 1.6336e+00 1.5440e+00 1.3291e+00 1.0534e+00 8.3560e-01 8.3826e-01 7.6218e-01 6.9869e-01 6.4718e-01 5.9058e-01 5.7590e-01 5.6434e-01 5.8712e-01 5.7375e-01 5.5762e-01 5.2219e-01 5.4366e-01 5.7702e-01 5.7416e-01 5.2914e-01 5.2914e-01 4.9421e-01 5.1544e-01 5.0439e-01 4.8603e-01 4.2286e-01 3.2036e-01 4.3360e-01 6.7985e-01 1.0405e+00 9.0717e-01 7.5020e-01
-9.9990e+03 -9.9990e+03 -9.9990e+03 -9.9990e+03 -9.9990e+03 -9.9990e+03 -9.9990e+03 -9.9990e+03 -9.9990e+03 -9.9990e+03 -9.9990e+03 -9.9990e+03 -9.9990e+03 5.7395e-01 4.4761e-01 4.0426e-01 4.2021e-01 5.2959e-01 6.3015e-01 6.8006e-01 8.0585e-01 8.4054e-01 1.0357e+00 1.1112e+00 1.3717e+00 1.4803e+00 1.2262e+00 1.3113e+00 1.2086e+00 1.0341e+00 8.2419e-01 6.9646e-01 6.4797e-01 6.1895e-01 6.4943e-01 6.0708e-01 5.8959e-01 5.5736e-01 5.3009e-01 5.2694e-01 5.1341e-01 5.3958e-01 5.8222e-01 5.7287e-01 5.2040e-01 4.7003e-01 4.8275e-01 4.2899e-01 3.9943e-01 3.3600e-01 2.6154e-01 4.5251e-01 7.9106e-01 8.7115e-01 1.2030e+00 1.2382e+00
-9.9990e+03 -9.9990e+03 -9.9990e+03 -9.9990e+03 -9.9990e+03 -9.9990e+03 -9.9990e+03 -9.9990e+03 -9.9990e+03 -9.9990e+03 -9.9990e+03 -9.9990e+03 -9.9990e+03 6.6817e-01 4.9871e-01 4.0426e-01 4.6735e-01 5.3845e-01 7.1259e-01 7.5247e-01 7.5247e-01 8.5563e-01 8.1450e-01 8.7371e-01 9.0752e-01 1.0597e+00 9.7189e-01 1.1462e+00 1.1665e+00 9.5358e-01 8.0075e-01 6.9646e-01 6.6906e-01 6.7735e-01 7.1145e-01 6.9576e-01 6.4204e-01 6.1049e-01 5.5902e-01 5.2694e-01 5.1720e-01 5.3916e-01 5.5580e-01 5.5010e-01 5.0427e-01 4.2630e-01 4.2720e-01 4.2899e-01 3.2685e-01 2.8624e-01 1.4276e-01 2.0664e-01 4.4245e-01 8.9601e-01 1.2897e+00 1.2382e+00
-9.9990e+03 -9.9990e+03 -9.9990e+03 -9.9990e+03 -9.9990e+03 -9.9990e+03 -9.9990e+03 -9.9990e+03 -9.9990e+03 -9.9990e+03 -9.9990e+03 -9.9990e+03 -9.9990e+03 7.6973e-01 6.4874e-01 6.4874e-01 7.0636e-01 6.3183e-01 6.4889e-01 7.8732e-01 8.5852e-01 8.4837e-01 8.1980e-01 8.0465e-01 7.4372e-01 8.2209e-01 9.7189e-01 9.2899e-01 9.7790e-01 8.0637e-01 8.5733e-01 8.2084e-01 7.8720e-01 7.0207e-01 7.1145e-01 7.1004e-01 6.6090e-01 6.1879e-01 5.6599e-01 5.3377e-01 5.0277e-01 5.1506e-01 5.5580e-01 5.2349e-01 5.1621e-01 4.1803e-01 3.6511e-01 3.4945e-01 2.4485e-01 1.9117e-01 1.4276e-01 1.4459e-01 4.0355e-01 8.0665e-01 1.2404e+00 1.3592e+00
-9.9990e+03 -9.9990e+03 -9.9990e+03 -9.9990e+03 -9.9990e+03 -9.9990e+03 -9.9990e+03 -9.9990e+03 -9.9990e+03 -9.9990e+03 -9.9990e+03 -9.9990e+03 -9.9990e+03 7.8794e-01 8.1592e-01 7.8825e-01 7.8444e-01 7.3417e-01 7.2582e-01 7.3305e-01 8.0883e-01 7.8218e-01 7.7545e-01 7.3405e-01 6.2745e-01 6.0774e-01 6.6943e-01 6.6864e-01 7.3262e-01 6.6229e-01 8.1048e-01 8.8947e-01 8.4396e-01 7.4341e-01 7.2250e-01 7.1828e-01 6.6975e-01 6.2582e-01 6.2582e-01 5.7549e-01 5.2481e-01 4.7967e-01 4.8836e-01 4.9914e-01 4.7879e-01 3.6229e-01 3.0178e-01 2.7887e-01 2.0865e-01 1.5508e-01 9.5266e-02 8.1951e-02 1.1091e-01 3.3647e-01 6.6074e-01 1.0419e+00
-9.9990e+03 -9.9990e+03 -9.9990e+03 -9.9990e+03 -9.9990e+03 -9.9990e+03 -9.9990e+03 -9.9990e+03 -9.9990e+03 -9.9990e+03 -9.9990e+03 -9.9990e+03 -9.9990e+03 7.8794e-01 7.5770e-01 8.0108e-01 7.6651e-01 7.5008e-01 7.1396e-01 6.7019e-01 6.5363e-01 7.1006e-01 6.8222e-01 6.6836e-01 5.3569e-01 5.4806e-01 6.0766e-01 5.9312e-01 5.7800e-01 6.6229e-01 8.0739e-01 9.5896e-01 9.7397e-01 8.9758e-01 8.1062e-01 7.9756e-01 7.2886e-01 6.7600e-01 6.3307e-01 5.7821e-01 5.0881e-01 4.6211e-01 4.7377e-01 4.8028e-01 4.3965e-01 3.6229e-01 3.1545e-01 2.5631e-01 2.0875e-01 1.9310e-01 1.5004e-01 1.1250e-01 1.3869e-01 3.3647e-01 5.4329e-01 8.4968e-01
-9.9990e+03 -9.9990e+03 -9.9990e+03 -9.9990e+03 -9.9990e+03 -9.9990e+03 -9.9990e+03 -9.9990e+03 -9.9990e+03 -9.9990e+03 -9.9990e+03 -9.9990e+03 -9.9990e+03 6.8983e-01 5.7947e-01 6.6966e-01 6.4032e-01 7.0112e-01 7.1405e-01 6.3765e-01 6.1741e-01 6.3700e-01 5.8627e-01 5.5815e-01 5.1639e-01 5.4275e-01 5.9014e-01 5.5751e-01 5.1030e-01 4.6132e-01 6.4142e-01 8.3567e-01 9.1647e-01 9.0721e-01 8.6517e-01 8.2032e-01 7.4337e-01 6.8576e-01 6.3125e-01 5.7089e-01 5.1252e-01 5.1252e-01 4.6823e-01 4.8295e-01 4.5621e-01 4.0939e-01 2.8652e-01 2.2311e-01 1.7784e-01 1.7553e-01 1.5873e-01 1.7514e-01 2.0325e-01 3.4131e-01 4.9152e-01 4.9152e-01
-9.9990e+03 -9.9990e+03 -9.9990e+03 -9.9990e+03 -9.9990e+03 -9.9990e+03 -9.9990e+03 -9.9990e+03 -9.9990e+03 -9.9990e+03 -9.9990e+03 -9.9990e+03 -9.9990e+03 4.4856e-01 4.8799e-01 5.7678e-01 6.4032e-01 5.8576e-01 6.3861e-01 6.1118e-01 6.0514e-01 5.9549e-01 5.4850e-01 5.2336e-01 5.1389e-01 5.5320e-01 5.4626e-01 4.4800e-01 4.0260e-01 4.0067e-01 6.9557e-01 8.6564e-01 9.1647e-01 8.4781e-01 8.6790e-01 8.2724e-01 8.2724e-01 7.6644e-01 7.0359e-01 6.4319e-01 5.8257e-01 5.3613e-01 4.9132e-01 4.7063e-01 4.3138e-01 3.8078e-01 2.8099e-01 2.0368e-01 1.7784e-01 1.6336e-01 1.6336e-01 1.8768e-01 2.2176e-01 2.6717e-01 3.8890e-01 4.7950e-01
-9.9990e+03 -9.9990e+03 -9.9990e+03 -9.9990e+03 -9.9990e+03 -9.9990e+03 -9.9990e+03 -9.9990e+03 -9.9990e+03 -9.9990e+03 -9.9990e+03 -9.9990e+03 -9.9990e+03 3.4672e-01 4.2623e-01 4.9532e-01 5.3088e-01 4.5797e-01 4.9300e-01 5.2097e-01 5.6275e-01 5.6410e-01 5.0004e-01 5.0872e-01 5.4339e-01 5.6610e-01 5.1918e-01 3.2818e-01 3.1702e-01 4.4339e-01 7.9354e-01 7.9354e-01 8.7328e-01 7.5660e-01 7.7137e-01 7.6576e-01 7.9637e-01 7.7036e-01 7.2034e-01 6.7234e-01 6.0897e-01 5.6665e-01 5.1236e-01 4.7063e-01 4.4411e-01 4.0940e-01 3.7286e-01 2.9456e-01 2.1324e-01 1.8026e-01 1.6089e-01 1.8768e-01 2.3079e-01 2.9930e-01 4.0343e-01 4.8275e-01
-9.9990e+03 -9.9990e+03 -9.9990e+03 -9.9990e+03 -9.9990e+03 -9.9990e+03 -9.9990e+03 -9.9990e+03 -9.9990e+03 -9.9990e+03 -9.9990e+03 -9.9990e+03 -9.9990e+03 1.3037e-01 3.1412e-01 4.1541e-01 4.6244e-01 4.2143e-01 4.4689e-01 5.2097e-01 4.8254e-01 4.8991e-01 4.6074e-01 5.1519e-01 5.6980e-01 4.9943e-01 4.9943e-01 4.1994e-01 2.6631e-01 2.9904e-01 6.3002e-01 8.6184e-01 8.4962e-01 7.1671e-01 6.9939e-01 7.6576e-01 7.2573e-01 7.5145e-01 7.3509e-01 7.3509e-01 6.9789e-01 6.3163e-01 5.7018e-01 5.0951e-01 4.3045e-01 4.0734e-01 3.9927e-01 3.1975e-01 2.4400e-01 2.0287e-01 1.6160e-01 1.8205e-01 2.1826e-01 2.1826e-01 3.0754e-01 4.0007e-01
-9.9990e+03 -9.9990e+03 -9.9990e+03 -9.9990e+03 -9.9990e+03 -9.9990e+03 -9.9990e+03 -9.9990e+03 -9.9990e+03 -9.9990e+03 -9.9990e+03 -9.9990e+03 -9.9990e+03 1.9906e-01 3.1412e-01 3.9245e-01 4.3307e-01 4.1981e-01 4.3814e-01 4.6920e-01 3.8275e-01 3.6630e-01 4.0410e-01 4.3041e-01 4.9412e-01 4.4293e-01 3.9873e-01 3.3090e-01 2.3868e-01 3.3291e-01 6.3002e-01 8.8407e-01 8.0968e-01 7.0529e-01 7.0529e-01 6.5532e-01 6.0809e-01 6.5415e-01 7.2488e-01 7.3038e-01 6.9284e-01 5.9628e-01 5.4111e-01 4.8787e-01 4.3118e-01 4.3009e-01 3.9927e-01 3.5825e-01 3.5825e-01 3.2712e-01 2.3887e-01 1.7495e-01 1.7425e-01 2.1031e-01 3.0754e-01 3.8356e-01
-9.9990e+03 -9.9990e+03 -9.9990e+03 -9.9990e+03 -9.9990e+03 -9.9990e+03 -9.9990e+03 -9.9990e+03 -9.9990e+03 -9.9990e+03 -9.9990e+03 -9.9990e+03 -9.9990e+03 2.4862e-01 3.2794e-01 2.9535e-01 3.4376e-01 3.5182e-01 3.9472e-01 4.0150e-01 2.9498e-01 2.8248e-01 3.4548e-01 3.7391e-01 4.2889e-01 3.6259e-01 3.1410e-01 2.6569e-01 2.4705e-01 2.4705e-01 4.2608e-01 7.7373e-01 8.8580e-01 7.4182e-01 6.8939e-01 6.3096e-01 5.7767e-01 6.0145e-01 6.9258e-01 6.9388e-01 6.5576e-01 5.3649e-01 4.8817e-01 4.8817e-01 4.3804e-01 4.4929e-01 4.5076e-01 4.2439e-01 3.8859e-01 3.6064e-01 2.7977e-01 2.0968e-01 2.1108e-01 2.2299e-01 2.9979e-01 3.5194e-01
-9.9990e+03 -9.9990e+03 -9.9990e+03 -9.9990e+03 -9.9990e+03 -9.9990e+03 -9.9990e+03 -9.9990e+03 -9.9990e+03 -9.9990e+03 -9.9990e+03 -9.9990e+03 -9.9990e+03 2.1274e-01 2.6581e-01 2.2159e-01 2.7343e-01 3.5182e-01 3.3558e-01 3.2861e-01 2.7460e-01 2.6623e-01 3.0181e-01 2.7218e-01 2.7218e-01 3.3660e-01 3.0356e-01 2.6003e-01 1.9622e-01 2.6727e-01 5.4491e-01 8.5239e-01 8.6144e-01 7.4182e-01 6.6820e-01 6.2794e-01 5.9304e-01 5.9575e-01 5.9575e-01 6.2797e-01 6.3183e-01 5.9221e-01 4.7812e-01 4.4102e-01 4.3249e-01 4.4588e-01 4.4462e-01 4.1947e-01 4.0435e-01 3.6064e-01 3.1941e-01 3.1941e-01 3.0028e-01 2.5324e-01 2.4169e-01 2.8572e-01
-9.9990e+03 -9.9990e+03 -9.9990e+03 -9.9990e+03 -9.9990e+03 -9.9990e+03 -9.9990e+03 -9.9990e+03 -9.9990e+03 -9.9990e+03 -9.9990e+03 -9.9990e+03 -9.9990e+03 1.9959e-01 2.2424e-01 1.6889e-01 2.1938e-01 2.9112e-01 2.2348e-01 2.2348e-01 2.2211e-01 2.7341e-01 2.5478e-01 1.7865e-01 1.9404e-01 2.6824e-01 2.4731e-01 2.1178e-01 1.8650e-01 3.1078e-01 6.5140e-01 9.1907e-01 9.1907e-01 8.4010e-01 6.8711e-01 6.4774e-01 6.3666e-01 6.1360e-01 6.0076e-01 5.9176e-01 5.7523e-01 5.3587e-01 4.4240e-01 4.2032e-01 4.5213e-01 4.3838e-01 4.3838e-01 3.9358e-01 4.0155e-01 4.1116e-01 3.9335e-01 3.5140e-01 3.3730e-01 2.9766e-01 2.7744e-01 2.9469e-01
-9.9990e+03 -9.9990e+03 -9.9990e+03 -9.9990e+03 -9.9990e+03 -9.9990e+03 -9.9990e+03 -9.9990e+03 -9.9990e+03 -9.9990e+03 -9.9990e+03 -9.9990e+03 -9.9990e+03 1.3150e-01 1.3150e-01 1.0577e-01 1.3671e-01 1.6956e-01 1.1030e-01 1.3916e-01 2.2211e-01 2.2942e-01 2.1387e-01 1.6675e-01 1.6610e-01 2.1913e-01 1.9386e-01 1.9386e-01 1.7578e-01 1.9549e-01 3.9025e-01 8.4926e-01 9.8598e-01 8.5993e-01 7.3034e-01 6.4722e-01 6.3666e-01 6.1317e-01 5.9809e-01 5.4024e-01 5.1409e-01 5.1409e-01 4.6776e-01 4.5880e-01 4.5698e-01 4.7877e-01 4.2905e-01 3.6704e-01 3.7506e-01 4.0439e-01 4.1329e-01 3.8279e-01 3.3730e-01 3.2775e-01 3.1401e-01 3.3353e-01
-9.9990e+03 -9.9990e+03 -9.9990e+03 -9.9990e+03 -9.9990e+03 -9.9990e+03 -9.9990e+03 -9.9990e+03 -9.9990e+03 -9.9990e+03 -9.9990e+03 -9.9990e+03 -9.9990e+03 1.0365e-01 9.9433e-02 6.9757e-02 8.5227e-02 1.0603e-01 8.0885e-02 1.0518e-01 1.7464e-01 1.3431e-01 1.3431e-01 1.6987e-01 1.7431e-01 1.6043e-01 1.3012e-01 1.3494e-01 1.2705e-01 2.1267e-01 4.6257e-01 8.4926e-01 1.0446e+00 9.2601e-01 7.8852e-01 6.5464e-01 6.5464e-01 5.9668e-01 5.7986e-01 5.6473e-01 4.9257e-01 4.7667e-01 4.5923e-01 4.7822e-01 4.9329e-01 4.8378e-01 4.1988e-01 3.6704e-01 3.5436e-01 4.0064e-01 3.9027e-01 4.1839e-01 3.9482e-01 3.5889e-01 3.4322e-01 3.3353e-01
-9.9990e+03 -9.9990e+03 -9.9990e+03 -9.9990e+03 -9.9990e+03 -9.9990e+03 -9.9990e+03 -9.9990e+03 -9.9990e+03 -9.9990e+03 -9.9990e+03 -9.9990e+03 -9.9990e+03 1.2305e-01 9.9005e-02 6.9757e-02 5.2094e-03 5.2094e-03 3.2031e-02 7.2803e-02 6.1671e-02 -3.7712e-02 2.7781e-02 1.3769e-01 1.3136e-01 1.2644e-01 7.9238e-02 7.9189e-02 9.8277e-02 2.0899e-01 5.2249e-01 5.2249e-01 8.6495e-01 1.0474e+00 1.0055e+00 8.3865e-01 6.6959e-01 5.7982e-01 5.3920e-01 5.2156e-01 4.5661e-01 4.5071e-01 4.5928e-01 4.7798e-01 4.7798e-01 4.6978e-01 4.5957e-01 4.1080e-01 3.4938e-01 3.4196e-01 3.6482e-01 4.0012e-01 3.9062e-01 3.5551e-01 3.4454e-01 3.3270e-01
-9.9990e+03 -9.9990e+03 -9.9990e+03 -9.9990e+03 -9.9990e+03 -9.9990e+03 -9.9990e+03 -9.9990e+03 -9.9990e+03 -9.9990e+03 -9.9990e+03 -9.9990e+03 -9.9990e+03 1.6884e-01 1.4900e-01 7.8744e-02 -3.2004e-02 -2.1968e-02 3.2031e-02 5.1751e-02 -6.9444e-03 -3.8243e-02 -8.8474e-03 8.7943e-02 5.3248e-02 6.4559e-02 6.4559e-02 2.0675e-02 2.1250e-02 6.2201e-03 1.9046e-01 5.1843e-01 8.1117e-01 1.0157e+00 1.0055e+00 8.4127e-01 6.8555e-01 5.8570e-01 5.2951e-01 5.2951e-01 5.0917e-01 4.5531e-01 4.4710e-01 4.5435e-01 4.5892e-01 4.3217e-01 4.2881e-01 4.0273e-01 3.4648e-01 3.2801e-01 3.6482e-01 3.7117e-01 3.7653e-01 3.6369e-01 3.5173e-01 3.3610e-01
-9.9990e+03 -9.9990e+03 -9.9990e+03 -9.9990e+03 -9.9990e+03 -9.9990e+03 -9.9990e+03 -9.9990e+03 -9.9990e+03 -9.9990e+03 -9.9990e+03 -9.9990e+03 -9.9990e+03 1.7428e-01 1.2923e-01 3.3092e-02 -3.0418e-02 -4.2662e-03 3.9826e-02 3.5768e-02 3.5768e-02 4.3846e-02 -7.3909e-03 -3.0901e-03 3.4352e-02 -1.2459e-02 -1.5948e-03 -1.7508e-02 -2.4451e-02 1.4210e-02 1.9858e-01 4.9749e-01 7.0900e-01 9.0003e-01 9.0003e-01 8.1064e-01 7.7126e-01 6.5113e-01 6.2065e-01 5.7079e-01 5.4008e-01 4.6609e-01 4.5151e-01 4.4727e-01 4.3721e-01 4.0465e-01 3.9830e-01 3.8540e-01 3.6997e-01 3.3922e-01 3.1895e-01 3.2675e-01 3.5138e-01 3.4539e-01 3.4057e-01 3.2206e-01
-9.9990e+03 -9.9990e+03 -9.9990e+03 -9.9990e+03 -9.9990e+03 -9.9990e+03 -9.9990e+03 -9.9990e+03 -9.9990e+03 -9.9990e+03 -9.9990e+03 -9.9990e+03 -9.9990e+03 1.7428e-01 8.1201e-02 8.1201e-02 4.6921e-02 4.2600e-02 6.0131e-02 1.2274e-01 1.0149e-01 4.3846e-02 1.2943e-01 8.3753e-02 7.0370e-02 3.5911e-03 -2.0992e-02 -1.4248e-02 -3.4382e-02 -3.4382e-02 1.0280e-01 2.4349e-01 4.4030e-01 5.8690e-01 7.2910e-01 6.3837e-01 6.6261e-01 6.5113e-01 6.2510e-01 6.1147e-01 5.6042e-01 4.8108e-01 4.5698e-01 4.5282e-01 4.3262e-01 4.1819e-01 3.9912e-01 3.8248e-01 3.4945e-01 3.2625e-01 3.1545e-01 3.2190e-01 3.3393e-01 3.4539e-01 3.1706e-01 3.0611e-01
-9.9990e+03 -9.9990e+03 -9.9990e+03 -9.9990e+03 -9.9990e+03 -9.9990e+03 -9.9990e+03 -9.9990e+03 -9.9990e+03 -9.9990e+03 -9.9990e+03 -9.9990e+03 -9.9990e+03 2.5288e-01 2.0336e-01 7.8521e-02 1.4425e-01 1.2553e-01 1.2384e-01 1.7007e-01 1.9195e-01 1.7951e-01 1.8987e-01 1.4390e-01 1.4599e-01 1.1765e-01 7.1418e-02 9.2540e-02 6.1966e-02 5.2638e-02 2.2304e-01 3.0490e-01 4.2659e-01 4.7864e-01 5.5728e-01 5.2496e-01 5.5216e-01 5.8993e-01 5.2082e-01 5.8803e-01 5.6801e-01 5.4715e-01 4.8829e-01 4.4093e-01 4.2023e-01 4.1421e-01 3.9141e-01 3.6959e-01 3.4945e-01 3.1004e-01 3.1213e-01 3.0536e-01 3.1536e-01 3.1661e-01 2.8072e-01 2.8341e-01
-9.9990e+03 -9.9990e+03 -9.9990e+03 -9.9990e+03 -9.9990e+03 -9.9990e+03 -9.9990e+03 -9.9990e+03 -9.9990e+03 -9.9990e+03 -9.9990e+03 -9.9990e+03 -9.9990e+03 3.3672e-01 3.6126e-01 2.1631e-01 1.4425e-01 1.7635e-01 1.6708e-01 1.9105e-01 1.8457e-01 2.2197e-01 1.2865e-01 1.3595e-01 1.4599e-01 1.5330e-01 1.2125e-01 1.2701e-01 1.4056e-01 1.8048e-01 3.5460e-01 3.8165e-01 3.8165e-01 4.0292e-01 4.0429e-01 4.4778e-01 4.8102e-01 4.8682e-01 4.4635e-01 5.0455e-01 5.6801e-01 5.0842e-01 4.7857e-01 4.1168e-01 3.9731e-01 4.0125e-01 3.6058e-01 3.6616e-01 3.5057e-01 3.0904e-01 2.9461e-01 2.8009e-01 2.8987e-01 2.8769e-01 2.5425e-01 2.5319e-01
-9.9990e+03 -9.9990e+03 -9.9990e+03 -9.9990e+03 -9.9990e+03 -9.9990e+03 -9.9990e+03 -9.9990e+03 -9.9990e+03 -9.9990e+03 -9.9990e+03 -9.9990e+03 -9.9990e+03 5.0882e-01 6.1579e-01 5.2426e-01 3.9178e-01 3.6318e-01 2.3362e-01 1.9105e-01 9.0847e-02 1.1093e-01 3.6897e-02 7.6444e-02 1.3326e-01 1.5679e-01 1.4702e-01 1.4702e-01 1.6551e-01 2.1478e-01 3.7564e-01 4.3004e-01 4.2332e-01 3.8226e-01 3.8765e-01 4.4778e-01 4.6856e-01 4.4372e-01 3.8853e-01 4.2580e-01 4.9156e-01 4.2275e-01 4.5687e-01 4.4803e-01 3.6782e-01 3.5243e-01 3.0485e-01 3.2690e-01 3.2785e-01 2.9073e-01 2.7052e-01 2.8009e-01 2.5787e-01 2.6533e-01 2.4928e-01 2.4928e-01
-9.9990e+03 -9.9990e+03 -9.9990e+03 -9.9990e+03 -9.9990e+03 -9.9990e+03 -9.9990e+03 -9.9990e+03 -9.9990e+03 -9.9990e+03 -9.9990e+03 -9.9990e+03 -9.9990e+03 6.7177e-01 6.1715e-01 5.7609e-01 4.7049e-01 3.9726e-01 2.5264e-01 1.6346e-01 1.1288e-02 9.3751e-03 1.7132e-02 4.0093e-02 7.8012e-02 1.7758e-01 1.8413e-01 1.7093e-01 2.2521e-01 2.8829e-01 3.8205e-01 4.2001e-01 4.1594e-01 4.0208e-01 4.3818e-01 4.6221e-01 4.7975e-01 4.5287e-01 4.0770e-01 3.6284e-01 3.7411e-01 3.8401e-01 4.0881e-01 4.0502e-01 3.1181e-01 2.9438e-01 2.4984e-01 2.8282e-01 3.0368e-01 2.6920e-01 2.6920e-01 2.4503e-01 2.2217e-01 2.3959e-01 2.4951e-01 2.4616e-01
-9.9990e+03 -9.9990e+03 -9.9990e+03 -9.9990e+03 -9.9990e+03 -9.9990e+03 -9.9990e+03 -9.9990e+03 -9.9990e+03 -9.9990e+03 -9.9990e+03 -9.9990e+03 -9.9990e+03 6.7414e-01 6.1715e-01 5.8720e-01 5.1147e-01 5.0301e-01 3.8975e-01 2.5236e-01 1.2752e-01 3.7261e-02 1.7132e-02 1.5795e-01 1.6572e-01 2.7064e-01 2.5246e-01 2.2598e-01 2.9199e-01 3.1899e-01 3.8205e-01 2.9902e-01 3.4137e-01 4.2053e-01 4.7236e-01 4.9468e-01 4.8360e-01 4.4500e-01 4.0770e-01 3.7639e-01 3.6071e-01 3.6632e-01 3.6618e-01 3.5190e-01 2.5649e-01 2.5649e-01 2.4136e-01 2.0999e-01 2.4833e-01 2.4753e-01 2.4681e-01 2.2845e-01 2.1678e-01 2.2979e-01 2.4951e-01 2.3681e-01
