bias_correction/pipeline/V_3_s_1.1_d_221.asc
ncols        88
nrows        90
xllcorner    2777636
yllcorner    1185112
cellsize     25
NODATA_value -9999
[rows 25 to 49 of 90, columns 0 to 55 of 88]
-9.9990e+03 -9.9990e+03 -9.9990e+03 -9.9990e+03 -9.9990e+03 -9.9990e+03 -9.9990e+03 -9.9990e+03 -9.9990e+03 -9.9990e+03 -9.9990e+03 -9.9990e+03 -9.9990e+03 -9.9990e+03 -9.9990e+03 -9.9990e+03 -9.9990e+03 -9.9990e+03 -9.9990e+03 -9.9990e+03 1.2233e+00 1.3580e+00 1.8199e+00 1.7392e+00 2.0750e+00 1.8977e+00 1.8977e+00 1.5185e+00 1.3440e+00 1.5355e+00 1.3339e+00 1.4018e+00 1.4889e+00 1.4644e+00 1.4955e+00 1.3200e+00 1.0219e+00 1.0251e+00 1.0251e+00 7.2948e-01 5.0265e-01 5.6113e-01 5.5931e-01 6.9731e-01 6.7011e-01 6.0835e-01 6.0835e-01 6.4195e-01 6.3448e-01 6.0402e-01 6.1868e-01 8.4761e-01 1.1400e+00 1.3900e+00 1.2241e+00 1.1555e+00
-9.9990e+03 -9.9990e+03 -9.9990e+03 -9.9990e+03 -9.9990e+03 -9.9990e+03 -9.9990e+03 -9.9990e+03 -9.9990e+03 -9.9990e+03 -9.9990e+03 -9.9990e+03 -9.9990e+03 -9.9990e+03 -9.9990e+03 -9.9990e+03 -9.9990e+03 -9.9990e+03 -9.9990e+03 1.1918e+00 1.2233e+00 1.1346e+00 1.2717e+00 1.7131e+00 1.7131e+00 2.0478e+00 1.9201e+00 2.0120e+00 1.6765e+00 1.8218e+00 1.6280e+00 1.5250e+00 1.5250e+00 1.4555e+00 1.3057e+00 1.1106e+00 1.0622e+00 9.6941e-01 8.6206e-01 5.7072e-01 6.0565e-01 6.0565e-01 7.2222e-01 7.2656e-01 6.3676e-01 5.9809e-01 5.9432e-01 6.4602e-01 6.7346e-01 6.0402e-01 6.4556e-01 8.9445e-01 1.2989e+00 1.2989e+00 1.4011e+00 1.0441e+00
-9.9990e+03 -9.9990e+03 -9.9990e+03 -9.9990e+03 -9.9990e+03 -9.9990e+03 -9.9990e+03 -9.9990e+03 -9.9990e+03 -9.9990e+03 -9.9990e+03 -9.9990e+03 -9.9990e+03 -9.9990e+03 -9.9990e+03 -9.9990e+03 -9.9990e+03 -9.9990e+03 1.2904e+00 1.2904e+00 1.1721e+00 1.3043e+00 1.2937e+00 1.3206e+00 1.4507e+00 1.7594e+00 2.0018e+00 2.0018e+00 2.0199e+00 1.7741e+00 1.5775e+00 1.5515e+00 1.4348e+00 1.2781e+00 1.1343e+00 1.1106e+00 1.1580e+00 1.0121e+00 7.7206e-01 7.7206e-01 6.4090e-01 7.4637e-01 8.0714e-01 7.8111e-01 6.3676e-01 5.9638e-01 5.9909e-01 6.4602e-01 6.8086e-01 6.7426e-01 7.9295e-01 7.9295e-01 1.0200e+00 1.0455e+00 1.4319e+00 1.3651e+00
-9.9990e+03 -9.9990e+03 -9.9990e+03 -9.9990e+03 -9.9990e+03 -9.9990e+03 -9.9990e+03 -9.9990e+03 -9.9990e+03 -9.9990e+03 -9.9990e+03 -9.9990e+03 -9.9990e+03 -9.9990e+03 -9.9990e+03 -9.9990e+03 -9.9990e+03 -9.9990e+03 1.4589e+00 1.5599e+00 1.5462e+00 1.3043e+00 1.5025e+00 1.4639e+00 1.5272e+00 1.4508e+00 1.6734e+00 1.8208e+00 1.5255e+00 1.5071e+00 1.5775e+00 1.3966e+00 1.2658e+00 1.1492e+00 1.1492e+00 1.2350e+00 1.0436e+00 1.0378e+00 9.4498e-01 7.1605e-01 8.2609e-01 8.1075e-01 8.0714e-01 7.4831e-01 6.4942e-01 5.9836e-01 5.7572e-01 6.3600e-01 6.8926e-01 7.5056e-01 7.4850e-01 6.5663e-01 7.2894e-01 1.0482e+00 1.0482e+00 1.4413e+00
-9.9990e+03 -9.9990e+03 -9.9990e+03 -9.9990e+03 -9.9990e+03 -9.9990e+03 -9.9990e+03 -9.9990e+03 -9.9990e+03 -9.9990e+03 -9.9990e+03 -9.9990e+03 -9.9990e+03 -9.9990e+03 -9.9990e+03 -9.9990e+03 -9.9990e+03 1.7055e+00 1.6555e+00 1.6540e+00 1.6540e+00 1.6585e+00 1.6031e+00 1.4875e+00 1.4880e+00 1.4508e+00 1.2955e+00 1.2682e+00 1.5255e+00 1.2662e+00 1.3606e+00 1.2850e+00 1.2850e+00 1.2182e+00 1.2338e+00 1.2020e+00 1.1427e+00 1.1190e+00 8.8958e-01 8.4316e-01 8.4316e-01 8.0815e-01 7.3584e-01 7.3015e-01 6.7735e-01 5.9836e-01 6.0370e-01 6.5680e-01 7.3470e-01 7.3470e-01 6.6823e-01 5.7431e-01 4.7174e-01 6.5702e-01 1.0496e+00 1.0055e+00
-9.9990e+03 -9.9990e+03 -9.9990e+03 -9.9990e+03 -9.9990e+03 -9.9990e+03 -9.9990e+03 -9.9990e+03 -9.9990e+03 -9.9990e+03 -9.9990e+03 -9.9990e+03 -9.9990e+03 -9.9990e+03 -9.9990e+03 -9.9990e+03 1.7638e+00 1.6950e+00 1.5585e+00 1.6161e+00 1.6227e+00 1.4856e+00 1.4122e+00 1.4875e+00 1.2776e+00 1.1886e+00 1.1441e+00 1.1441e+00 1.0692e+00 9.4420e-01 1.1696e+00 1.2959e+00 1.3134e+00 1.3078e+00 1.3082e+00 1.3082e+00 1.2061e+00 9.8816e-01 9.9019e-01 8.9846e-01 8.1605e-01 7.1650e-01 6.7888e-01 7.3015e-01 7.2624e-01 6.6804e-01 6.6892e-01 6.6892e-01 7.1168e-01 6.7275e-01 5.3201e-01 5.3504e-01 4.7174e-01 4.3031e-01 6.2735e-01 1.0055e+00
-9.9990e+03 -9.9990e+03 -9.9990e+03 -9.9990e+03 -9.9990e+03 -9.9990e+03 -9.9990e+03 -9.9990e+03 -9.9990e+03 -9.9990e+03 -9.9990e+03 -9.9990e+03 -9.9990e+03 -9.9990e+03 -9.9990e+03 1.7348e+00 1.5890e+00 1.6886e+00 1.5585e+00 1.3871e+00 1.3386e+00 1.3386e+00 1.2842e+00 1.2016e+00 1.0449e+00 1.1034e+00 1.0625e+00 9.7834e-01 8.9433e-01 9.4420e-01 9.1362e-01 1.2044e+00 1.3146e+00 1.3106e+00 1.2959e+00 1.2866e+00 1.2769e+00 1.1776e+00 9.9019e-01 9.6942e-01 7.7412e-01 6.6960e-01 6.6960e-01 6.9582e-01 7.2348e-01 7.7674e-01 7.1941e-01 7.2712e-01 7.1512e-01 5.7092e-01 5.3201e-01 4.1835e-01 3.6049e-01 3.5859e-01 4.1437e-01 6.3714e-01
-9.9990e+03 -9.9990e+03 -9.9990e+03 -9.9990e+03 -9.9990e+03 -9.9990e+03 -9.9990e+03 -9.9990e+03 -9.9990e+03 -9.9990e+03 -9.9990e+03 -9.9990e+03 -9.9990e+03 -9.9990e+03 1.3647e+00 1.4228e+00 1.4228e+00 1.3639e+00 1.3028e+00 1.1640e+00 1.2420e+00 1.1818e+00 1.0716e+00 1.0207e+00 1.0449e+00 9.6522e-01 9.3840e-01 8.8954e-01 8.8954e-01 8.1657e-01 9.9826e-01 1.1044e+00 1.2437e+00 1.3106e+00 1.3144e+00 1.2970e+00 1.2769e+00 1.2769e+00 1.1218e+00 8.6656e-01 8.6656e-01 7.3112e-01 7.2968e-01 6.9461e-01 7.0455e-01 7.7064e-01 8.3355e-01 7.6526e-01 7.6526e-01 6.1822e-01 4.7616e-01 3.8202e-01 3.1975e-01 3.5859e-01 3.7415e-01 5.3395e-01
-9.9990e+03 -9.9990e+03 -9.9990e+03 -9.9990e+03 -9.9990e+03 -9.9990e+03 -9.9990e+03 -9.9990e+03 -9.9990e+03 -9.9990e+03 -9.9990e+03 -9.9990e+03 -9.9990e+03 1.1261e+00 1.1261e+00 1.2328e+00 1.2234e+00 1.0573e+00 1.0575e+00 1.1640e+00 1.0577e+00 1.0216e+00 9.9014e-01 9.9014e-01 9.6368e-01 9.3202e-01 9.0358e-01 8.9080e-01 8.0274e-01 7.8443e-01 9.8518e-01 1.1044e+00 1.1467e+00 1.2528e+00 1.2211e+00 1.2879e+00 1.2899e+00 1.2201e+00 1.0829e+00 9.7033e-01 9.0160e-01 8.2029e-01 7.5379e-01 7.5379e-01 7.6766e-01 8.3019e-01 8.3594e-01 8.1746e-01 6.6128e-01 5.7492e-01 4.4666e-01 3.8202e-01 3.1887e-01 3.1810e-01 4.2290e-01 4.2290e-01
-9.9990e+03 -9.9990e+03 -9.9990e+03 -9.9990e+03 -9.9990e+03 -9.9990e+03 -9.9990e+03 -9.9990e+03 -9.9990e+03 -9.9990e+03 -9.9990e+03 -9.9990e+03 -9.9990e+03 8.8681e-01 1.0336e+00 9.7159e-01 9.7288e-01 1.0573e+00 9.5338e-01 9.8826e-01 9.7305e-01 9.7305e-01 9.3986e-01 9.3868e-01 8.9875e-01 9.3289e-01 8.9766e-01 8.3286e-01 7.5686e-01 7.5686e-01 8.6827e-01 1.0937e+00 1.1080e+00 1.1344e+00 1.2211e+00 1.1889e+00 1.1820e+00 1.1202e+00 1.1202e+00 9.7945e-01 8.8632e-01 9.0064e-01 8.5122e-01 8.1775e-01 8.6572e-01 8.3491e-01 8.3594e-01 8.1452e-01 6.7329e-01 5.3979e-01 5.3979e-01 3.7446e-01 2.8872e-01 2.9109e-01 3.3475e-01 5.1417e-01
-9.9990e+03 -9.9990e+03 -9.9990e+03 -9.9990e+03 -9.9990e+03 -9.9990e+03 -9.9990e+03 -9.9990e+03 -9.9990e+03 -9.9990e+03 -9.9990e+03 -9.9990e+03 -9.9990e+03 6.1986e-01 7.9733e-01 9.0085e-01 9.0085e-01 8.8853e-01 8.5313e-01 8.5591e-01 9.1785e-01 8.3574e-01 8.1517e-01 8.3820e-01 8.3820e-01 8.5843e-01 8.4807e-01 7.5070e-01 7.4171e-01 7.6536e-01 8.3459e-01 1.1056e+00 1.1080e+00 1.0636e+00 1.0445e+00 1.1152e+00 1.1152e+00 1.0925e+00 1.0492e+00 1.0062e+00 9.2727e-01 9.0064e-01 9.3771e-01 9.2803e-01 8.6572e-01 8.6050e-01 8.3959e-01 7.5513e-01 7.5513e-01 6.1151e-01 5.2610e-01 4.0257e-01 3.1621e-01 3.0044e-01 3.0279e-01 4.4411e-01
-9.9990e+03 -9.9990e+03 -9.9990e+03 -9.9990e+03 -9.9990e+03 -9.9990e+03 -9.9990e+03 -9.9990e+03 -9.9990e+03 -9.9990e+03 -9.9990e+03 -9.9990e+03 -9.9990e+03 5.0921e-01 6.3354e-01 7.7573e-01 7.1313e-01 7.8014e-01 8.5313e-01 7.9298e-01 7.7654e-01 7.5877e-01 7.5877e-01 7.6897e-01 7.9123e-01 7.5712e-01 7.3873e-01 7.5070e-01 6.7711e-01 6.9630e-01 9.9316e-01 9.9316e-01 1.1122e+00 1.0097e+00 9.6190e-01 9.9112e-01 1.0120e+00 9.6182e-01 1.0456e+00 1.0062e+00 1.0024e+00 9.5972e-01 1.0098e+00 9.5947e-01 9.0455e-01 8.6783e-01 7.9586e-01 8.0068e-01 7.4252e-01 6.2238e-01 4.6937e-01 4.6937e-01 3.7894e-01 3.0907e-01 3.6099e-01 3.5065e-01
-9.9990e+03 -9.9990e+03 -9.9990e+03 -9.9990e+03 -9.9990e+03 -9.9990e+03 -9.9990e+03 -9.9990e+03 -9.9990e+03 -9.9990e+03 -9.9990e+03 -9.9990e+03 -9.9990e+03 5.0921e-01 5.3554e-01 5.8364e-01 6.6899e-01 6.6899e-01 7.1480e-01 7.1639e-01 6.5739e-01 7.0554e-01 7.0608e-01 6.5651e-01 7.0807e-01 7.5712e-01 7.0579e-01 6.7929e-01 6.5936e-01 6.5936e-01 7.9181e-01 1.0979e+00 1.1263e+00 1.0764e+00 1.0247e+00 8.7791e-01 8.3192e-01 8.3192e-01 9.8381e-01 1.0317e+00 1.0850e+00 1.0513e+00 1.0098e+00 1.0030e+00 9.0509e-01 7.9513e-01 7.9513e-01 7.3264e-01 6.7093e-01 6.0945e-01 5.5746e-01 4.4642e-01 4.4355e-01 4.0286e-01 3.6099e-01 4.1542e-01
-9.9990e+03 -9.9990e+03 -9.9990e+03 -9.9990e+03 -9.9990e+03 -9.9990e+03 -9.9990e+03 -9.9990e+03 -9.9990e+03 -9.9990e+03 -9.9990e+03 -9.9990e+03 -9.9990e+03 4.3402e-01 4.8901e-01 4.6593e-01 5.4210e-01 6.0967e-01 5.7207e-01 6.0463e-01 6.5739e-01 6.3321e-01 6.1358e-01 6.4791e-01 6.4791e-01 6.8219e-01 6.5379e-01 6.3230e-01 6.4866e-01 6.3402e-01 8.0077e-01 1.0932e+00 1.0932e+00 1.0901e+00 9.1790e-01 7.6592e-01 7.5693e-01 8.6399e-01 8.4855e-01 1.0214e+00 1.0850e+00 1.1361e+00 1.1010e+00 9.8163e-01 9.8163e-01 8.5835e-01 7.2449e-01 6.4659e-01 6.6035e-01 6.0945e-01 5.7837e-01 5.1949e-01 4.4355e-01 4.6077e-01 4.4872e-01 5.1479e-01
-9.9990e+03 -9.9990e+03 -9.9990e+03 -9.9990e+03 -9.9990e+03 -9.9990e+03 -9.9990e+03 -9.9990e+03 -9.9990e+03 -9.9990e+03 -9.9990e+03 -9.9990e+03 -9.9990e+03 3.2621e-01 4.0995e-01 4.6593e-01 4.2799e-01 4.8801e-01 4.8801e-01 5.3407e-01 5.9510e-01 5.7705e-01 6.0371e-01 5.9601e-01 5.9030e-01 6.2964e-01 6.5379e-01 6.2127e-01 6.0992e-01 6.8183e-01 6.8183e-01 9.6544e-01 1.1301e+00 1.0523e+00 8.6017e-01 7.6592e-01 8.8441e-01 7.9331e-01 8.8614e-01 8.8614e-01 1.0644e+00 1.1355e+00 1.0948e+00 1.0652e+00 9.4258e-01 8.9341e-01 7.0905e-01 7.0905e-01 5.9487e-01 5.9274e-01 5.9270e-01 5.7240e-01 5.1619e-01 5.2852e-01 5.4265e-01 5.1479e-01
-9.9990e+03 -9.9990e+03 -9.9990e+03 -9.9990e+03 -9.9990e+03 -9.9990e+03 -9.9990e+03 -9.9990e+03 -9.9990e+03 -9.9990e+03 -9.9990e+03 -9.9990e+03 -9.9990e+03 3.0476e-01 3.2450e-01 3.5845e-01 3.4363e-01 4.2406e-01 4.6603e-01 4.2720e-01 4.8338e-01 5.7705e-01 5.5439e-01 5.5709e-01 5.8150e-01 5.8150e-01 5.9202e-01 5.8347e-01 5.4505e-01 5.9462e-01 7.8014e-01 9.1718e-01 1.0800e+00 1.0523e+00 9.5048e-01 1.0414e+00 7.6924e-01 7.6924e-01 8.2548e-01 8.1987e-01 9.3981e-01 1.0652e+00 1.0292e+00 1.0080e+00 9.3749e-01 9.3749e-01 8.1434e-01 6.5206e-01 6.2657e-01 5.8966e-01 5.9270e-01 5.8839e-01 5.4479e-01 5.5319e-01 5.5319e-01 5.7351e-01
-9.9990e+03 -9.9990e+03 -9.9990e+03 -9.9990e+03 -9.9990e+03 -9.9990e+03 -9.9990e+03 -9.9990e+03 -9.9990e+03 -9.9990e+03 -9.9990e+03 -9.9990e+03 -9.9990e+03 3.1312e-01 2.8767e-01 2.9282e-01 3.4363e-01 3.0486e-01 3.4056e-01 3.5755e-01 3.5755e-01 4.2506e-01 4.9009e-01 4.3406e-01 5.1958e-01 5.3196e-01 4.6941e-01 4.9211e-01 5.4505e-01 5.2414e-01 6.9846e-01 7.1330e-01 9.5814e-01 1.0865e+00 1.4062e+00 1.0072e+00 8.9919e-01 9.1990e-01 8.1843e-01 8.5296e-01 8.5296e-01 9.2305e-01 9.3932e-01 8.3643e-01 9.1328e-01 8.5432e-01 7.8256e-01 7.1652e-01 6.2657e-01 6.0403e-01 5.7759e-01 5.6480e-01 5.6480e-01 5.3449e-01 5.6216e-01 5.4295e-01
-9.9990e+03 -9.9990e+03 -9.9990e+03 -9.9990e+03 -9.9990e+03 -9.9990e+03 -9.9990e+03 -9.9990e+03 -9.9990e+03 -9.9990e+03 -9.9990e+03 -9.9990e+03 -9.9990e+03 3.2845e-01 2.8767e-01 2.3593e-01 2.1495e-01 2.4711e-01 2.4711e-01 2.5208e-01 2.6936e-01 2.0374e-01 3.5106e-01 3.1759e-01 3.6551e-01 3.7918e-01 3.7918e-01 4.0813e-01 4.5364e-01 4.2259e-01 5.3876e-01 7.1330e-01 7.4484e-01 1.3869e+00 1.4062e+00 1.1454e+00 9.8821e-01 8.7016e-01 8.3936e-01 8.3694e-01 8.5351e-01 7.8106e-01 7.3469e-01 8.3643e-01 7.2138e-01 7.3446e-01 7.4990e-01 7.4990e-01 6.5520e-01 5.6900e-01 5.3699e-01 5.5038e-01 5.4612e-01 5.2254e-01 5.0019e-01 5.0019e-01
-9.9990e+03 -9.9990e+03 -9.9990e+03 -9.9990e+03 -9.9990e+03 -9.9990e+03 -9.9990e+03 -9.9990e+03 -9.9990e+03 -9.9990e+03 -9.9990e+03 -9.9990e+03 -9.9990e+03 3.3998e-01 2.6626e-01 1.9892e-01 1.6227e-01 1.7777e-01 1.6413e-01 1.7589e-01 1.6130e-01 1.6130e-01 2.0294e-01 2.9892e-01 3.2944e-01 3.1738e-01 3.3080e-01 3.3153e-01 3.6197e-01 4.2259e-01 3.3370e-01 5.2451e-01 1.1691e+00 1.1691e+00 1.1119e+00 1.0015e+00 8.1782e-01 8.6734e-01 8.3936e-01 8.6744e-01 8.0011e-01 7.8106e-01 6.6910e-01 6.2070e-01 6.5811e-01 6.5811e-01 7.1103e-01 6.7516e-01 6.1538e-01 5.9717e-01 5.4914e-01 5.2853e-01 5.1885e-01 5.1885e-01 4.8989e-01 4.6458e-01
-9.9990e+03 -9.9990e+03 -9.9990e+03 -9.9990e+03 -9.9990e+03 -9.9990e+03 -9.9990e+03 -9.9990e+03 -9.9990e+03 -9.9990e+03 -9.9990e+03 -9.9990e+03 -9.9990e+03 2.3073e-01 1.7739e-01 1.9892e-01 1.4770e-01 1.6219e-01 1.9814e-01 1.9814e-01 2.1661e-01 2.2754e-01 3.3213e-01 2.7135e-01 3.2944e-01 4.0821e-01 3.8649e-01 3.6849e-01 3.6849e-01 2.8771e-01 3.4734e-01 5.5880e-01 7.8629e-01 9.3399e-01 6.3684e-01 6.9354e-01 8.1782e-01 7.4724e-01 8.2718e-01 8.1731e-01 8.3710e-01 6.8856e-01 5.9612e-01 5.7694e-01 5.9686e-01 6.2734e-01 6.4111e-01 6.0073e-01 6.0073e-01 5.6744e-01 5.3553e-01 5.1950e-01 5.1253e-01 4.8376e-01 4.4629e-01 3.9196e-01
-9.9990e+03 -9.9990e+03 -9.9990e+03 -9.9990e+03 -9.9990e+03 -9.9990e+03 -9.9990e+03 -9.9990e+03 -9.9990e+03 -9.9990e+03 -9.9990e+03 -9.9990e+03 -9.9990e+03 1.9901e-01 1.9901e-01 1.5639e-01 1.5873e-01 2.5238e-01 2.1628e-01 2.6668e-01 3.8204e-01 4.3524e-01 3.3213e-01 4.9005e-01 5.3419e-01 5.1082e-01 5.1082e-01 4.6875e-01 3.5529e-01 3.5943e-01 3.0004e-01 4.7678e-01 5.3806e-01 4.7823e-01 4.7823e-01 5.5340e-01 6.8870e-01 6.6825e-01 7.3559e-01 8.1731e-01 7.2790e-01 6.4223e-01 5.9612e-01 5.9160e-01 6.4330e-01 6.3904e-01 5.6660e-01 5.7234e-01 5.4213e-01 4.9991e-01 5.1527e-01 5.1950e-01 4.9227e-01 4.4631e-01 3.9739e-01 3.9739e-01
-9.9990e+03 -9.9990e+03 -9.9990e+03 -9.9990e+03 -9.9990e+03 -9.9990e+03 -9.9990e+03 -9.9990e+03 -9.9990e+03 -9.9990e+03 -9.9990e+03 -9.9990e+03 -9.9990e+03 2.9303e-01 2.4603e-01 4.1218e-01 3.7715e-01 2.5238e-01 3.9662e-01 4.6342e-01 5.5968e-01 5.0871e-01 5.6401e-01 6.4709e-01 7.0635e-01 6.4755e-01 6.8821e-01 6.1848e-01 4.7760e-01 4.7760e-01 4.9217e-01 5.1321e-01 4.3195e-01 4.2268e-01 4.7251e-01 5.5697e-01 6.4715e-01 6.6825e-01 6.6472e-01 6.4823e-01 6.3817e-01 6.3817e-01 6.2937e-01 6.5290e-01 7.0662e-01 6.9685e-01 5.6660e-01 4.9753e-01 4.1793e-01 4.9991e-01 4.2700e-01 4.8541e-01 4.7566e-01 4.6396e-01 4.0546e-01 2.9807e-01
-9.9990e+03 -9.9990e+03 -9.9990e+03 -9.9990e+03 -9.9990e+03 -9.9990e+03 -9.9990e+03 -9.9990e+03 -9.9990e+03 -9.9990e+03 -9.9990e+03 -9.9990e+03 -9.9990e+03 6.4007e-01 6.0580e-01 6.0580e-01 5.6893e-01 5.2326e-01 6.1396e-01 5.2608e-01 5.5968e-01 5.8945e-01 6.1766e-01 6.4709e-01 6.4999e-01 6.7764e-01 6.6002e-01 6.6002e-01 5.7392e-01 5.3221e-01 5.7648e-01 4.8106e-01 4.3195e-01 4.8043e-01 5.7878e-01 6.4767e-01 6.4767e-01 6.2081e-01 5.2903e-01 4.8329e-01 5.7976e-01 6.2488e-01 6.5336e-01 6.6491e-01 6.6491e-01 5.8178e-01 5.2641e-01 4.3326e-01 4.0513e-01 3.3160e-01 2.9329e-01 3.8112e-01 4.7566e-01 4.4926e-01 3.4619e-01 2.1368e-01
-9.9990e+03 -9.9990e+03 -9.9990e+03 -9.9990e+03 -9.9990e+03 -9.9990e+03 -9.9990e+03 -9.9990e+03 -9.9990e+03 -9.9990e+03 -9.9990e+03 -9.9990e+03 -9.9990e+03 8.9381e-01 7.8626e-01 7.3922e-01 7.9104e-01 7.1613e-01 6.1396e-01 6.3551e-01 5.8937e-01 5.8583e-01 5.8583e-01 5.9925e-01 6.0982e-01 5.5572e-01 6.1013e-01 6.1392e-01 5.8112e-01 5.3766e-01 5.7648e-01 4.7639e-01 5.1807e-01 6.5063e-01 6.5063e-01 6.8904e-01 6.6077e-01 4.7155e-01 4.7459e-01 4.1662e-01 5.7680e-01 6.3035e-01 6.3035e-01 5.8519e-01 4.7395e-01 2.8444e-01 4.5906e-01 4.3326e-01 3.3383e-01 2.4160e-01 2.9329e-01 2.8967e-01 3.4066e-01 3.5810e-01 2.7936e-01 2.6411e-01
-9.9990e+03 -9.9990e+03 -9.9990e+03 -9.9990e+03 -9.9990e+03 -9.9990e+03 -9.9990e+03 -9.9990e+03 -9.9990e+03 -9.9990e+03 -9.9990e+03 -9.9990e+03 -9.9990e+03 8.9381e-01 9.1498e-01 8.5695e-01 7.9104e-01 7.8101e-01 7.0728e-01 6.2304e-01 6.2691e-01 5.8070e-01 5.7122e-01 5.7493e-01 5.6196e-01 5.5572e-01 5.6757e-01 5.7671e-01 5.7152e-01 5.3917e-01 4.5525e-01 4.7389e-01 6.8174e-01 7.2131e-01 8.6759e-01 7.3760e-01 5.3323e-01 5.3323e-01 4.0752e-01 5.1550e-01 6.2209e-01 6.3840e-01 5.5167e-01 4.1277e-01 2.0216e-01 2.8444e-01 1.7979e-01 2.3525e-01 2.6844e-01 2.6844e-01 2.5587e-01 2.5753e-01 1.4552e-01 2.2589e-01 2.7936e-01 2.6848e-01
