bias_correction/pipeline/V_3_s_1.1_d_221.asc
ncols        88
nrows        90
xllcorner    2777636
yllcorner    1185112
cellsize     25
NODATA_value -9999
[rows 50 to 74 of 90, columns 0 to 55 of 88]
-9.9990e+03 -9.9990e+03 -9.9990e+03 -9.9990e+03 -9.9990e+03 -9.9990e+03 -9.9990e+03 -9.9990e+03 -9.9990e+03 -9.9990e+03 -9.9990e+03 -9.9990e+03 -9.9990e+03 9.0656e-01 8.9718e-01 8.9718e-01 8.3906e-01 7.7057e-01 7.6515e-01 7.0102e-01 7.0983e-01 6.5925e-01 6.3441e-01 6.3441e-01 6.1353e-01 6.0775e-01 6.5812e-01 6.0604e-01 5.7152e-01 5.6378e-01 4.9474e-01 4.7389e-01 5.9336e-01 8.7421e-01 8.3578e-01 8.3578e-01 6.3082e-01 4.7407e-01 5.4377e-01 5.7371e-01 6.2209e-01 5.9527e-01 4.7810e-01 2.7337e-01 2.7337e-01 1.3857e-01 7.9547e-02 4.5214e-02 1.7553e-01 2.6936e-01 2.4644e-01 1.3328e-01 1.3328e-01 8.9349e-02 2.2260e-01 2.3838e-01
-9.9990e+03 -9.9990e+03 -9.9990e+03 -9.9990e+03 -9.9990e+03 -9.9990e+03 -9.9990e+03 -9.9990e+03 -9.9990e+03 -9.9990e+03 -9.9990e+03 -9.9990e+03 -9.9990e+03 7.6177e-01 8.5134e-01 7.8424e-01 8.1207e-01 8.0369e-01 8.0369e-01 7.5933e-01 7.3090e-01 7.4694e-01 7.0350e-01 6.8868e-01 7.3860e-01 7.1514e-01 6.5812e-01 6.8722e-01 6.5647e-01 5.8284e-01 5.8284e-01 5.6731e-01 7.4115e-01 7.8968e-01 8.7103e-01 7.3676e-01 7.1608e-01 6.3365e-01 5.4377e-01 5.9468e-01 4.9401e-01 4.9284e-01 4.9284e-01 3.7147e-01 3.3591e-01 1.8741e-01 7.7207e-02 5.1233e-02 7.2008e-02 1.7739e-01 1.7739e-01 1.4263e-01 1.0445e-01 1.0942e-01 1.1575e-01 2.3838e-01
-9.9990e+03 -9.9990e+03 -9.9990e+03 -9.9990e+03 -9.9990e+03 -9.9990e+03 -9.9990e+03 -9.9990e+03 -9.9990e+03 -9.9990e+03 -9.9990e+03 -9.9990e+03 -9.9990e+03 7.0329e-01 7.1000e-01 7.2660e-01 7.2660e-01 7.6005e-01 7.6945e-01 7.4363e-01 7.5461e-01 7.4694e-01 7.5695e-01 7.7154e-01 7.3860e-01 7.6027e-01 7.2911e-01 6.9300e-01 7.1208e-01 6.8573e-01 6.4608e-01 6.3552e-01 6.6524e-01 7.8968e-01 8.1349e-01 8.2543e-01 9.5094e-01 7.9990e-01 6.7174e-01 5.7279e-01 3.2695e-01 3.9397e-01 3.2750e-01 4.1788e-01 2.9388e-01 2.9388e-01 1.4207e-01 7.8430e-02 1.0836e-01 9.7028e-02 1.1567e-01 7.8145e-02 1.0873e-01 1.0942e-01 9.6858e-02 9.5772e-02
-9.9990e+03 -9.9990e+03 -9.9990e+03 -9.9990e+03 -9.9990e+03 -9.9990e+03 -9.9990e+03 -9.9990e+03 -9.9990e+03 -9.9990e+03 -9.9990e+03 -9.9990e+03 -9.9990e+03 7.2236e-01 7.9674e-01 7.0457e-01 6.9957e-01 7.0943e-01 7.2104e-01 7.4363e-01 7.3351e-01 7.4256e-01 7.6576e-01 7.6576e-01 7.8599e-01 7.9995e-01 7.6806e-01 7.2654e-01 7.2225e-01 7.5325e-01 7.3942e-01 7.3942e-01 5.7678e-01 6.9874e-01 8.2751e-01 8.8508e-01 9.5094e-01 1.0179e+00 7.7696e-01 5.7279e-01 3.9806e-01 2.4186e-01 3.5078e-01 3.5078e-01 3.5825e-01 2.5209e-01 2.8611e-01 2.2556e-01 1.0836e-01 1.2744e-01 9.5030e-02 1.0393e-01 1.0393e-01 1.0984e-01 8.5021e-02 8.2916e-02
-9.9990e+03 -9.9990e+03 -9.9990e+03 -9.9990e+03 -9.9990e+03 -9.9990e+03 -9.9990e+03 -9.9990e+03 -9.9990e+03 -9.9990e+03 -9.9990e+03 -9.9990e+03 -9.9990e+03 8.8393e-01 7.9674e-01 8.5464e-01 7.7169e-01 8.0253e-01 7.3261e-01 7.3458e-01 7.5000e-01 7.4280e-01 7.4790e-01 7.6425e-01 8.0922e-01 8.2662e-01 8.2662e-01 7.7369e-01 7.5066e-01 7.8123e-01 7.4694e-01 7.4303e-01 8.7298e-01 7.2203e-01 8.2751e-01 9.7141e-01 1.0682e+00 9.3947e-01 9.3947e-01 6.5979e-01 2.6139e-01 2.6011e-01 2.6425e-01 3.1081e-01 2.4929e-01 3.2332e-01 2.8611e-01 3.6318e-01 2.6500e-01 3.4422e-01 1.7052e-01 1.2710e-01 1.4453e-01 9.9625e-02 8.5950e-02 9.7598e-02
-9.9990e+03 -9.9990e+03 -9.9990e+03 -9.9990e+03 -9.9990e+03 -9.9990e+03 -9.9990e+03 -9.9990e+03 -9.9990e+03 -9.9990e+03 -9.9990e+03 -9.9990e+03 -9.9990e+03 8.7697e-01 9.1074e-01 9.0028e-01 8.8013e-01 8.0253e-01 8.0818e-01 7.7363e-01 7.5000e-01 7.6313e-01 7.6190e-01 8.0146e-01 8.0146e-01 8.5799e-01 8.7634e-01 9.4992e-01 8.3570e-01 7.8123e-01 8.2938e-01 8.0726e-01 1.0842e+00 1.0842e+00 8.4392e-01 1.0452e+00 9.8459e-01 1.0154e+00 8.5880e-01 7.8138e-01 4.8092e-01 4.8092e-01 2.7223e-01 1.7502e-01 2.1227e-01 2.7182e-01 4.3931e-01 4.9989e-01 5.1437e-01 3.4422e-01 4.3983e-01 2.6497e-01 1.4274e-01 1.4274e-01 1.1148e-01 1.2843e-01
-9.9990e+03 -9.9990e+03 -9.9990e+03 -9.9990e+03 -9.9990e+03 -9.9990e+03 -9.9990e+03 -9.9990e+03 -9.9990e+03 -9.9990e+03 -9.9990e+03 -9.9990e+03 -9.9990e+03 8.2179e-01 8.5944e-01 9.0028e-01 8.9448e-01 8.7164e-01 8.1952e-01 8.1952e-01 8.0306e-01 7.9824e-01 8.5085e-01 8.0193e-01 8.6071e-01 9.3835e-01 9.9983e-01 9.4992e-01 1.0224e+00 1.0000e+00 8.8613e-01 8.8613e-01 1.0199e+00 1.2121e+00 1.4424e+00 8.6088e-01 8.6240e-01 9.6856e-01 8.9310e-01 8.9310e-01 7.0132e-01 4.6750e-01 4.4452e-01 2.2120e-01 2.1227e-01 3.3369e-01 4.7094e-01 4.9989e-01 5.9231e-01 6.4786e-01 5.4879e-01 5.4879e-01 2.7958e-01 1.5689e-01 1.7725e-01 1.8215e-01
-9.9990e+03 -9.9990e+03 -9.9990e+03 -9.9990e+03 -9.9990e+03 -9.9990e+03 -9.9990e+03 -9.9990e+03 -9.9990e+03 -9.9990e+03 -9.9990e+03 -9.9990e+03 -9.9990e+03 8.2179e-01 8.4345e-01 8.9973e-01 9.1810e-01 9.1810e-01 8.9094e-01 8.5479e-01 9.1878e-01 9.2846e-01 8.5085e-01 9.1652e-01 9.2894e-01 9.5744e-01 9.9739e-01 1.0442e+00 1.0455e+00 1.1159e+00 1.1273e+00 1.3425e+00 1.2367e+00 1.5489e+00 1.5489e+00 1.8097e+00 8.7306e-01 8.5314e-01 9.5478e-01 8.1597e-01 7.2395e-01 5.9569e-01 4.4452e-01 4.5858e-01 3.1740e-01 3.4866e-01 3.4866e-01 5.3302e-01 7.1344e-01 8.5179e-01 8.0824e-01 6.0537e-01 6.3900e-01 3.0744e-01 1.7725e-01 2.2368e-01
-9.9990e+03 -9.9990e+03 -9.9990e+03 -9.9990e+03 -9.9990e+03 -9.9990e+03 -9.9990e+03 -9.9990e+03 -9.9990e+03 -9.9990e+03 -9.9990e+03 -9.9990e+03 -9.9990e+03 8.9060e-01 9.1450e-01 1.0089e+00 9.7362e-01 1.0628e+00 1.0307e+00 1.0078e+00 1.0078e+00 9.9738e-01 1.0032e+00 1.0511e+00 9.6986e-01 9.5744e-01 9.3297e-01 9.8248e-01 1.0455e+00 1.0188e+00 1.1547e+00 1.6927e+00 1.6927e+00 1.6580e+00 2.0595e+00 2.5527e+00 2.2688e+00 8.5314e-01 6.6968e-01 7.1432e-01 6.8625e-01 6.8625e-01 6.6740e-01 5.3661e-01 5.6961e-01 2.9872e-01 3.6840e-01 3.9671e-01 6.5671e-01 6.5671e-01 8.8069e-01 9.0267e-01 8.9622e-01 6.4337e-01 3.6489e-01 4.3295e-01
-9.9990e+03 -9.9990e+03 -9.9990e+03 -9.9990e+03 -9.9990e+03 -9.9990e+03 -9.9990e+03 -9.9990e+03 -9.9990e+03 -9.9990e+03 -9.9990e+03 -9.9990e+03 -9.9990e+03 1.0302e+00 1.0339e+00 1.0339e+00 1.0997e+00 1.1339e+00 1.1891e+00 1.0991e+00 1.0835e+00 1.1361e+00 1.1054e+00 1.0511e+00 1.0440e+00 9.4318e-01 9.1498e-01 9.1498e-01 9.6470e-01 9.9231e-01 9.8816e-01 1.2635e+00 2.1593e+00 2.6080e+00 2.6892e+00 2.5527e+00 3.1107e+00 2.7224e+00 2.8931e+00 4.3903e-01 7.2616e-01 7.8758e-01 8.5686e-01 7.7470e-01 8.0061e-01 5.3705e-01 3.1149e-01 3.1149e-01 4.5508e-01 6.3679e-01 6.1087e-01 8.6840e-01 8.9622e-01 9.1979e-01 7.2001e-01 4.3295e-01
-9.9990e+03 -9.9990e+03 -9.9990e+03 -9.9990e+03 -9.9990e+03 -9.9990e+03 -9.9990e+03 -9.9990e+03 -9.9990e+03 -9.9990e+03 -9.9990e+03 -9.9990e+03 -9.9990e+03 -9.9990e+03 1.0999e+00 1.1130e+00 1.1741e+00 1.1700e+00 1.1891e+00 1.2087e+00 1.1680e+00 1.1361e+00 1.1433e+00 1.0827e+00 9.9925e-01 9.6827e-01 9.1965e-01 9.1507e-01 9.3968e-01 9.7555e-01 9.7555e-01 1.0302e+00 1.6055e+00 1.8191e+00 3.0523e+00 3.2159e+00 3.5055e+00 3.5743e+00 2.8931e+00 3.2476e+00 3.4205e-01 8.2285e-01 8.2285e-01 8.4735e-01 7.8281e-01 8.2940e-01 5.3837e-01 3.7315e-01 3.4220e-01 3.4695e-01 6.1087e-01 5.9078e-01 8.5236e-01 9.3184e-01 9.3184e-01 7.3286e-01
-9.9990e+03 -9.9990e+03 -9.9990e+03 -9.9990e+03 -9.9990e+03 -9.9990e+03 -9.9990e+03 -9.9990e+03 -9.9990e+03 -9.9990e+03 -9.9990e+03 -9.9990e+03 -9.9990e+03 -9.9990e+03 -9.9990e+03 1.2057e+00 1.1741e+00 1.1873e+00 1.1923e+00 1.1870e+00 1.1870e+00 1.1390e+00 1.0779e+00 1.0437e+00 1.0364e+00 1.0029e+00 9.5865e-01 9.5168e-01 9.5168e-01 9.8893e-01 1.0101e+00 1.0547e+00 1.0780e+00 1.8191e+00 2.0460e+00 4.0133e+00 3.5055e+00 3.8925e+00 3.9341e+00 3.6878e+00 3.6878e+00 3.2739e-01 7.8486e-01 9.0485e-01 8.9381e-01 8.2940e-01 9.2179e-01 6.7567e-01 3.0495e-01 3.0495e-01 3.7121e-01 6.3006e-01 6.5422e-01 8.2419e-01 8.1930e-01 8.7150e-01
-9.9990e+03 -9.9990e+03 -9.9990e+03 -9.9990e+03 -9.9990e+03 -9.9990e+03 -9.9990e+03 -9.9990e+03 -9.9990e+03 -9.9990e+03 -9.9990e+03 -9.9990e+03 -9.9990e+03 -9.9990e+03 -9.9990e+03 -9.9990e+03 1.1963e+00 1.1692e+00 1.1387e+00 1.1508e+00 1.1139e+00 1.0851e+00 1.0323e+00 1.0323e+00 1.0125e+00 9.9026e-01 1.0044e+00 9.8253e-01 1.0056e+00 1.0452e+00 1.0740e+00 1.0547e+00 1.0977e+00 1.2349e+00 2.2799e+00 2.2799e+00 4.4391e+00 4.2481e+00 4.7979e+00 4.5397e+00 3.9982e+00 4.6198e+00 6.2502e-01 9.0485e-01 1.0297e+00 1.0605e+00 1.1766e+00 9.9269e-01 6.4172e-01 6.7456e-01 4.1786e-01 4.2225e-01 4.6729e-01 6.9766e-01 8.4111e-01 8.4111e-01
-9.9990e+03 -9.9990e+03 -9.9990e+03 -9.9990e+03 -9.9990e+03 -9.9990e+03 -9.9990e+03 -9.9990e+03 -9.9990e+03 -9.9990e+03 -9.9990e+03 -9.9990e+03 -9.9990e+03 -9.9990e+03 -9.9990e+03 -9.9990e+03 -9.9990e+03 1.1692e+00 1.1417e+00 1.1204e+00 1.0802e+00 1.0802e+00 1.0503e+00 1.0123e+00 1.0093e+00 1.0048e+00 1.0044e+00 1.0356e+00 1.0495e+00 1.0452e+00 1.0676e+00 1.0997e+00 1.1348e+00 1.1718e+00 1.3178e+00 2.4593e+00 2.6597e+00 5.4826e+00 5.4826e+00 5.3263e+00 5.7898e+00 6.5560e+00 5.2636e+00 9.2366e-01 1.1032e+00 1.2226e+00 1.1766e+00 1.3398e+00 1.1178e+00 8.1415e-01 8.1415e-01 4.7471e-01 5.3069e-01 6.8403e-01 7.6508e-01 9.1169e-01
-9.9990e+03 -9.9990e+03 -9.9990e+03 -9.9990e+03 -9.9990e+03 -9.9990e+03 -9.9990e+03 -9.9990e+03 -9.9990e+03 -9.9990e+03 -9.9990e+03 -9.9990e+03 -9.9990e+03 -9.9990e+03 -9.9990e+03 -9.9990e+03 -9.9990e+03 -9.9990e+03 1.1205e+00 1.0818e+00 1.0915e+00 1.0589e+00 1.0636e+00 1.0520e+00 1.0093e+00 1.0272e+00 1.0474e+00 1.0556e+00 1.0556e+00 1.0639e+00 1.0779e+00 1.1154e+00 1.1315e+00 1.1743e+00 1.2026e+00 1.4239e+00 1.4239e+00 2.8590e+00 6.1482e+00 6.8249e+00 6.0220e+00 6.5560e+00 7.6300e+00 6.5030e+00 1.1032e+00 1.1650e+00 1.3491e+00 1.4356e+00 1.4356e+00 1.3047e+00 9.1116e-01 1.0332e+00 7.6005e-01 6.8403e-01 7.6865e-01 1.0168e+00
-9.9990e+03 -9.9990e+03 -9.9990e+03 -9.9990e+03 -9.9990e+03 -9.9990e+03 -9.9990e+03 -9.9990e+03 -9.9990e+03 -9.9990e+03 -9.9990e+03 -9.9990e+03 -9.9990e+03 -9.9990e+03 -9.9990e+03 -9.9990e+03 -9.9990e+03 -9.9990e+03 -9.9990e+03 1.0818e+00 1.0574e+00 1.0697e+00 1.0877e+00 1.0836e+00 1.0731e+00 1.0887e+00 1.0594e+00 1.0642e+00 1.0651e+00 1.0648e+00 1.0880e+00 1.0880e+00 1.1361e+00 1.1911e+00 1.1357e+00 1.1947e+00 1.4159e+00 1.3951e+00 3.2319e+00 6.8249e+00 7.5711e+00 7.7737e+00 8.1228e+00 8.1228e+00 6.9987e+00 1.1725e+00 1.1720e+00 1.4244e+00 1.5840e+00 1.7644e+00 1.6211e+00 1.6211e+00 1.1118e+00 8.2793e-01 8.1603e-01 8.9216e-01
-9.9990e+03 -9.9990e+03 -9.9990e+03 -9.9990e+03 -9.9990e+03 -9.9990e+03 -9.9990e+03 -9.9990e+03 -9.9990e+03 -9.9990e+03 -9.9990e+03 -9.9990e+03 -9.9990e+03 -9.9990e+03 -9.9990e+03 -9.9990e+03 -9.9990e+03 -9.9990e+03 -9.9990e+03 -9.9990e+03 -9.9990e+03 1.0717e+00 1.0877e+00 1.1115e+00 1.1135e+00 1.0887e+00 1.0991e+00 1.0528e+00 1.0530e+00 1.0530e+00 1.0359e+00 1.0648e+00 9.7810e-01 1.1096e+00 1.1357e+00 1.0218e+00 1.0078e+00 1.3951e+00 1.2994e+00 3.4264e+00 8.3798e+00 9.1590e+00 8.4534e+00 9.1475e+00 9.2331e+00 8.3210e+00 8.3210e+00 1.2163e+00 1.5911e+00 1.4658e+00 1.6982e+00 1.5622e+00 1.4778e+00 1.0617e+00 8.1603e-01 7.4682e-01
-9.9990e+03 -9.9990e+03 -9.9990e+03 -9.9990e+03 -9.9990e+03 -9.9990e+03 -9.9990e+03 -9.9990e+03 -9.9990e+03 -9.9990e+03 -9.9990e+03 -9.9990e+03 -9.9990e+03 -9.9990e+03 -9.9990e+03 -9.9990e+03 -9.9990e+03 -9.9990e+03 -9.9990e+03 -9.9990e+03 -9.9990e+03 -9.9990e+03 1.1285e+00 1.1246e+00 1.1246e+00 1.1363e+00 1.1033e+00 1.1004e+00 1.0373e+00 1.0026e+00 9.2829e-01 8.6609e-01 9.7810e-01 8.5294e-01 8.6998e-01 7.6928e-01 9.0374e-01 9.0032e-01 8.2738e-01 1.2016e+00 3.6379e+00 3.9227e+00 9.7362e+00 9.6369e+00 9.6369e+00 1.0130e+01 8.8678e+00 9.4987e+00 1.2121e+00 1.4658e+00 1.2176e+00 1.4579e+00 1.4778e+00 1.3407e+00 9.0213e-01 3.8766e-01
-9.9990e+03 -9.9990e+03 -9.9990e+03 -9.9990e+03 -9.9990e+03 -9.9990e+03 -9.9990e+03 -9.9990e+03 -9.9990e+03 -9.9990e+03 -9.9990e+03 -9.9990e+03 -9.9990e+03 -9.9990e+03 -9.9990e+03 -9.9990e+03 -9.9990e+03 -9.9990e+03 -9.9990e+03 -9.9990e+03 -9.9990e+03 -9.9990e+03 -9.9990e+03 1.1507e+00 1.1597e+00 1.1921e+00 1.1581e+00 1.1581e+00 1.0712e+00 9.3651e-01 8.8414e-01 8.4136e-01 7.6608e-01 6.7575e-01 6.6022e-01 7.6928e-01 7.3029e-01 7.9341e-01 8.0515e-01 8.0515e-01 1.2495e+00 4.1596e+00 4.3813e+00 1.0197e+01 1.0365e+01 1.0785e+01 1.1323e+01 9.4987e+00 9.6813e+00 1.2307e+00 1.2193e+00 1.2193e+00 1.4537e+00 1.1800e+00 9.6191e-01 5.6923e-01
-9.9990e+03 -9.9990e+03 -9.9990e+03 -9.9990e+03 -9.9990e+03 -9.9990e+03 -9.9990e+03 -9.9990e+03 -9.9990e+03 -9.9990e+03 -9.9990e+03 -9.9990e+03 -9.9990e+03 -9.9990e+03 -9.9990e+03 -9.9990e+03 -9.9990e+03 -9.9990e+03 -9.9990e+03 -9.9990e+03 -9.9990e+03 -9.9990e+03 -9.9990e+03 -9.9990e+03 1.2304e+00 1.2304e+00 1.2028e+00 1.1389e+00 1.1108e+00 1.0318e+00 8.8414e-01 8.3558e-01 7.0302e-01 6.7575e-01 6.2031e-01 6.4068e-01 7.4935e-01 7.4935e-01 8.0157e-01 8.1116e-01 8.0839e-01 1.2841e+00 4.3813e+00 4.5483e+00 1.1151e+01 1.1265e+01 1.1265e+01 1.1626e+01 1.0030e+01 1.0350e+01 1.3987e+00 1.4419e+00 1.1895e+00 1.1433e+00 1.1433e+00 8.5328e-01
-9.9990e+03 -9.9990e+03 -9.9990e+03 -9.9990e+03 -9.9990e+03 -9.9990e+03 -9.9990e+03 -9.9990e+03 -9.9990e+03 -9.9990e+03 -9.9990e+03 -9.9990e+03 -9.9990e+03 -9.9990e+03 -9.9990e+03 -9.9990e+03 -9.9990e+03 -9.9990e+03 -9.9990e+03 -9.9990e+03 -9.9990e+03 -9.9990e+03 -9.9990e+03 -9.9990e+03 -9.9990e+03 1.2451e+00 1.2383e+00 1.1773e+00 1.1108e+00 1.0861e+00 9.4817e-01 7.8362e-01 7.8362e-01 6.5653e-01 5.9036e-01 5.8487e-01 6.6181e-01 7.7742e-01 7.8138e-01 7.8953e-01 8.0839e-01 7.8844e-01 1.2970e+00 1.3385e+00 4.7031e+00 1.1522e+01 1.1846e+01 1.2088e+01 1.2260e+01 1.2714e+01 1.0527e+01 1.4069e+00 1.4069e+00 1.0725e+00 1.0973e+00 1.1569e+00
-9.9990e+03 -9.9990e+03 -9.9990e+03 -9.9990e+03 -9.9990e+03 -9.9990e+03 -9.9990e+03 -9.9990e+03 -9.9990e+03 -9.9990e+03 -9.9990e+03 -9.9990e+03 -9.9990e+03 -9.9990e+03 -9.9990e+03 -9.9990e+03 -9.9990e+03 -9.9990e+03 -9.9990e+03 -9.9990e+03 -9.9990e+03 -9.9990e+03 -9.9990e+03 -9.9990e+03 -9.9990e+03 -9.9990e+03 1.2383e+00 1.1993e+00 1.1499e+00 1.0317e+00 1.0317e+00 8.9416e-01 7.3746e-01 6.9264e-01 5.8377e-01 5.8377e-01 5.9958e-01 7.0976e-01 7.2604e-01 7.6831e-01 7.6173e-01 7.5551e-01 7.7558e-01 1.3385e+00 1.3846e+00 5.0759e+00 1.2270e+01 1.2270e+01 1.2473e+01 1.2876e+01 1.2837e+01 1.0473e+01 1.3450e+00 1.3877e+00 1.2396e+00 1.1569e+00
-9.9990e+03 -9.9990e+03 -9.9990e+03 -9.9990e+03 -9.9990e+03 -9.9990e+03 -9.9990e+03 -9.9990e+03 -9.9990e+03 -9.9990e+03 -9.9990e+03 -9.9990e+03 -9.9990e+03 -9.9990e+03 -9.9990e+03 -9.9990e+03 -9.9990e+03 -9.9990e+03 -9.9990e+03 -9.9990e+03 -9.9990e+03 -9.9990e+03 -9.9990e+03 -9.9990e+03 -9.9990e+03 -9.9990e+03 -9.9990e+03 -9.9990e+03 1.0630e+00 1.0787e+00 1.0164e+00 9.2800e-01 8.1663e-01 8.1663e-01 6.6570e-01 5.8531e-01 6.2016e-01 6.3222e-01 7.2604e-01 7.4869e-01 7.6347e-01 7.5551e-01 7.6735e-01 7.8609e-01 1.4120e+00 1.4120e+00 5.2566e+00 1.2591e+01 1.2786e+01 1.2647e+01 1.2837e+01 1.2774e+01 1.0360e+01 1.8236e+00 1.8236e+00 1.4040e+00
-9.9990e+03 -9.9990e+03 -9.9990e+03 -9.9990e+03 -9.9990e+03 -9.9990e+03 -9.9990e+03 -9.9990e+03 -9.9990e+03 -9.9990e+03 -9.9990e+03 -9.9990e+03 -9.9990e+03 -9.9990e+03 -9.9990e+03 -9.9990e+03 -9.9990e+03 -9.9990e+03 -9.9990e+03 -9.9990e+03 -9.9990e+03 -9.9990e+03 -9.9990e+03 -9.9990e+03 -9.9990e+03 -9.9990e+03 -9.9990e+03 -9.9990e+03 -9.9990e+03 1.0203e+00 9.8308e-01 1.0210e+00 9.4394e-01 8.1344e-01 8.2120e-01 6.8724e-01 6.2016e-01 6.7998e-01 7.3898e-01 7.8889e-01 7.8889e-01 7.9066e-01 7.9182e-01 8.0731e-01 7.9507e-01 1.4413e+00 1.4495e+00 5.4640e+00 5.4640e+00 1.2864e+01 1.2941e+01 1.3504e+01 1.3064e+01 1.0709e+01 1.0824e+01 2.1009e+00
-9.9990e+03 -9.9990e+03 -9.9990e+03 -9.9990e+03 -9.9990e+03 -9.9990e+03 -9.9990e+03 -9.9990e+03 -9.9990e+03 -9.9990e+03 -9.9990e+03 -9.9990e+03 -9.9990e+03 -9.9990e+03 -9.9990e+03 -9.9990e+03 -9.9990e+03 -9.9990e+03 -9.9990e+03 -9.9990e+03 -9.9990e+03 -9.9990e+03 -9.9990e+03 -9.9990e+03 -9.9990e+03 -9.9990e+03 -9.9990e+03 -9.9990e+03 -9.9990e+03 -9.9990e+03 9.9519e-01 1.0210e+00 1.0790e+00 1.0175e+00 8.2120e-01 8.3685e-01 7.3442e-01 7.5192e-01 7.5192e-01 8.0627e-01 8.6075e-01 8.7366e-01 8.4684e-01 8.4684e-01 8.1152e-01 7.9274e-01 7.8898e-01 1.4820e+00 5.5514e+00 5.6718e+00 1.3602e+01 1.3504e+01 1.3717e+01 1.3175e+01 1.0794e+01 1.0794e+01
