bias_correction/pipeline/V_4_s_1.4_d_290.asc
ncols        88
nrows        90
xllcorner    2777636
yllcorner    1185112
cellsize     25
NODATA_value -9999
[rows 24 to 47 of 90, columns 0 to 53 of 88]
-9.9990e+03 -9.9990e+03 -9.9990e+03 -9.9990e+03 -9.9990e+03 -9.9990e+03 -9.9990e+03 -9.9990e+03 -9.9990e+03 -9.9990e+03 -9.9990e+03 -9.9990e+03 -9.9990e+03 -9.9990e+03 -9.9990e+03 -9.9990e+03 -9.9990e+03 -9.9990e+03 -9.9990e+03 -3.3730e-01 -2.9244e-01 -2.9604e-01 -2.3935e-01 -2.4605e-01 -2.4355e-01 -2.3483e-01 -3.2102e-01 -4.1929e-01 -5.1814e-01 -4.9651e-01 -6.9844e-01 -1.2113e+00 -1.4870e+00 -1.4870e+00 -1.9277e+00 -2.0604e+00 -1.8445e+00 -1.4039e+00 -1.4105e+00 -1.0540e+00 -8.5405e-01 -8.8357e-01 -7.8544e-01 -7.7728e-01 -7.6929e-01 -7.8384e-01 -7.8789e-01 -7.7776e-01 -8.4074e-01 -9.1973e-01 -8.1720e-01 -8.4009e-01 -7.6091e-01 -5.1341e-01
-9.9990e+03 -9.9990e+03 -9.9990e+03 -9.9990e+03 -9.9990e+03 -9.9990e+03 -9.9990e+03 -9.9990e+03 -9.9990e+03 -9.9990e+03 -9.9990e+03 -9.9990e+03 -9.9990e+03 -9.9990e+03 -9.9990e+03 -9.9990e+03 -9.9990e+03 -9.9990e+03 -2.9137e-01 -1.8076e-01 -2.5033e-01 -2.2138e-01 -2.2138e-01 -2.2794e-01 -2.5899e-01 -3.1176e-01 -3.4846e-01 -5.2789e-01 -6.9246e-01 -6.5296e-01 -9.7130e-01 -1.4473e+00 -1.7449e+00 -1.7214e+00 -1.3331e+00 -1.3888e+00 -1.0632e+00 -8.5659e-01 -8.3519e-01 -8.3519e-01 -7.6386e-01 -7.6557e-01 -7.5767e-01 -7.8715e-01 -7.9085e-01 -8.3114e-01 -8.5065e-01 -8.3394e-01 -8.9526e-01 -9.1973e-01 -9.7224e-01 -9.1738e-01 -6.3271e-01 -5.0232e-01
-9.9990e+03 -9.9990e+03 -9.9990e+03 -9.9990e+03 -9.9990e+03 -9.9990e+03 -9.9990e+03 -9.9990e+03 -9.9990e+03 -9.9990e+03 -9.9990e+03 -9.9990e+03 -9.9990e+03 -9.9990e+03 -9.9990e+03 -9.9990e+03 -9.9990e+03 -9.9990e+03 -3.2007e-01 -2.3432e-01 -2.2515e-01 -2.8529e-01 -4.2228e-01 -3.7230e-01 -5.1007e-01 -7.5619e-01 -7.2568e-01 -8.6693e-01 -8.6693e-01 -8.5835e-01 -1.1174e+00 -1.4168e+00 -1.6208e+00 -1.3416e+00 -9.6025e-01 -1.0126e+00 -8.6891e-01 -7.7745e-01 -7.7305e-01 -7.6090e-01 -7.8763e-01 -8.0018e-01 -8.1966e-01 -8.0101e-01 -8.4794e-01 -8.4794e-01 -8.5065e-01 -9.0471e-01 -9.4831e-01 -9.8853e-01 -1.0691e+00 -1.0612e+00 -8.0106e-01 -6.5522e-01
-9.9990e+03 -9.9990e+03 -9.9990e+03 -9.9990e+03 -9.9990e+03 -9.9990e+03 -9.9990e+03 -9.9990e+03 -9.9990e+03 -9.9990e+03 -9.9990e+03 -9.9990e+03 -9.9990e+03 -9.9990e+03 -9.9990e+03 -9.9990e+03 -9.9990e+03 -9.9990e+03 -4.4113e-01 -4.3314e-01 -3.6050e-01 -4.8237e-01 -6.5709e-01 -5.8512e-01 -7.9360e-01 -9.7638e-01 -9.3794e-01 -9.5962e-01 -8.7390e-01 -1.0090e+00 -1.0960e+00 -9.4167e-01 -9.7001e-01 -7.1274e-01 -7.1274e-01 -8.0911e-01 -7.5642e-01 -7.7745e-01 -7.6026e-01 -7.6444e-01 -7.8763e-01 -8.3111e-01 -8.3377e-01 -7.9708e-01 -8.2721e-01 -8.7175e-01 -9.3539e-01 -9.6199e-01 -9.8361e-01 -1.0751e+00 -1.0751e+00 -1.1037e+00 -9.7546e-01 -8.2322e-01
-9.9990e+03 -9.9990e+03 -9.9990e+03 -9.9990e+03 -9.9990e+03 -9.9990e+03 -9.9990e+03 -9.9990e+03 -9.9990e+03 -9.9990e+03 -9.9990e+03 -9.9990e+03 -9.9990e+03 -9.9990e+03 -9.9990e+03 -9.9990e+03 -9.9990e+03 -6.2530e-01 -7.1003e-01 -9.1535e-01 -7.8276e-01 -8.8979e-01 -9.4632e-01 -8.2580e-01 -9.6932e-01 -1.0367e+00 -1.0316e+00 -9.2540e-01 -8.7390e-01 -7.8359e-01 -7.5547e-01 -9.4167e-01 -7.2083e-01 -6.1317e-01 -6.7482e-01 -6.8100e-01 -6.7556e-01 -7.1788e-01 -7.3296e-01 -7.3296e-01 -7.9337e-01 -8.3381e-01 -8.2810e-01 -7.8591e-01 -7.8260e-01 -8.0625e-01 -9.0142e-01 -9.2121e-01 -9.2712e-01 -1.0150e+00 -1.0355e+00 -9.9839e-01 -9.0789e-01 -7.0325e-01
-9.9990e+03 -9.9990e+03 -9.9990e+03 -9.9990e+03 -9.9990e+03 -9.9990e+03 -9.9990e+03 -9.9990e+03 -9.9990e+03 -9.9990e+03 -9.9990e+03 -9.9990e+03 -9.9990e+03 -9.9990e+03 -9.9990e+03 -9.9990e+03 -9.9990e+03 -8.2762e-01 -9.5146e-01 -1.1288e+00 -1.0254e+00 -9.9437e-01 -9.4632e-01 -9.6774e-01 -9.6662e-01 -9.8211e-01 -8.0254e-01 -6.2772e-01 -7.5030e-01 -6.1035e-01 -5.8737e-01 -6.7332e-01 -5.5293e-01 -5.4494e-01 -6.1227e-01 -6.2009e-01 -6.1228e-01 -6.6990e-01 -6.8276e-01 -7.1266e-01 -7.9938e-01 -8.0120e-01 -7.5249e-01 -7.3134e-01 -7.2000e-01 -7.2000e-01 -8.3295e-01 -8.5800e-01 -8.6719e-01 -9.3462e-01 -9.3873e-01 -9.0644e-01 -9.0396e-01 -7.5998e-01
-9.9990e+03 -9.9990e+03 -9.9990e+03 -9.9990e+03 -9.9990e+03 -9.9990e+03 -9.9990e+03 -9.9990e+03 -9.9990e+03 -9.9990e+03 -9.9990e+03 -9.9990e+03 -9.9990e+03 -9.9990e+03 -9.9990e+03 -9.9990e+03 -9.7529e-01 -9.7529e-01 -1.0690e+00 -1.1288e+00 -1.0873e+00 -9.1122e-01 -9.1071e-01 -8.7830e-01 -8.4448e-01 -8.4116e-01 -6.7890e-01 -5.5180e-01 -5.3521e-01 -5.5551e-01 -5.4427e-01 -4.9249e-01 -4.8225e-01 -5.1560e-01 -5.5223e-01 -5.5362e-01 -5.4174e-01 -5.9794e-01 -6.0998e-01 -6.4992e-01 -7.4802e-01 -7.4795e-01 -6.9859e-01 -6.9547e-01 -6.5174e-01 -6.5895e-01 -7.8510e-01 -8.1625e-01 -8.1659e-01 -8.5501e-01 -8.2676e-01 -8.2676e-01 -8.5431e-01 -7.9338e-01
-9.9990e+03 -9.9990e+03 -9.9990e+03 -9.9990e+03 -9.9990e+03 -9.9990e+03 -9.9990e+03 -9.9990e+03 -9.9990e+03 -9.9990e+03 -9.9990e+03 -9.9990e+03 -9.9990e+03 -9.9990e+03 -9.9990e+03 -9.9990e+03 -9.9907e-01 -9.9191e-01 -9.8096e-01 -9.6033e-01 -7.6996e-01 -6.7968e-01 -7.7809e-01 -7.7809e-01 -7.5976e-01 -7.3111e-01 -5.9359e-01 -5.3686e-01 -5.4461e-01 -5.6748e-01 -5.5716e-01 -4.7358e-01 -4.3381e-01 -4.5835e-01 -5.2001e-01 -5.0006e-01 -4.8152e-01 -5.4256e-01 -5.8955e-01 -6.1995e-01 -6.8170e-01 -6.7520e-01 -6.1682e-01 -6.4160e-01 -5.9909e-01 -6.1481e-01 -7.1953e-01 -7.6740e-01 -8.1659e-01 -8.0535e-01 -7.8780e-01 -8.0451e-01 -7.9494e-01 -7.4402e-01
-9.9990e+03 -9.9990e+03 -9.9990e+03 -9.9990e+03 -9.9990e+03 -9.9990e+03 -9.9990e+03 -9.9990e+03 -9.9990e+03 -9.9990e+03 -9.9990e+03 -9.9990e+03 -9.9990e+03 -9.9990e+03 -9.9990e+03 -9.9990e+03 -9.3388e-01 -8.8238e-01 -8.1444e-01 -7.7940e-01 -6.4727e-01 -6.1586e-01 -6.9179e-01 -6.9007e-01 -5.8867e-01 -5.4478e-01 -5.2624e-01 -5.8228e-01 -5.8930e-01 -5.8930e-01 -5.7733e-01 -4.5357e-01 -3.8814e-01 -3.8646e-01 -4.6097e-01 -4.4661e-01 -4.3278e-01 -5.0126e-01 -5.4430e-01 -6.1995e-01 -6.0320e-01 -5.3665e-01 -5.5999e-01 -5.4382e-01 -5.8522e-01 -6.1481e-01 -6.9322e-01 -7.2945e-01 -7.7295e-01 -7.7141e-01 -7.6798e-01 -7.8132e-01 -7.8720e-01 -7.5802e-01
-9.9990e+03 -9.9990e+03 -9.9990e+03 -9.9990e+03 -9.9990e+03 -9.9990e+03 -9.9990e+03 -9.9990e+03 -9.9990e+03 -9.9990e+03 -9.9990e+03 -9.9990e+03 -9.9990e+03 -9.9990e+03 -9.9990e+03 -7.5415e-01 -7.6612e-01 -6.7915e-01 -6.7915e-01 -6.4734e-01 -5.7591e-01 -5.9510e-01 -6.4363e-01 -6.1867e-01 -5.2187e-01 -5.0058e-01 -5.0306e-01 -5.7356e-01 -6.0967e-01 -5.5411e-01 -4.2595e-01 -3.8571e-01 -3.5911e-01 -3.9018e-01 -3.9018e-01 -3.8732e-01 -4.3278e-01 -4.5098e-01 -4.8360e-01 -5.5901e-01 -5.2964e-01 -4.5857e-01 -4.8639e-01 -4.9559e-01 -5.6709e-01 -6.8365e-01 -7.0967e-01 -6.8044e-01 -7.2516e-01 -7.3394e-01 -7.4753e-01 -7.7055e-01 -7.7016e-01 -7.4212e-01
-9.9990e+03 -9.9990e+03 -9.9990e+03 -9.9990e+03 -9.9990e+03 -9.9990e+03 -9.9990e+03 -9.9990e+03 -9.9990e+03 -9.9990e+03 -9.9990e+03 -9.9990e+03 -9.9990e+03 -9.9990e+03 -9.9990e+03 -6.8853e-01 -6.8239e-01 -5.9830e-01 -4.8001e-01 -5.0124e-01 -5.4515e-01 -5.4208e-01 -5.4670e-01 -4.6289e-01 -4.6289e-01 -4.5461e-01 -4.7812e-01 -5.7356e-01 -6.1448e-01 -5.5495e-01 -4.2595e-01 -3.5652e-01 -3.2906e-01 -3.5966e-01 -3.6064e-01 -3.6524e-01 -4.0824e-01 -4.3712e-01 -4.2717e-01 -4.3536e-01 -4.3536e-01 -3.7586e-01 -4.2685e-01 -4.6288e-01 -5.6627e-01 -6.8345e-01 -6.9613e-01 -6.3978e-01 -6.7162e-01 -6.9293e-01 -7.1160e-01 -7.4412e-01 -7.1609e-01 -6.6393e-01
-9.9990e+03 -9.9990e+03 -9.9990e+03 -9.9990e+03 -9.9990e+03 -9.9990e+03 -9.9990e+03 -9.9990e+03 -9.9990e+03 -9.9990e+03 -9.9990e+03 -9.9990e+03 -9.9990e+03 -9.9990e+03 -9.9990e+03 -6.8219e-01 -6.1931e-01 -5.4350e-01 -4.8001e-01 -4.2144e-01 -4.5771e-01 -5.4208e-01 -4.8689e-01 -4.1722e-01 -4.0855e-01 -4.5104e-01 -5.1339e-01 -5.9802e-01 -5.7590e-01 -5.7590e-01 -4.5351e-01 -3.1107e-01 -2.9144e-01 -3.0635e-01 -3.1302e-01 -3.2354e-01 -3.8290e-01 -4.0254e-01 -3.8275e-01 -3.7090e-01 -3.2624e-01 -3.5430e-01 -4.4928e-01 -5.8132e-01 -6.9985e-01 -6.8866e-01 -6.8866e-01 -6.1240e-01 -6.1348e-01 -6.3136e-01 -6.4828e-01 -7.0563e-01 -6.7899e-01 -6.3392e-01
-9.9990e+03 -9.9990e+03 -9.9990e+03 -9.9990e+03 -9.9990e+03 -9.9990e+03 -9.9990e+03 -9.9990e+03 -9.9990e+03 -9.9990e+03 -9.9990e+03 -9.9990e+03 -9.9990e+03 -9.9990e+03 -6.9937e-01 -5.9243e-01 -5.1418e-01 -4.0743e-01 -4.3592e-01 -3.5994e-01 -3.5991e-01 -4.4886e-01 -4.1247e-01 -3.7890e-01 -3.8907e-01 -4.3029e-01 -4.9462e-01 -5.7392e-01 -6.0212e-01 -5.2778e-01 -3.3000e-01 -2.5947e-01 -2.3700e-01 -2.6137e-01 -2.7879e-01 -2.7879e-01 -3.4586e-01 -3.5645e-01 -3.3211e-01 -3.2658e-01 -3.0581e-01 -3.5075e-01 -4.4958e-01 -6.0147e-01 -6.9561e-01 -6.7512e-01 -5.8607e-01 -5.3940e-01 -5.7837e-01 -5.9019e-01 -6.3959e-01 -6.3959e-01 -6.2259e-01 -6.3392e-01
-9.9990e+03 -9.9990e+03 -9.9990e+03 -9.9990e+03 -9.9990e+03 -9.9990e+03 -9.9990e+03 -9.9990e+03 -9.9990e+03 -9.9990e+03 -9.9990e+03 -9.9990e+03 -9.9990e+03 -9.9990e+03 -6.9234e-01 -6.0212e-01 -5.0133e-01 -3.9023e-01 -3.2202e-01 -2.9276e-01 -2.9950e-01 -3.4968e-01 -3.6216e-01 -4.0078e-01 -3.8121e-01 -4.2092e-01 -4.8709e-01 -5.6315e-01 -6.1026e-01 -5.7365e-01 -4.1088e-01 -2.6732e-01 -2.2829e-01 -2.2318e-01 -2.3683e-01 -2.7268e-01 -3.2294e-01 -3.0613e-01 -2.8336e-01 -2.9607e-01 -3.7833e-01 -3.7833e-01 -4.6819e-01 -6.1292e-01 -6.9561e-01 -6.4810e-01 -5.5651e-01 -5.3940e-01 -5.4111e-01 -5.4862e-01 -5.7945e-01 -5.7229e-01 -5.5759e-01 -5.6920e-01
-9.9990e+03 -9.9990e+03 -9.9990e+03 -9.9990e+03 -9.9990e+03 -9.9990e+03 -9.9990e+03 -9.9990e+03 -9.9990e+03 -9.9990e+03 -9.9990e+03 -9.9990e+03 -9.9990e+03 -9.9990e+03 -6.6962e-01 -5.9700e-01 -4.9879e-01 -3.8142e-01 -2.9632e-01 -2.9218e-01 -3.0529e-01 -3.1802e-01 -3.6183e-01 -4.2288e-01 -4.4183e-01 -5.0334e-01 -5.6070e-01 -6.0222e-01 -5.9472e-01 -5.1601e-01 -4.5892e-01 -3.2728e-01 -2.3674e-01 -2.0262e-01 -2.1221e-01 -2.4171e-01 -2.8139e-01 -2.7103e-01 -2.8336e-01 -3.1797e-01 -4.2866e-01 -5.0482e-01 -6.2176e-01 -6.3616e-01 -6.0998e-01 -5.2340e-01 -5.2340e-01 -5.1357e-01 -5.2037e-01 -5.3006e-01 -5.4169e-01 -5.3173e-01 -5.2913e-01 -5.4945e-01
-9.9990e+03 -9.9990e+03 -9.9990e+03 -9.9990e+03 -9.9990e+03 -9.9990e+03 -9.9990e+03 -9.9990e+03 -9.9990e+03 -9.9990e+03 -9.9990e+03 -9.9990e+03 -9.9990e+03 -6.1337e-01 -5.3280e-01 -4.8506e-01 -3.8037e-01 -3.1538e-01 -3.3301e-01 -3.3301e-01 -3.6226e-01 -3.3411e-01 -3.9268e-01 -4.4918e-01 -4.6152e-01 -4.9781e-01 -5.4565e-01 -5.9582e-01 -5.9339e-01 -5.1601e-01 -4.3526e-01 -2.9133e-01 -1.8695e-01 -1.6925e-01 -1.9941e-01 -2.4171e-01 -2.5149e-01 -2.4342e-01 -2.7438e-01 -3.4570e-01 -4.6865e-01 -5.4532e-01 -6.1599e-01 -5.9223e-01 -5.6818e-01 -4.9439e-01 -4.6863e-01 -5.0579e-01 -5.2621e-01 -5.3388e-01 -5.2081e-01 -5.1670e-01 -5.1670e-01 -5.3334e-01
-9.9990e+03 -9.9990e+03 -9.9990e+03 -9.9990e+03 -9.9990e+03 -9.9990e+03 -9.9990e+03 -9.9990e+03 -9.9990e+03 -9.9990e+03 -9.9990e+03 -9.9990e+03 -9.9990e+03 -4.9151e-01 -4.3899e-01 -4.5496e-01 -3.6809e-01 -3.1634e-01 -3.5526e-01 -3.7941e-01 -3.8891e-01 -4.0563e-01 -3.9971e-01 -4.5678e-01 -4.5678e-01 -4.6702e-01 -5.4565e-01 -5.7933e-01 -5.8954e-01 -5.7791e-01 -5.2043e-01 -4.2079e-01 -1.6308e-01 -1.0685e-01 -1.3783e-01 -2.1955e-01 -2.2666e-01 -2.7487e-01 -3.6527e-01 -4.8634e-01 -5.5490e-01 -5.6173e-01 -5.8538e-01 -5.3928e-01 -5.2152e-01 -4.6357e-01 -4.5307e-01 -4.9012e-01 -5.1899e-01 -5.3820e-01 -5.2577e-01 -5.2063e-01 -5.2814e-01 -5.4941e-01
-9.9990e+03 -9.9990e+03 -9.9990e+03 -9.9990e+03 -9.9990e+03 -9.9990e+03 -9.9990e+03 -9.9990e+03 -9.9990e+03 -9.9990e+03 -9.9990e+03 -9.9990e+03 -9.9990e+03 -3.4756e-01 -3.4756e-01 -4.0759e-01 -3.5595e-01 -3.1634e-01 -3.1515e-01 -3.1546e-01 -3.8891e-01 -3.4559e-01 -2.7376e-01 -3.5534e-01 -3.3358e-01 -3.7308e-01 -5.3565e-01 -5.6279e-01 -5.9237e-01 -5.8541e-01 -5.8541e-01 -5.2643e-01 -2.1767e-01 -9.5232e-02 -9.4195e-02 -1.8084e-01 -2.1741e-01 -2.7987e-01 -3.6675e-01 -4.6365e-01 -5.1024e-01 -5.5204e-01 -5.0391e-01 -4.5468e-01 -4.3823e-01 -4.4405e-01 -4.6908e-01 -4.7668e-01 -5.0738e-01 -5.2900e-01 -5.3483e-01 -5.2777e-01 -5.3251e-01 -5.4755e-01
-9.9990e+03 -9.9990e+03 -9.9990e+03 -9.9990e+03 -9.9990e+03 -9.9990e+03 -9.9990e+03 -9.9990e+03 -9.9990e+03 -9.9990e+03 -9.9990e+03 -9.9990e+03 -9.9990e+03 -2.3850e-01 -3.3535e-01 -3.0084e-01 -2.6694e-01 -2.7152e-01 -2.1107e-01 -2.1107e-01 -2.9265e-01 -2.2400e-01 -1.5224e-01 -2.2602e-01 -1.9964e-01 -2.8927e-01 -4.6351e-01 -5.3816e-01 -5.9189e-01 -5.9086e-01 -5.5428e-01 -3.7558e-01 -1.5035e-01 -1.0404e-01 -1.2032e-01 -1.9226e-01 -1.9226e-01 -2.6827e-01 -3.6239e-01 -4.2573e-01 -4.4745e-01 -4.9601e-01 -4.6126e-01 -4.4077e-01 -4.3862e-01 -4.5299e-01 -4.6908e-01 -4.9149e-01 -5.1028e-01 -5.3900e-01 -5.4230e-01 -5.5116e-01 -5.3251e-01 -5.4930e-01
-9.9990e+03 -9.9990e+03 -9.9990e+03 -9.9990e+03 -9.9990e+03 -9.9990e+03 -9.9990e+03 -9.9990e+03 -9.9990e+03 -9.9990e+03 -9.9990e+03 -9.9990e+03 -9.9990e+03 -1.4184e-01 -2.3567e-01 -2.2005e-01 -1.8911e-01 -2.0227e-01 -9.4813e-02 -1.2734e-02 -7.7337e-02 -3.9122e-02 -4.4377e-02 -1.4572e-01 -2.9296e-01 -2.9296e-01 -4.3866e-01 -5.7665e-01 -6.4684e-01 -6.0358e-01 -5.6461e-01 -4.2877e-01 -2.2241e-01 -1.4539e-01 -1.3012e-01 -1.7838e-01 -2.6107e-01 -3.2578e-01 -3.8054e-01 -3.8204e-01 -4.3092e-01 -4.3092e-01 -4.2044e-01 -4.4077e-01 -4.4560e-01 -4.6566e-01 -4.7300e-01 -4.8691e-01 -5.0351e-01 -5.3384e-01 -5.5447e-01 -5.7257e-01 -5.6702e-01 -5.8651e-01
-9.9990e+03 -9.9990e+03 -9.9990e+03 -9.9990e+03 -9.9990e+03 -9.9990e+03 -9.9990e+03 -9.9990e+03 -9.9990e+03 -9.9990e+03 -9.9990e+03 -9.9990e+03 -9.9990e+03 -2.4605e-02 -1.5159e-01 -1.3880e-01 -1.2090e-01 -1.4710e-01 -8.6923e-02 -2.5438e-02 1.9316e-02 -3.0534e-02 -1.4200e-01 -1.8194e-01 -4.1299e-01 -6.2742e-01 -6.6340e-01 -7.2539e-01 -6.7815e-01 -5.7557e-01 -4.4337e-01 -4.4337e-01 -2.6589e-01 -1.6045e-01 -1.3012e-01 -1.8577e-01 -2.6300e-01 -3.2578e-01 -3.4930e-01 -3.4309e-01 -3.7280e-01 -3.8838e-01 -4.2233e-01 -4.5161e-01 -4.7526e-01 -4.8225e-01 -4.8707e-01 -4.8707e-01 -5.0156e-01 -5.3735e-01 -5.7276e-01 -5.9648e-01 -5.8667e-01 -6.0155e-01
-9.9990e+03 -9.9990e+03 -9.9990e+03 -9.9990e+03 -9.9990e+03 -9.9990e+03 -9.9990e+03 -9.9990e+03 -9.9990e+03 -9.9990e+03 -9.9990e+03 -9.9990e+03 -9.9990e+03 4.3167e-02 -4.0310e-02 -5.7280e-02 -1.2624e-01 -1.4408e-01 -1.5836e-01 -2.6195e-01 -6.4753e-02 -2.1394e-01 -4.2344e-01 -3.7885e-01 -6.1704e-01 -6.2742e-01 -7.5752e-01 -7.6182e-01 -6.7815e-01 -5.7429e-01 -4.2164e-01 -2.6015e-01 -1.4555e-01 -1.6133e-01 -2.1219e-01 -2.9131e-01 -2.9131e-01 -3.0754e-01 -3.2642e-01 -3.2937e-01 -3.4511e-01 -3.7613e-01 -4.1309e-01 -4.5280e-01 -4.7262e-01 -4.7638e-01 -4.8927e-01 -5.0306e-01 -5.3891e-01 -5.7648e-01 -5.9394e-01 -5.9993e-01 -6.1281e-01 -6.1281e-01
-9.9990e+03 -9.9990e+03 -9.9990e+03 -9.9990e+03 -9.9990e+03 -9.9990e+03 -9.9990e+03 -9.9990e+03 -9.9990e+03 -9.9990e+03 -9.9990e+03 -9.9990e+03 -9.9990e+03 -2.1248e-02 -1.0878e-02 -7.7894e-02 -1.5933e-01 -2.0375e-01 -2.7356e-01 -2.6195e-01 -4.6131e-01 -6.5668e-01 -6.4857e-01 -7.7474e-01 -7.8635e-01 -7.6469e-01 -7.8300e-01 -7.1736e-01 -6.8325e-01 -5.4287e-01 -3.8954e-01 -2.4540e-01 -1.5299e-01 -2.0458e-01 -2.4814e-01 -3.2226e-01 -3.2491e-01 -3.2771e-01 -3.4447e-01 -3.6263e-01 -3.6929e-01 -3.9649e-01 -3.9649e-01 -4.4090e-01 -4.5632e-01 -4.6572e-01 -4.8302e-01 -4.9898e-01 -5.3167e-01 -5.7196e-01 -5.8197e-01 -5.8744e-01 -6.0667e-01 -6.2592e-01
-9.9990e+03 -9.9990e+03 -9.9990e+03 -9.9990e+03 -9.9990e+03 -9.9990e+03 -9.9990e+03 -9.9990e+03 -9.9990e+03 -9.9990e+03 -9.9990e+03 -9.9990e+03 -9.9990e+03 -7.7578e-02 -7.7578e-02 -1.4425e-01 -1.5933e-01 -2.3704e-01 -3.1730e-01 -4.0629e-01 -5.9077e-01 -7.3630e-01 -7.7336e-01 -7.6653e-01 -6.8140e-01 -7.0396e-01 -5.9301e-01 -5.0316e-01 -4.7297e-01 -3.5891e-01 -2.9189e-01 -2.5286e-01 -2.0400e-01 -2.7114e-01 -3.0103e-01 -3.4265e-01 -3.2900e-01 -3.2791e-01 -3.5672e-01 -3.7603e-01 -3.7098e-01 -3.7678e-01 -3.8643e-01 -4.3195e-01 -4.5382e-01 -4.8799e-01 -5.0271e-01 -5.2998e-01 -5.2998e-01 -5.5829e-01 -5.6373e-01 -5.8744e-01 -6.0018e-01 -6.2557e-01
