bias_correction/pipeline/V_4_s_1.4_d_290.asc
ncols        88
nrows        90
xllcorner    2777636
yllcorner    1185112
cellsize     25
NODATA_value -9999
[rows 48 to 71 of 90, columns 0 to 53 of 88]
-9.9990e+03 -9.9990e+03 -9.9990e+03 -9.9990e+03 -9.9990e+03 -9.9990e+03 -9.9990e+03 -9.9990e+03 -9.9990e+03 -9.9990e+03 -9.9990e+03 -9.9990e+03 -9.9990e+03 -1.8449e-01 -2.2208e-01 -2.4948e-01 -2.7236e-01 -3.4191e-01 -4.6665e-01 -6.2523e-01 -6.2523e-01 -7.4721e-01 -7.7559e-01 -7.0785e-01 -6.0011e-01 -5.7771e-01 -4.8669e-01 -4.3169e-01 -4.1985e-01 -3.5574e-01 -3.3651e-01 -2.7594e-01 -3.1625e-01 -3.4981e-01 -3.5207e-01 -3.2964e-01 -3.4044e-01 -3.3160e-01 -3.6567e-01 -3.8219e-01 -3.6813e-01 -3.5668e-01 -3.6063e-01 -4.1078e-01 -4.4722e-01 -4.8799e-01 -5.2434e-01 -5.4440e-01 -5.4985e-01 -5.5339e-01 -5.6143e-01 -5.8848e-01 -6.2123e-01 -6.2123e-01
-9.9990e+03 -9.9990e+03 -9.9990e+03 -9.9990e+03 -9.9990e+03 -9.9990e+03 -9.9990e+03 -9.9990e+03 -9.9990e+03 -9.9990e+03 -9.9990e+03 -9.9990e+03 -9.9990e+03 -2.3063e-01 -2.4525e-01 -2.6070e-01 -2.9904e-01 -3.9361e-01 -5.2631e-01 -6.4040e-01 -7.3294e-01 -7.1441e-01 -6.6526e-01 -5.6339e-01 -4.6526e-01 -4.2992e-01 -4.2992e-01 -3.9006e-01 -3.9092e-01 -3.6222e-01 -3.5928e-01 -3.4496e-01 -3.5900e-01 -3.5517e-01 -3.3564e-01 -3.2830e-01 -3.4044e-01 -3.6950e-01 -3.7647e-01 -3.6270e-01 -3.4288e-01 -3.4454e-01 -3.6063e-01 -3.9236e-01 -4.4039e-01 -4.9366e-01 -5.3890e-01 -5.5881e-01 -5.4906e-01 -5.4878e-01 -5.5290e-01 -5.8360e-01 -6.2009e-01 -6.4366e-01
-9.9990e+03 -9.9990e+03 -9.9990e+03 -9.9990e+03 -9.9990e+03 -9.9990e+03 -9.9990e+03 -9.9990e+03 -9.9990e+03 -9.9990e+03 -9.9990e+03 -9.9990e+03 -9.9990e+03 -2.0406e-01 -2.2062e-01 -2.2062e-01 -3.2378e-01 -4.5386e-01 -5.9865e-01 -6.7377e-01 -7.1013e-01 -6.7535e-01 -6.3609e-01 -5.3246e-01 -4.3515e-01 -3.9185e-01 -3.4022e-01 -3.3086e-01 -3.4900e-01 -3.4634e-01 -3.7836e-01 -3.7836e-01 -3.7695e-01 -3.5517e-01 -3.3175e-01 -3.2824e-01 -3.4601e-01 -3.6051e-01 -3.5422e-01 -3.5001e-01 -3.2948e-01 -3.3005e-01 -3.8204e-01 -4.2973e-01 -4.7200e-01 -5.2423e-01 -5.4675e-01 -5.6463e-01 -5.5847e-01 -5.5397e-01 -5.5355e-01 -5.7060e-01 -6.0410e-01 -6.2749e-01
-9.9990e+03 -9.9990e+03 -9.9990e+03 -9.9990e+03 -9.9990e+03 -9.9990e+03 -9.9990e+03 -9.9990e+03 -9.9990e+03 -9.9990e+03 -9.9990e+03 -9.9990e+03 -9.9990e+03 -1.8438e-01 -2.0802e-01 -3.4364e-01 -4.9284e-01 -6.5482e-01 -7.1183e-01 -6.9017e-01 -6.9017e-01 -6.3232e-01 -5.8615e-01 -4.8308e-01 -4.3515e-01 -3.4041e-01 -2.8455e-01 -3.3086e-01 -3.2967e-01 -3.3375e-01 -3.7427e-01 -3.8295e-01 -3.6197e-01 -3.4456e-01 -3.3720e-01 -3.3289e-01 -3.2656e-01 -3.2656e-01 -3.0653e-01 -3.2788e-01 -3.0768e-01 -3.0893e-01 -3.7248e-01 -4.1581e-01 -4.5399e-01 -5.0003e-01 -5.3404e-01 -5.6892e-01 -5.7669e-01 -5.8226e-01 -5.8043e-01 -5.8558e-01 -6.0344e-01 -5.9185e-01
-9.9990e+03 -9.9990e+03 -9.9990e+03 -9.9990e+03 -9.9990e+03 -9.9990e+03 -9.9990e+03 -9.9990e+03 -9.9990e+03 -9.9990e+03 -9.9990e+03 -9.9990e+03 -9.9990e+03 -2.0173e-01 -2.8004e-01 -3.4364e-01 -5.4955e-01 -6.9041e-01 -7.1183e-01 -6.6350e-01 -5.7505e-01 -5.3046e-01 -4.2864e-01 -3.3738e-01 -2.9663e-01 -2.4184e-01 -2.4184e-01 -2.9186e-01 -3.1800e-01 -3.4483e-01 -3.7444e-01 -3.9846e-01 -3.8026e-01 -3.5020e-01 -3.4731e-01 -3.2499e-01 -2.9175e-01 -2.5445e-01 -2.3995e-01 -2.8347e-01 -2.8386e-01 -3.3272e-01 -4.1021e-01 -4.1021e-01 -4.5345e-01 -4.8447e-01 -5.2654e-01 -5.7262e-01 -5.9303e-01 -6.0378e-01 -5.9313e-01 -5.8292e-01 -5.7861e-01 -5.9185e-01
-9.9990e+03 -9.9990e+03 -9.9990e+03 -9.9990e+03 -9.9990e+03 -9.9990e+03 -9.9990e+03 -9.9990e+03 -9.9990e+03 -9.9990e+03 -9.9990e+03 -9.9990e+03 -9.9990e+03 -4.2864e-01 -5.7963e-01 -4.4534e-01 -6.2555e-01 -6.9216e-01 -7.0099e-01 -6.1874e-01 -5.1688e-01 -4.6603e-01 -3.7370e-01 -3.0723e-01 -2.7773e-01 -2.4087e-01 -2.5970e-01 -3.1302e-01 -3.7244e-01 -4.5963e-01 -4.3545e-01 -4.0830e-01 -4.0830e-01 -3.5804e-01 -3.5064e-01 -3.1489e-01 -2.7159e-01 -2.1805e-01 -1.9257e-01 -2.4339e-01 -2.4582e-01 -2.8687e-01 -4.0115e-01 -4.7728e-01 -5.5609e-01 -5.5058e-01 -5.9049e-01 -6.0462e-01 -6.0462e-01 -6.1672e-01 -5.9313e-01 -5.7297e-01 -5.4740e-01 -5.6150e-01
-9.9990e+03 -9.9990e+03 -9.9990e+03 -9.9990e+03 -9.9990e+03 -9.9990e+03 -9.9990e+03 -9.9990e+03 -9.9990e+03 -9.9990e+03 -9.9990e+03 -9.9990e+03 -9.9990e+03 -5.6453e-01 -6.5352e-01 -6.5593e-01 -6.2151e-01 -5.5096e-01 -5.4993e-01 -4.5233e-01 -3.6875e-01 -4.1476e-01 -3.3970e-01 -2.9684e-01 -2.8519e-01 -2.8923e-01 -3.2701e-01 -3.3055e-01 -4.4170e-01 -5.4516e-01 -4.9217e-01 -4.4750e-01 -3.5905e-01 -3.3125e-01 -3.0278e-01 -2.6821e-01 -2.0240e-01 -1.3905e-01 -1.3905e-01 -1.9636e-01 -2.0964e-01 -2.8687e-01 -3.8159e-01 -5.1492e-01 -5.5609e-01 -6.0178e-01 -6.2042e-01 -6.2209e-01 -6.3715e-01 -6.1766e-01 -5.6427e-01 -5.3056e-01 -5.0981e-01 -5.1261e-01
-9.9990e+03 -9.9990e+03 -9.9990e+03 -9.9990e+03 -9.9990e+03 -9.9990e+03 -9.9990e+03 -9.9990e+03 -9.9990e+03 -9.9990e+03 -9.9990e+03 -9.9990e+03 -9.9990e+03 -6.3215e-01 -6.6994e-01 -6.3017e-01 -5.3538e-01 -4.5781e-01 -4.6589e-01 -4.0338e-01 -3.4436e-01 -3.1343e-01 -3.0567e-01 -3.9504e-01 -3.8947e-01 -4.6318e-01 -5.8314e-01 -4.2222e-01 -5.5499e-01 -6.3058e-01 -5.5977e-01 -4.8222e-01 -3.6225e-01 -3.0647e-01 -2.8990e-01 -2.6821e-01 -1.9134e-01 -8.9882e-02 -1.1894e-01 -1.4239e-01 -2.4103e-01 -3.9632e-01 -5.7790e-01 -5.7790e-01 -6.2243e-01 -6.5328e-01 -6.4278e-01 -6.4700e-01 -6.6528e-01 -6.4035e-01 -5.7810e-01 -5.3759e-01 -5.0997e-01 -5.0989e-01
-9.9990e+03 -9.9990e+03 -9.9990e+03 -9.9990e+03 -9.9990e+03 -9.9990e+03 -9.9990e+03 -9.9990e+03 -9.9990e+03 -9.9990e+03 -9.9990e+03 -9.9990e+03 -9.9990e+03 -6.7364e-01 -5.8414e-01 -4.8567e-01 -4.8567e-01 -4.1552e-01 -4.0682e-01 -3.7713e-01 -3.4696e-01 -3.1871e-01 -3.6422e-01 -5.0354e-01 -5.2726e-01 -6.4227e-01 -5.8314e-01 -6.7013e-01 -6.7274e-01 -6.0278e-01 -4.8882e-01 -3.5094e-01 -3.6225e-01 -2.8686e-01 -2.6924e-01 -2.5210e-01 -1.6854e-01 -3.2509e-02 -3.7511e-02 -6.7533e-02 -2.3551e-01 -4.6338e-01 -6.5487e-01 -7.1667e-01 -6.9567e-01 -6.7699e-01 -7.0033e-01 -6.8194e-01 -6.5061e-01 -6.5061e-01 -6.0249e-01 -5.6655e-01 -5.3230e-01 -5.0356e-01
-9.9990e+03 -9.9990e+03 -9.9990e+03 -9.9990e+03 -9.9990e+03 -9.9990e+03 -9.9990e+03 -9.9990e+03 -9.9990e+03 -9.9990e+03 -9.9990e+03 -9.9990e+03 -9.9990e+03 -6.9034e-01 -5.9611e-01 -4.7230e-01 -4.1543e-01 -4.0990e-01 -3.8439e-01 -3.8519e-01 -3.7654e-01 -3.7654e-01 -4.8277e-01 -5.0354e-01 -6.6686e-01 -7.8026e-01 -7.3592e-01 -7.2139e-01 -6.4982e-01 -5.8902e-01 -4.4499e-01 -3.1625e-01 -2.6940e-01 -2.5010e-01 -2.2515e-01 -1.5935e-01 -2.4288e-02 3.8386e-02 2.5806e-02 -1.4687e-02 -2.3141e-01 -5.4573e-01 -7.1173e-01 -7.3837e-01 -7.3444e-01 -7.2295e-01 -7.3825e-01 -7.0394e-01 -6.5658e-01 -6.1523e-01 -5.8955e-01 -5.6198e-01 -5.2423e-01 -5.0907e-01
-9.9990e+03 -9.9990e+03 -9.9990e+03 -9.9990e+03 -9.9990e+03 -9.9990e+03 -9.9990e+03 -9.9990e+03 -9.9990e+03 -9.9990e+03 -9.9990e+03 -9.9990e+03 -9.9990e+03 -7.1658e-01 -5.9611e-01 -5.0273e-01 -4.6539e-01 -4.0990e-01 -4.2241e-01 -4.5885e-01 -4.6802e-01 -6.2046e-01 -7.6147e-01 -7.7270e-01 -8.2121e-01 -7.6658e-01 -7.0599e-01 -7.0599e-01 -5.7177e-01 -5.0653e-01 -3.7003e-01 -2.7324e-01 -2.5782e-01 -2.3654e-01 -2.0849e-01 -1.5724e-01 -4.9947e-02 1.5476e-02 5.4592e-03 -2.1527e-01 -5.6079e-01 -7.2697e-01 -7.5257e-01 -7.9983e-01 -7.6260e-01 -7.6435e-01 -7.5424e-01 -7.1895e-01 -6.3427e-01 -5.8438e-01 -5.8734e-01 -5.6895e-01 -5.2423e-01 -5.0016e-01
-9.9990e+03 -9.9990e+03 -9.9990e+03 -9.9990e+03 -9.9990e+03 -9.9990e+03 -9.9990e+03 -9.9990e+03 -9.9990e+03 -9.9990e+03 -9.9990e+03 -9.9990e+03 -9.9990e+03 -6.5629e-01 -5.6824e-01 -5.5899e-01 -5.5899e-01 -4.6763e-01 -4.8642e-01 -5.3878e-01 -5.7276e-01 -7.3478e-01 -8.2416e-01 -8.1737e-01 -7.9386e-01 -6.9115e-01 -6.3706e-01 -4.8311e-01 -3.6591e-01 -3.1073e-01 -2.5841e-01 -2.2769e-01 -2.1359e-01 -2.1359e-01 -1.9458e-01 -1.6295e-01 -8.5817e-02 -5.4353e-02 -3.1475e-02 -2.3464e-01 -5.3964e-01 -7.2728e-01 -7.7429e-01 -7.9983e-01 -8.0173e-01 -7.5921e-01 -7.0534e-01 -5.9871e-01 -5.4925e-01 -5.8438e-01 -5.5896e-01 -5.4566e-01 -5.3596e-01 -4.9785e-01
-9.9990e+03 -9.9990e+03 -9.9990e+03 -9.9990e+03 -9.9990e+03 -9.9990e+03 -9.9990e+03 -9.9990e+03 -9.9990e+03 -9.9990e+03 -9.9990e+03 -9.9990e+03 -9.9990e+03 -7.0288e-01 -6.3705e-01 -6.4131e-01 -6.2226e-01 -5.6130e-01 -6.0582e-01 -7.0364e-01 -7.8720e-01 -8.3295e-01 -8.3295e-01 -8.1462e-01 -7.2743e-01 -6.0407e-01 -5.5737e-01 -4.4160e-01 -3.7072e-01 -3.0123e-01 -2.6621e-01 -2.3305e-01 -2.0315e-01 -1.9153e-01 -1.9628e-01 -1.3598e-01 -1.5178e-01 -1.3062e-01 -1.3062e-01 -3.1369e-01 -5.3964e-01 -7.4612e-01 -8.0627e-01 -8.3761e-01 -8.2826e-01 -7.5674e-01 -6.9346e-01 -5.7172e-01 -5.2494e-01 -5.4269e-01 -5.2904e-01 -5.1926e-01 -4.9665e-01 -4.5829e-01
-9.9990e+03 -9.9990e+03 -9.9990e+03 -9.9990e+03 -9.9990e+03 -9.9990e+03 -9.9990e+03 -9.9990e+03 -9.9990e+03 -9.9990e+03 -9.9990e+03 -9.9990e+03 -9.9990e+03 -7.3638e-01 -7.0379e-01 -6.9354e-01 -6.5831e-01 -6.0860e-01 -6.5323e-01 -7.3393e-01 -7.8077e-01 -7.8683e-01 -6.8529e-01 -6.5324e-01 -5.4346e-01 -4.6287e-01 -4.2017e-01 -4.2017e-01 -3.8155e-01 -3.3065e-01 -2.8413e-01 -2.3305e-01 -2.1439e-01 -2.2286e-01 -1.9628e-01 -1.9729e-01 -2.6773e-01 -2.8242e-01 -4.9933e-01 -7.3735e-01 -8.1524e-01 -8.5702e-01 -8.4788e-01 -8.0200e-01 -8.0200e-01 -7.3194e-01 -6.8211e-01 -5.6165e-01 -5.3031e-01 -5.4441e-01 -5.3672e-01 -5.1998e-01 -5.0306e-01 -4.8304e-01
-9.9990e+03 -9.9990e+03 -9.9990e+03 -9.9990e+03 -9.9990e+03 -9.9990e+03 -9.9990e+03 -9.9990e+03 -9.9990e+03 -9.9990e+03 -9.9990e+03 -9.9990e+03 -9.9990e+03 -7.5653e-01 -7.1602e-01 -6.7947e-01 -6.9154e-01 -6.5092e-01 -7.0323e-01 -7.5974e-01 -7.6920e-01 -7.2752e-01 -6.8529e-01 -5.8720e-01 -5.0175e-01 -4.6287e-01 -4.2076e-01 -3.9459e-01 -3.4472e-01 -2.9675e-01 -2.7791e-01 -2.5765e-01 -3.0630e-01 -3.0630e-01 -2.6438e-01 -3.1443e-01 -4.3846e-01 -4.6664e-01 -7.4350e-01 -9.6948e-01 -9.6895e-01 -9.6095e-01 -8.7840e-01 -8.0107e-01 -7.5052e-01 -7.1515e-01 -5.8414e-01 -5.8715e-01 -6.6701e-01 -5.8468e-01 -5.8468e-01 -5.5737e-01 -5.2445e-01 -5.5216e-01
-9.9990e+03 -9.9990e+03 -9.9990e+03 -9.9990e+03 -9.9990e+03 -9.9990e+03 -9.9990e+03 -9.9990e+03 -9.9990e+03 -9.9990e+03 -9.9990e+03 -9.9990e+03 -9.9990e+03 -7.4974e-01 -7.3287e-01 -7.0650e-01 -6.9154e-01 -7.5072e-01 -7.8051e-01 -7.5118e-01 -6.7118e-01 -5.6725e-01 -6.1871e-01 -5.3636e-01 -4.7602e-01 -4.5004e-01 -4.3305e-01 -4.0722e-01 -3.5600e-01 -3.2037e-01 -3.3534e-01 -3.3548e-01 -4.4279e-01 -5.6297e-01 -4.7447e-01 -6.4065e-01 -9.3720e-01 -1.0023e+00 -1.2322e+00 -1.2322e+00 -1.1282e+00 -1.0217e+00 -8.6681e-01 -7.9931e-01 -7.5551e-01 -7.2140e-01 -6.6813e-01 -6.9315e-01 -7.6785e-01 -6.8177e-01 -6.6210e-01 -7.1204e-01 -6.7368e-01 -7.7820e-01
-9.9990e+03 -9.9990e+03 -9.9990e+03 -9.9990e+03 -9.9990e+03 -9.9990e+03 -9.9990e+03 -9.9990e+03 -9.9990e+03 -9.9990e+03 -9.9990e+03 -9.9990e+03 -9.9990e+03 -7.4974e-01 -7.2741e-01 -7.0643e-01 -7.2937e-01 -7.7317e-01 -7.6151e-01 -7.2497e-01 -6.1472e-01 -5.1079e-01 -4.9611e-01 -4.5255e-01 -4.5014e-01 -4.5542e-01 -4.3609e-01 -4.1067e-01 -3.7335e-01 -3.6294e-01 -4.3961e-01 -4.6804e-01 -6.2864e-01 -7.7206e-01 -6.9284e-01 -8.9091e-01 -1.1511e+00 -1.1928e+00 -1.2868e+00 -1.0906e+00 -1.0003e+00 -8.0704e-01 -7.0492e-01 -7.1641e-01 -7.1641e-01 -6.6657e-01 -6.9628e-01 -7.3857e-01 -7.6785e-01 -7.7372e-01 -7.5512e-01 -7.1204e-01 -7.9398e-01 -8.4843e-01
-9.9990e+03 -9.9990e+03 -9.9990e+03 -9.9990e+03 -9.9990e+03 -9.9990e+03 -9.9990e+03 -9.9990e+03 -9.9990e+03 -9.9990e+03 -9.9990e+03 -9.9990e+03 -9.9990e+03 -7.0674e-01 -6.5128e-01 -6.3156e-01 -7.3119e-01 -7.3119e-01 -6.7284e-01 -6.7481e-01 -5.4215e-01 -4.4423e-01 -4.5070e-01 -4.2451e-01 -4.4864e-01 -4.7299e-01 -4.7161e-01 -4.5983e-01 -4.1699e-01 -5.3189e-01 -7.2085e-01 -8.0593e-01 -9.2757e-01 -1.0138e+00 -8.8998e-01 -1.0615e+00 -1.2085e+00 -1.2563e+00 -1.1605e+00 -9.1101e-01 -8.7598e-01 -6.9074e-01 -7.0492e-01 -6.6141e-01 -6.1372e-01 -6.5347e-01 -6.8958e-01 -6.9464e-01 -7.6588e-01 -7.4327e-01 -7.4327e-01 -7.8108e-01 -8.1996e-01 -7.9558e-01
-9.9990e+03 -9.9990e+03 -9.9990e+03 -9.9990e+03 -9.9990e+03 -9.9990e+03 -9.9990e+03 -9.9990e+03 -9.9990e+03 -9.9990e+03 -9.9990e+03 -9.9990e+03 -9.9990e+03 -6.5354e-01 -5.9365e-01 -5.5365e-01 -6.0416e-01 -5.4701e-01 -4.7717e-01 -4.6176e-01 -4.0057e-01 -3.9732e-01 -4.1348e-01 -4.1348e-01 -4.6254e-01 -4.9709e-01 -5.1676e-01 -5.1348e-01 -4.7511e-01 -5.8737e-01 -7.5834e-01 -8.8370e-01 -9.7163e-01 -1.0138e+00 -1.1435e+00 -1.2096e+00 -1.1858e+00 -9.7601e-01 -7.5459e-01 -9.1101e-01 -6.9168e-01 -5.6631e-01 -6.0871e-01 -5.9179e-01 -5.6625e-01 -5.8981e-01 -6.0031e-01 -5.8889e-01 -6.5479e-01 -6.3219e-01 -6.2340e-01 -7.2290e-01 -6.6533e-01 -5.8262e-01
-9.9990e+03 -9.9990e+03 -9.9990e+03 -9.9990e+03 -9.9990e+03 -9.9990e+03 -9.9990e+03 -9.9990e+03 -9.9990e+03 -9.9990e+03 -9.9990e+03 -9.9990e+03 -9.9990e+03 -6.0110e-01 -5.4586e-01 -4.9725e-01 -5.1713e-01 -4.7103e-01 -4.3527e-01 -4.2293e-01 -4.0279e-01 -4.2239e-01 -4.3197e-01 -5.0977e-01 -6.0622e-01 -5.7319e-01 -5.7404e-01 -5.3362e-01 -5.3362e-01 -6.2266e-01 -7.5834e-01 -8.9655e-01 -9.6641e-01 -1.0589e+00 -1.1993e+00 -1.2071e+00 -1.0738e+00 -8.5061e-01 -6.6590e-01 -5.7664e-01 -5.0040e-01 -4.8315e-01 -5.3989e-01 -5.3682e-01 -5.2312e-01 -5.3929e-01 -5.3180e-01 -5.1561e-01 -5.4422e-01 -5.3591e-01 -5.4628e-01 -6.0590e-01 -5.7060e-01 -5.2214e-01
-9.9990e+03 -9.9990e+03 -9.9990e+03 -9.9990e+03 -9.9990e+03 -9.9990e+03 -9.9990e+03 -9.9990e+03 -9.9990e+03 -9.9990e+03 -9.9990e+03 -9.9990e+03 -9.9990e+03 -9.9990e+03 -9.9990e+03 -9.9990e+03 -4.3440e-01 -4.3440e-01 -4.2708e-01 -4.3418e-01 -4.5291e-01 -4.2239e-01 -4.8155e-01 -5.8158e-01 -6.0622e-01 -6.6144e-01 -6.7622e-01 -6.0213e-01 -6.7867e-01 -7.9459e-01 -8.7671e-01 -9.4553e-01 -1.0967e+00 -1.2524e+00 -1.2524e+00 -1.1951e+00 -1.0151e+00 -8.0518e-01 -6.2646e-01 -5.1129e-01 -4.6340e-01 -4.6334e-01 -5.0591e-01 -5.1495e-01 -5.0770e-01 -5.1125e-01 -4.9747e-01 -4.8506e-01 -5.0146e-01 -5.2734e-01 -5.3395e-01 -5.4390e-01 -5.3498e-01 -5.1587e-01
-9.9990e+03 -9.9990e+03 -9.9990e+03 -9.9990e+03 -9.9990e+03 -9.9990e+03 -9.9990e+03 -9.9990e+03 -9.9990e+03 -9.9990e+03 -9.9990e+03 -9.9990e+03 -9.9990e+03 -9.9990e+03 -9.9990e+03 -9.9990e+03 -9.9990e+03 -9.9990e+03 -4.4585e-01 -4.9227e-01 -5.6468e-01 -5.7953e-01 -6.9940e-01 -6.9940e-01 -7.0938e-01 -7.8144e-01 -8.0917e-01 -7.0383e-01 -7.6096e-01 -8.2164e-01 -8.7157e-01 -9.2802e-01 -1.0686e+00 -1.2309e+00 -1.1381e+00 -9.4188e-01 -7.8900e-01 -6.1994e-01 -4.8414e-01 -4.4394e-01 -4.4394e-01 -4.4729e-01 -4.7642e-01 -4.8621e-01 -4.8560e-01 -4.9649e-01 -4.9132e-01 -4.8951e-01 -5.0318e-01 -5.2921e-01 -5.3288e-01 -5.3573e-01 -5.2838e-01 -5.1007e-01
-9.9990e+03 -9.9990e+03 -9.9990e+03 -9.9990e+03 -9.9990e+03 -9.9990e+03 -9.9990e+03 -9.9990e+03 -9.9990e+03 -9.9990e+03 -9.9990e+03 -9.9990e+03 -9.9990e+03 -9.9990e+03 -9.9990e+03 -9.9990e+03 -9.9990e+03 -9.9990e+03 -9.9990e+03 -9.9990e+03 -9.9990e+03 -6.6602e-01 -7.8627e-01 -9.2866e-01 -9.2295e-01 -9.7445e-01 -9.9155e-01 -8.7298e-01 -8.8356e-01 -8.8356e-01 -8.5807e-01 -9.0060e-01 -1.0127e+00 -1.1426e+00 -1.0274e+00 -8.5615e-01 -7.6701e-01 -6.1511e-01 -4.9826e-01 -4.3938e-01 -4.4185e-01 -4.5325e-01 -4.6466e-01 -4.7166e-01 -4.7938e-01 -4.7938e-01 -4.8009e-01 -4.8951e-01 -5.0467e-01 -5.2335e-01 -5.3288e-01 -5.3295e-01 -5.2840e-01 -5.3038e-01
-9.9990e+03 -9.9990e+03 -9.9990e+03 -9.9990e+03 -9.9990e+03 -9.9990e+03 -9.9990e+03 -9.9990e+03 -9.9990e+03 -9.9990e+03 -9.9990e+03 -9.9990e+03 -9.9990e+03 -9.9990e+03 -9.9990e+03 -9.9990e+03 -9.9990e+03 -9.9990e+03 -9.9990e+03 -9.9990e+03 -9.9990e+03 -9.9990e+03 -9.9990e+03 -9.9990e+03 -1.0183e+00 -1.0645e+00 -1.0918e+00 -1.0058e+00 -9.7646e-01 -9.1789e-01 -8.9281e-01 -9.3122e-01 -8.9312e-01 -9.0564e-01 -9.0564e-01 -7.6687e-01 -7.1726e-01 -6.0841e-01 -4.9826e-01 -4.5587e-01 -4.6164e-01 -4.5325e-01 -4.6310e-01 -4.7377e-01 -4.6687e-01 -4.6813e-01 -4.7191e-01 -4.9821e-01 -5.1782e-01 -5.2492e-01 -5.2441e-01 -5.2441e-01 -5.2095e-01 -5.3966e-01
