bias_correction/pipeline/W_0_s_2.3_d_200.asc
ncols        88
nrows        90
xllcorner    2777636
yllcorner    1185112
cellsize     25
NODATA_value -9999
[rows 25 to 49 of 90, columns 0 to 54 of 88]
-9.9990e+03 -9.9990e+03 -9.9990e+03 -9.9990e+03 -9.9990e+03 -9.9990e+03 -9.9990e+03 -9.9990e+03 -9.9990e+03 -9.9990e+03 -9.9990e+03 -9.9990e+03 -9.9990e+03 -9.9990e+03 -9.9990e+03 -9.9990e+03 -9.9990e+03 -9.9990e+03 1.5278e+00 1.5395e+00 1.5543e+00 1.3063e+00 1.3063e+00 -7.3543e-01 -1.0796e+00 -1.3858e+00 -2.2830e+00 -2.2390e+00 -2.1031e+00 -2.0439e+00 -1.9399e+00 -1.5939e+00 -1.5122e+00 -4.4535e-01 5.5464e-01 9.4978e-01 1.3855e+00 1.3888e+00 1.5460e+00 1.5460e+00 1.3566e+00 1.4393e+00 1.1668e+00 9.4551e-01 1.1169e+00 1.0144e+00 9.3012e-01 8.8285e-01 8.5951e-01 1.0355e+00 1.1771e+00 1.2053e+00 3.5425e-01 -4.8258e-01 -9.1797e-01
-9.9990e+03 -9.9990e+03 -9.9990e+03 -9.9990e+03 -9.9990e+03 -9.9990e+03 -9.9990e+03 -9.9990e+03 -9.9990e+03 -9.9990e+03 -9.9990e+03 -9.9990e+03 -9.9990e+03 -9.9990e+03 -9.9990e+03 -9.9990e+03 -9.9990e+03 -9.9990e+03 1.0359e+00 9.3212e-01 1.5234e+00 1.2943e+00 9.8286e-01 3.7147e-01 -1.6857e-01 -5.5870e-01 -1.7789e+00 -1.7055e+00 -1.7055e+00 -1.9400e+00 -1.6606e+00 -9.5473e-01 -7.2720e-01 1.5524e-01 7.7908e-01 1.1318e+00 1.1974e+00 1.0646e+00 1.2462e+00 1.0939e+00 9.5897e-01 9.5869e-01 7.8281e-01 8.4365e-01 8.1709e-01 8.1709e-01 9.3012e-01 8.6495e-01 8.6958e-01 9.5460e-01 1.1737e+00 1.4113e+00 8.0732e-01 9.3385e-02 -5.5383e-01
-9.9990e+03 -9.9990e+03 -9.9990e+03 -9.9990e+03 -9.9990e+03 -9.9990e+03 -9.9990e+03 -9.9990e+03 -9.9990e+03 -9.9990e+03 -9.9990e+03 -9.9990e+03 -9.9990e+03 -9.9990e+03 -9.9990e+03 -9.9990e+03 -9.9990e+03 -9.9990e+03 3.0297e-01 1.3077e-01 7.5571e-01 4.5388e-01 2.6998e-01 6.3380e-01 3.6634e-01 3.3204e-01 -6.7176e-01 -4.9421e-01 -7.9290e-02 -9.0564e-01 -1.9725e-01 3.9886e-01 5.6274e-01 8.2285e-01 8.2285e-01 9.4957e-01 8.7454e-01 1.0646e+00 9.2828e-01 8.4894e-01 9.5897e-01 8.5926e-01 7.6464e-01 6.8507e-01 6.7843e-01 7.4534e-01 8.5268e-01 8.9888e-01 1.0004e+00 1.2113e+00 1.2113e+00 1.5011e+00 1.4815e+00 1.1518e+00 4.7961e-01
-9.9990e+03 -9.9990e+03 -9.9990e+03 -9.9990e+03 -9.9990e+03 -9.9990e+03 -9.9990e+03 -9.9990e+03 -9.9990e+03 -9.9990e+03 -9.9990e+03 -9.9990e+03 -9.9990e+03 -9.9990e+03 -9.9990e+03 -9.9990e+03 -9.9990e+03 -3.5081e-01 -3.6385e-01 -3.1323e-01 -1.5402e-01 -3.3577e-02 2.9283e-01 2.4971e-01 4.0556e-01 7.7178e-01 5.3551e-01 9.5261e-01 -7.9290e-02 3.5039e-01 6.5213e-01 3.9886e-01 7.0999e-01 7.4209e-01 8.0064e-01 6.8918e-01 5.9564e-01 6.8640e-01 6.6132e-01 6.6132e-01 7.9549e-01 7.7458e-01 7.8313e-01 6.9550e-01 6.6340e-01 7.0709e-01 8.2522e-01 8.9872e-01 9.7941e-01 1.1763e+00 1.4247e+00 1.6899e+00 1.7883e+00 1.5809e+00 1.0757e+00
-9.9990e+03 -9.9990e+03 -9.9990e+03 -9.9990e+03 -9.9990e+03 -9.9990e+03 -9.9990e+03 -9.9990e+03 -9.9990e+03 -9.9990e+03 -9.9990e+03 -9.9990e+03 -9.9990e+03 -9.9990e+03 -9.9990e+03 -9.9990e+03 -9.9990e+03 -8.0080e-01 -5.4495e-01 -1.9426e-01 -1.3673e-01 3.0296e-01 2.9283e-01 7.3655e-01 1.3040e+00 1.2925e+00 1.6548e+00 1.7651e+00 1.3140e+00 1.4239e+00 1.2374e+00 7.1002e-01 6.9049e-01 6.2464e-01 6.8423e-01 5.7620e-01 4.8185e-01 5.4789e-01 5.4116e-01 5.3962e-01 6.8721e-01 7.6374e-01 8.3839e-01 7.8323e-01 7.6724e-01 7.6724e-01 7.9281e-01 8.7310e-01 9.4516e-01 1.0710e+00 1.1984e+00 1.3632e+00 1.8495e+00 1.8243e+00 1.6818e+00
-9.9990e+03 -9.9990e+03 -9.9990e+03 -9.9990e+03 -9.9990e+03 -9.9990e+03 -9.9990e+03 -9.9990e+03 -9.9990e+03 -9.9990e+03 -9.9990e+03 -9.9990e+03 -9.9990e+03 -9.9990e+03 -9.9990e+03 -9.9990e+03 -5.4925e-01 -5.4925e-01 -1.6991e-01 -1.9426e-01 3.0324e-01 9.4104e-01 8.5398e-01 1.3588e+00 1.6982e+00 1.6645e+00 1.7791e+00 1.7094e+00 1.6848e+00 1.3971e+00 1.0098e+00 6.1839e-01 5.1757e-01 5.2424e-01 5.7547e-01 4.9267e-01 4.3564e-01 4.2868e-01 4.1104e-01 4.0758e-01 5.8254e-01 6.5546e-01 7.4483e-01 8.7548e-01 8.4600e-01 7.8694e-01 8.2864e-01 8.9717e-01 9.5885e-01 1.0563e+00 1.1141e+00 1.1141e+00 1.5384e+00 1.5954e+00 1.6818e+00
-9.9990e+03 -9.9990e+03 -9.9990e+03 -9.9990e+03 -9.9990e+03 -9.9990e+03 -9.9990e+03 -9.9990e+03 -9.9990e+03 -9.9990e+03 -9.9990e+03 -9.9990e+03 -9.9990e+03 -9.9990e+03 -9.9990e+03 -9.9990e+03 1.7481e-01 5.7123e-01 1.0279e+00 9.3985e-01 1.3610e+00 1.5192e+00 1.6261e+00 1.6261e+00 1.7339e+00 1.8423e+00 1.7932e+00 1.6757e+00 1.6033e+00 1.4572e+00 1.1854e+00 6.5962e-01 5.4081e-01 5.6884e-01 5.2375e-01 5.0591e-01 4.7083e-01 3.4791e-01 3.2934e-01 3.5435e-01 4.3330e-01 4.8521e-01 5.7205e-01 8.1136e-01 8.0635e-01 7.2946e-01 7.5482e-01 7.8535e-01 9.5885e-01 9.9446e-01 1.0065e+00 1.1802e+00 1.2413e+00 1.2655e+00 1.5135e+00
-9.9990e+03 -9.9990e+03 -9.9990e+03 -9.9990e+03 -9.9990e+03 -9.9990e+03 -9.9990e+03 -9.9990e+03 -9.9990e+03 -9.9990e+03 -9.9990e+03 -9.9990e+03 -9.9990e+03 -9.9990e+03 -9.9990e+03 -9.9990e+03 1.0385e+00 1.1855e+00 1.4110e+00 1.3469e+00 1.4963e+00 1.4590e+00 1.5305e+00 1.5397e+00 1.5517e+00 1.7058e+00 1.6441e+00 1.6367e+00 1.5585e+00 1.5585e+00 1.3812e+00 8.2900e-01 6.2324e-01 6.0057e-01 6.2972e-01 6.5766e-01 6.5220e-01 4.2643e-01 3.9491e-01 3.5435e-01 4.0822e-01 4.8369e-01 6.4539e-01 6.6562e-01 6.1526e-01 7.2946e-01 6.4479e-01 6.2939e-01 8.4957e-01 9.0114e-01 9.3193e-01 1.0318e+00 1.0783e+00 1.1442e+00 1.2574e+00
-9.9990e+03 -9.9990e+03 -9.9990e+03 -9.9990e+03 -9.9990e+03 -9.9990e+03 -9.9990e+03 -9.9990e+03 -9.9990e+03 -9.9990e+03 -9.9990e+03 -9.9990e+03 -9.9990e+03 -9.9990e+03 -9.9990e+03 1.5620e+00 1.4668e+00 1.5517e+00 1.5517e+00 1.5370e+00 1.5587e+00 1.4936e+00 1.4078e+00 1.3898e+00 1.3653e+00 1.5301e+00 1.5249e+00 1.5668e+00 1.6309e+00 1.5005e+00 1.1965e+00 7.3300e-01 6.4467e-01 6.7005e-01 6.7005e-01 7.2860e-01 6.5220e-01 6.1293e-01 5.6507e-01 3.9771e-01 4.2802e-01 4.6135e-01 5.3096e-01 5.2975e-01 4.9594e-01 5.4416e-01 5.1614e-01 5.4408e-01 7.5255e-01 8.0309e-01 8.5855e-01 9.6681e-01 1.0309e+00 1.1108e+00 1.1794e+00
-9.9990e+03 -9.9990e+03 -9.9990e+03 -9.9990e+03 -9.9990e+03 -9.9990e+03 -9.9990e+03 -9.9990e+03 -9.9990e+03 -9.9990e+03 -9.9990e+03 -9.9990e+03 -9.9990e+03 -9.9990e+03 -9.9990e+03 1.4748e+00 1.5260e+00 1.5514e+00 1.5202e+00 1.5460e+00 1.5408e+00 1.5898e+00 1.4411e+00 1.3507e+00 1.3507e+00 1.3416e+00 1.3522e+00 1.5668e+00 1.6158e+00 1.5717e+00 1.1965e+00 7.7583e-01 6.0566e-01 6.7170e-01 7.2836e-01 7.7052e-01 7.5911e-01 7.1648e-01 6.5935e-01 5.0412e-01 5.0412e-01 4.6908e-01 4.6035e-01 4.3613e-01 4.0650e-01 4.5521e-01 4.2999e-01 4.3310e-01 5.8139e-01 6.0760e-01 6.5063e-01 9.2713e-01 1.0076e+00 1.0578e+00 1.1747e+00
-9.9990e+03 -9.9990e+03 -9.9990e+03 -9.9990e+03 -9.9990e+03 -9.9990e+03 -9.9990e+03 -9.9990e+03 -9.9990e+03 -9.9990e+03 -9.9990e+03 -9.9990e+03 -9.9990e+03 -9.9990e+03 -9.9990e+03 1.3923e+00 1.4161e+00 1.4224e+00 1.5202e+00 1.4991e+00 1.5110e+00 1.5898e+00 1.5802e+00 1.4637e+00 1.2680e+00 1.2588e+00 1.3161e+00 1.5076e+00 1.5393e+00 1.5393e+00 1.3131e+00 8.5215e-01 5.4520e-01 5.7739e-01 6.4700e-01 7.0345e-01 7.9672e-01 7.8261e-01 7.3089e-01 5.8733e-01 5.0100e-01 4.0842e-01 3.8264e-01 3.6969e-01 3.8591e-01 3.8720e-01 3.8720e-01 4.0590e-01 4.4415e-01 4.4786e-01 4.6658e-01 7.0868e-01 7.7456e-01 8.3654e-01 1.0825e+00
-9.9990e+03 -9.9990e+03 -9.9990e+03 -9.9990e+03 -9.9990e+03 -9.9990e+03 -9.9990e+03 -9.9990e+03 -9.9990e+03 -9.9990e+03 -9.9990e+03 -9.9990e+03 -9.9990e+03 -9.9990e+03 1.3739e+00 1.3185e+00 1.3094e+00 1.2560e+00 1.3842e+00 1.3751e+00 1.3534e+00 1.5678e+00 1.5794e+00 1.4797e+00 1.3507e+00 1.2867e+00 1.2933e+00 1.3804e+00 1.4206e+00 1.3710e+00 9.9709e-01 5.6343e-01 3.3497e-01 4.6855e-01 5.5554e-01 5.5554e-01 7.4282e-01 7.5910e-01 7.2136e-01 6.4501e-01 5.3557e-01 4.0863e-01 3.5319e-01 3.5201e-01 3.9421e-01 4.2285e-01 4.7150e-01 5.0217e-01 4.1536e-01 4.0990e-01 5.0358e-01 5.0358e-01 5.4966e-01 8.3654e-01 8.8467e-01
-9.9990e+03 -9.9990e+03 -9.9990e+03 -9.9990e+03 -9.9990e+03 -9.9990e+03 -9.9990e+03 -9.9990e+03 -9.9990e+03 -9.9990e+03 -9.9990e+03 -9.9990e+03 -9.9990e+03 -9.9990e+03 1.3221e+00 1.2865e+00 1.2681e+00 1.2314e+00 1.2336e+00 1.1810e+00 1.1032e+00 1.3476e+00 1.2985e+00 1.2398e+00 1.3618e+00 1.2866e+00 1.2637e+00 1.3057e+00 1.3408e+00 1.3404e+00 1.0842e+00 6.1949e-01 2.8471e-01 3.3003e-01 4.0535e-01 4.6031e-01 6.4933e-01 6.2854e-01 5.4292e-01 5.0411e-01 3.6560e-01 3.6560e-01 3.3551e-01 3.3025e-01 3.9421e-01 4.4769e-01 5.0153e-01 5.0217e-01 5.0011e-01 4.7662e-01 4.1689e-01 4.3366e-01 4.6071e-01 6.5621e-01 6.7429e-01
-9.9990e+03 -9.9990e+03 -9.9990e+03 -9.9990e+03 -9.9990e+03 -9.9990e+03 -9.9990e+03 -9.9990e+03 -9.9990e+03 -9.9990e+03 -9.9990e+03 -9.9990e+03 -9.9990e+03 -9.9990e+03 1.2082e+00 1.2526e+00 1.2498e+00 1.2399e+00 1.2033e+00 1.1300e+00 1.0268e+00 1.0380e+00 1.0015e+00 1.0154e+00 1.1938e+00 1.2078e+00 1.2500e+00 1.3071e+00 1.3300e+00 1.2737e+00 1.1903e+00 7.5276e-01 2.7846e-01 1.6559e-01 2.0075e-01 2.7738e-01 5.0167e-01 4.9571e-01 5.4292e-01 4.2670e-01 3.3168e-01 2.9729e-01 3.0144e-01 3.4660e-01 4.3586e-01 4.7551e-01 4.7551e-01 5.4422e-01 5.6460e-01 5.5704e-01 4.4100e-01 4.1071e-01 3.9992e-01 4.9219e-01 4.9972e-01
-9.9990e+03 -9.9990e+03 -9.9990e+03 -9.9990e+03 -9.9990e+03 -9.9990e+03 -9.9990e+03 -9.9990e+03 -9.9990e+03 -9.9990e+03 -9.9990e+03 -9.9990e+03 -9.9990e+03 1.0923e+00 1.0962e+00 1.2201e+00 1.2580e+00 1.2341e+00 1.1769e+00 1.1769e+00 1.1439e+00 9.4120e-01 8.8811e-01 9.1840e-01 1.0487e+00 1.1154e+00 1.1870e+00 1.3109e+00 1.3630e+00 1.2737e+00 9.9509e-01 5.0738e-01 2.3288e-02 -3.1462e-02 6.3829e-02 2.7738e-01 3.3871e-01 3.4696e-01 4.2778e-01 3.5596e-01 3.1697e-01 2.9665e-01 3.2046e-01 3.7025e-01 4.0090e-01 4.2719e-01 4.3481e-01 5.3877e-01 5.5552e-01 5.4554e-01 4.3975e-01 3.9793e-01 3.9793e-01 4.0549e-01 4.0575e-01
-9.9990e+03 -9.9990e+03 -9.9990e+03 -9.9990e+03 -9.9990e+03 -9.9990e+03 -9.9990e+03 -9.9990e+03 -9.9990e+03 -9.9990e+03 -9.9990e+03 -9.9990e+03 -9.9990e+03 9.4783e-01 9.4106e-01 1.1560e+00 1.2148e+00 1.2057e+00 1.2519e+00 1.3110e+00 1.3761e+00 1.1197e+00 1.1447e+00 1.0038e+00 1.0038e+00 1.1049e+00 1.1870e+00 1.2705e+00 1.3599e+00 1.3832e+00 1.2790e+00 9.9750e-01 1.3891e-01 -1.1419e-01 -1.1529e-01 1.7622e-01 2.2269e-01 2.2243e-01 2.8112e-01 3.0011e-01 3.7092e-01 3.3906e-01 3.9573e-01 4.4972e-01 4.0695e-01 4.0886e-01 3.8554e-01 4.5230e-01 4.8234e-01 5.0891e-01 4.9414e-01 4.3556e-01 4.0638e-01 3.8417e-01 3.9137e-01
-9.9990e+03 -9.9990e+03 -9.9990e+03 -9.9990e+03 -9.9990e+03 -9.9990e+03 -9.9990e+03 -9.9990e+03 -9.9990e+03 -9.9990e+03 -9.9990e+03 -9.9990e+03 -9.9990e+03 7.9992e-01 7.9992e-01 9.8291e-01 1.0465e+00 1.2057e+00 1.2148e+00 1.3004e+00 1.3761e+00 1.3945e+00 1.3455e+00 1.1903e+00 1.2177e+00 1.1834e+00 1.2201e+00 1.2679e+00 1.3418e+00 1.4319e+00 1.4319e+00 1.2976e+00 5.6294e-01 2.2352e-01 -1.4419e-03 -3.1159e-02 7.6271e-02 1.4464e-01 2.1777e-01 2.5950e-01 3.4285e-01 4.6822e-01 5.3311e-01 5.3612e-01 4.4100e-01 3.9914e-01 3.7498e-01 3.7599e-01 4.0031e-01 4.4870e-01 5.1160e-01 4.8283e-01 4.4906e-01 4.0525e-01 4.1445e-01
-9.9990e+03 -9.9990e+03 -9.9990e+03 -9.9990e+03 -9.9990e+03 -9.9990e+03 -9.9990e+03 -9.9990e+03 -9.9990e+03 -9.9990e+03 -9.9990e+03 -9.9990e+03 -9.9990e+03 7.2557e-01 7.4046e-01 8.1123e-01 8.6651e-01 1.0729e+00 1.0805e+00 1.0805e+00 1.3590e+00 1.3309e+00 1.2017e+00 1.2610e+00 1.1308e+00 9.7383e-01 1.1336e+00 1.1158e+00 1.1616e+00 1.3917e+00 1.3428e+00 1.2282e+00 7.0996e-01 4.2966e-01 2.5027e-01 1.8580e-02 1.8580e-02 1.0814e-01 1.6934e-01 2.0317e-01 2.5992e-01 4.4218e-01 5.0195e-01 5.0423e-01 4.9161e-01 4.3786e-01 3.7498e-01 3.7754e-01 4.0748e-01 4.8826e-01 4.9325e-01 4.7124e-01 4.4906e-01 4.3273e-01 4.2578e-01
-9.9990e+03 -9.9990e+03 -9.9990e+03 -9.9990e+03 -9.9990e+03 -9.9990e+03 -9.9990e+03 -9.9990e+03 -9.9990e+03 -9.9990e+03 -9.9990e+03 -9.9990e+03 -9.9990e+03 7.0348e-01 6.5378e-01 6.3904e-01 6.8254e-01 8.8434e-01 8.1685e-01 6.9656e-01 9.5910e-01 8.1216e-01 5.2762e-01 7.7236e-01 5.8082e-01 5.8082e-01 8.4905e-01 8.1071e-01 8.9552e-01 1.2419e+00 1.2374e+00 1.1778e+00 1.0756e+00 8.9962e-01 6.4933e-01 1.9608e-01 2.3951e-01 3.1158e-01 2.1812e-01 2.4728e-01 3.2163e-01 3.2163e-01 3.5686e-01 5.0423e-01 4.6809e-01 4.2308e-01 4.0409e-01 3.8536e-01 3.8065e-01 4.4002e-01 4.5758e-01 4.5549e-01 4.4618e-01 4.3064e-01 4.2603e-01
-9.9990e+03 -9.9990e+03 -9.9990e+03 -9.9990e+03 -9.9990e+03 -9.9990e+03 -9.9990e+03 -9.9990e+03 -9.9990e+03 -9.9990e+03 -9.9990e+03 -9.9990e+03 -9.9990e+03 4.4948e-01 5.6738e-01 5.0272e-01 4.5720e-01 6.6693e-01 5.6134e-01 4.3159e-01 4.9644e-01 3.2011e-01 9.4336e-02 2.9247e-01 7.1746e-02 -3.2967e-02 3.8439e-01 5.2271e-01 7.0525e-01 1.0460e+00 1.0047e+00 1.0047e+00 1.1277e+00 1.0171e+00 6.4933e-01 4.8690e-01 4.3792e-01 3.1158e-01 3.5867e-01 3.5861e-01 2.5285e-01 2.4531e-01 2.3486e-01 3.3801e-01 3.2936e-01 3.2308e-01 3.6170e-01 3.6170e-01 3.4736e-01 3.8730e-01 4.0791e-01 4.3155e-01 4.4567e-01 4.3957e-01 4.4762e-01
-9.9990e+03 -9.9990e+03 -9.9990e+03 -9.9990e+03 -9.9990e+03 -9.9990e+03 -9.9990e+03 -9.9990e+03 -9.9990e+03 -9.9990e+03 -9.9990e+03 -9.9990e+03 -9.9990e+03 1.2093e-01 2.6412e-01 1.3837e-01 -6.4825e-02 2.8043e-01 1.8584e-01 6.3289e-03 2.4027e-01 4.2810e-02 -1.4087e-01 -1.3084e-01 -2.1297e-01 -3.2967e-02 1.4833e-02 2.2842e-01 7.0525e-01 8.2577e-01 8.3062e-01 9.2572e-01 8.1058e-01 5.9903e-01 6.0950e-01 5.2114e-01 5.2114e-01 4.6397e-01 4.8775e-01 4.6999e-01 3.1126e-01 2.5939e-01 2.3781e-01 2.3937e-01 2.6468e-01 2.9834e-01 3.1872e-01 3.2225e-01 3.3795e-01 3.7498e-01 4.2257e-01 4.6246e-01 4.6238e-01 4.6238e-01 4.8223e-01
-9.9990e+03 -9.9990e+03 -9.9990e+03 -9.9990e+03 -9.9990e+03 -9.9990e+03 -9.9990e+03 -9.9990e+03 -9.9990e+03 -9.9990e+03 -9.9990e+03 -9.9990e+03 -9.9990e+03 -1.3373e-01 -1.7371e-01 -3.7219e-01 -5.8596e-01 -1.9098e-01 -2.4127e-01 6.3289e-03 -1.8507e-01 -2.2091e-01 -2.5291e-01 -1.8750e-01 9.4334e-02 -1.2387e-01 8.2121e-02 3.3848e-01 4.9033e-01 6.9680e-01 7.2873e-01 7.6253e-01 6.4451e-01 4.8453e-01 4.2849e-01 3.6743e-01 3.6588e-01 5.0774e-01 4.9614e-01 4.6420e-01 3.4610e-01 3.1586e-01 3.1586e-01 2.5227e-01 2.9633e-01 3.4387e-01 3.2199e-01 3.4091e-01 3.5862e-01 3.6897e-01 4.2310e-01 4.7265e-01 4.8885e-01 5.0647e-01 5.2045e-01
-9.9990e+03 -9.9990e+03 -9.9990e+03 -9.9990e+03 -9.9990e+03 -9.9990e+03 -9.9990e+03 -9.9990e+03 -9.9990e+03 -9.9990e+03 -9.9990e+03 -9.9990e+03 -9.9990e+03 -4.5698e-01 -4.5698e-01 -6.7186e-01 -5.8596e-01 -6.5740e-01 -6.1656e-01 -2.9164e-01 -3.0084e-01 -1.6582e-01 -1.1124e-01 1.5163e-01 4.1060e-01 3.7369e-01 4.9172e-01 5.7645e-01 6.8077e-01 6.7975e-01 5.9508e-01 6.5321e-01 5.5556e-01 4.4380e-01 3.2105e-01 2.1055e-01 1.8262e-01 3.8151e-01 3.9590e-01 4.0069e-01 4.2482e-01 3.8286e-01 3.4259e-01 3.4140e-01 3.7071e-01 3.9287e-01 3.8367e-01 3.9328e-01 3.9328e-01 3.8448e-01 4.2640e-01 4.7265e-01 5.0330e-01 5.1925e-01 5.2045e-01
-9.9990e+03 -9.9990e+03 -9.9990e+03 -9.9990e+03 -9.9990e+03 -9.9990e+03 -9.9990e+03 -9.9990e+03 -9.9990e+03 -9.9990e+03 -9.9990e+03 -9.9990e+03 -9.9990e+03 -5.5934e-01 -6.2454e-01 -6.3313e-01 -7.9627e-01 -7.4262e-01 -6.1789e-01 -3.8464e-01 -3.8464e-01 -1.5557e-01 9.8267e-02 3.2099e-01 4.1208e-01 5.3936e-01 5.1272e-01 4.5535e-01 5.9842e-01 5.6366e-01 5.5013e-01 5.1844e-01 4.4150e-01 3.0821e-01 1.3113e-01 4.7920e-02 6.0966e-02 2.0205e-01 2.3738e-01 2.6460e-01 3.9460e-01 3.5444e-01 2.9019e-01 3.2213e-01 3.2607e-01 3.9287e-01 4.1537e-01 4.3525e-01 4.1349e-01 4.3296e-01 4.5550e-01 4.9698e-01 5.2050e-01 5.2050e-01 5.2827e-01
-9.9990e+03 -9.9990e+03 -9.9990e+03 -9.9990e+03 -9.9990e+03 -9.9990e+03 -9.9990e+03 -9.9990e+03 -9.9990e+03 -9.9990e+03 -9.9990e+03 -9.9990e+03 -9.9990e+03 -4.6918e-01 -4.0046e-01 -3.5363e-01 -6.0891e-01 -5.7132e-01 -5.0985e-01 -4.5223e-01 -2.3508e-01 6.0205e-03 2.6088e-01 2.8655e-01 2.0030e-01 2.8840e-01 2.8840e-01 2.2418e-01 4.1951e-01 4.1475e-01 4.4613e-01 5.5629e-01 5.2753e-01 3.8969e-01 1.3551e-01 -2.1183e-02 6.0966e-02 1.0261e-01 1.2753e-01 2.8311e-01 2.6486e-01 2.1212e-01 2.9019e-01 2.3778e-01 2.2467e-01 3.5419e-01 4.0398e-01 4.5541e-01 4.4330e-01 4.3999e-01 4.3910e-01 4.7932e-01 5.0568e-01 5.3308e-01 5.6525e-01
