bias_correction/pipeline/W_0_s_2.3_d_200.asc
ncols        88
nrows        90
xllcorner    2777636
yllcorner    1185112
cellsize     25
NODATA_value -9999
[rows 50 to 74 of 90, columns 0 to 54 of 88]
-9.9990e+03 -9.9990e+03 -9.9990e+03 -9.9990e+03 -9.9990e+03 -9.9990e+03 -9.9990e+03 -9.9990e+03 -9.9990e+03 -9.9990e+03 -9.9990e+03 -9.9990e+03 -9.9990e+03 -1.8599e-01 -1.7523e-01 -1.7523e-01 -3.4308e-01 -3.4013e-01 -2.9481e-01 -4.0937e-01 -2.5544e-01 -8.3884e-02 1.5556e-01 1.7772e-01 1.4448e-01 1.3318e-01 8.3172e-02 2.2715e-02 2.2655e-01 3.0820e-01 5.1044e-01 5.1044e-01 5.4755e-01 3.8969e-01 2.1072e-01 3.6515e-02 -3.5815e-02 -4.4986e-03 2.8498e-02 1.6103e-01 1.7280e-01 1.5103e-01 1.5869e-01 1.3042e-01 1.4420e-01 3.2945e-01 4.0456e-01 4.4814e-01 4.7984e-01 4.6860e-01 4.4769e-01 4.4753e-01 4.6581e-01 4.8947e-01 5.5822e-01
-9.9990e+03 -9.9990e+03 -9.9990e+03 -9.9990e+03 -9.9990e+03 -9.9990e+03 -9.9990e+03 -9.9990e+03 -9.9990e+03 -9.9990e+03 -9.9990e+03 -9.9990e+03 -9.9990e+03 1.5535e-01 5.9882e-02 -7.2971e-02 -2.1656e-01 -1.3097e-01 1.2173e-02 -9.2453e-02 -9.2453e-02 2.1632e-02 4.2675e-02 1.2953e-01 1.4448e-01 1.0311e-01 3.8027e-02 2.2715e-02 -4.3767e-03 3.8114e-02 3.9528e-01 4.7150e-01 4.4535e-01 2.9976e-01 1.1977e-01 -5.3595e-03 -5.3611e-02 -5.3611e-02 -6.0865e-02 6.9654e-02 9.9068e-02 8.9990e-02 1.0362e-01 5.1257e-02 1.8537e-02 1.9467e-01 2.5474e-01 3.0199e-01 4.5417e-01 4.3694e-01 4.1005e-01 4.2933e-01 4.3650e-01 4.5245e-01 5.1329e-01
-9.9990e+03 -9.9990e+03 -9.9990e+03 -9.9990e+03 -9.9990e+03 -9.9990e+03 -9.9990e+03 -9.9990e+03 -9.9990e+03 -9.9990e+03 -9.9990e+03 -9.9990e+03 -9.9990e+03 3.2355e-01 1.3322e-01 -7.2971e-02 -1.5666e-01 -9.2080e-02 1.2173e-02 1.4562e-01 2.2046e-01 1.3687e-01 1.8972e-01 1.8926e-01 1.1583e-01 2.5272e-02 2.5272e-02 -6.8418e-02 -1.4100e-01 -1.5463e-01 1.4700e-01 2.4651e-01 2.6770e-01 3.0092e-01 1.2900e-01 -1.8828e-02 -7.5825e-02 -1.4808e-01 -2.0136e-01 -3.2415e-02 -2.7756e-02 -6.1389e-02 -1.7912e-02 -1.7912e-02 -6.8649e-02 1.7739e-02 4.1628e-02 7.5590e-02 3.1999e-01 3.2109e-01 3.0802e-01 3.8580e-01 3.6395e-01 4.5245e-01 4.5742e-01
-9.9990e+03 -9.9990e+03 -9.9990e+03 -9.9990e+03 -9.9990e+03 -9.9990e+03 -9.9990e+03 -9.9990e+03 -9.9990e+03 -9.9990e+03 -9.9990e+03 -9.9990e+03 -9.9990e+03 5.0290e-02 -1.4513e-01 -8.2383e-02 -2.0139e-01 -1.2195e-01 8.0454e-02 2.0329e-01 2.3518e-01 2.3789e-01 2.3305e-01 1.9023e-01 1.3381e-01 2.0890e-02 -1.6099e-01 -2.3489e-01 -2.6974e-01 -2.3396e-01 9.6345e-03 8.7509e-02 8.7509e-02 1.9780e-01 6.2345e-02 -8.7803e-02 -1.2891e-01 -2.4275e-01 -3.4008e-01 -2.0534e-01 -1.9305e-01 -2.0797e-01 -1.1569e-01 -1.7434e-01 -2.1767e-01 -1.2303e-01 -9.9126e-02 1.0924e-01 1.0924e-01 1.4978e-01 3.0802e-01 2.8262e-01 2.3668e-01 3.4087e-01 3.1289e-01
-9.9990e+03 -9.9990e+03 -9.9990e+03 -9.9990e+03 -9.9990e+03 -9.9990e+03 -9.9990e+03 -9.9990e+03 -9.9990e+03 -9.9990e+03 -9.9990e+03 -9.9990e+03 -9.9990e+03 -3.2208e-02 -7.4041e-02 -1.9933e-01 -8.2099e-02 7.4827e-02 1.7473e-01 1.7752e-01 1.1962e-01 2.0610e-01 1.6760e-01 1.0685e-01 1.0669e-01 -3.0594e-02 -2.0834e-01 -3.1322e-01 -3.6337e-01 -3.3377e-01 -1.4055e-01 -3.2641e-02 1.9266e-02 -1.4180e-02 -1.5970e-01 -2.6340e-01 -3.0161e-01 -3.9439e-01 -3.9439e-01 -3.7842e-01 -3.7849e-01 -2.0797e-01 -2.6046e-01 -3.2292e-01 -2.1767e-01 -2.3382e-01 -2.1954e-01 -5.1612e-02 4.5969e-03 4.2306e-02 1.5832e-01 1.1206e-01 2.7303e-02 1.0827e-01 1.0827e-01
-9.9990e+03 -9.9990e+03 -9.9990e+03 -9.9990e+03 -9.9990e+03 -9.9990e+03 -9.9990e+03 -9.9990e+03 -9.9990e+03 -9.9990e+03 -9.9990e+03 -9.9990e+03 -9.9990e+03 -5.4996e-02 1.1992e-01 1.0128e-02 1.3832e-01 1.6380e-01 1.5064e-01 1.3311e-01 5.7064e-02 4.8664e-02 -5.7980e-02 -1.8439e-01 -1.1548e-01 -2.4975e-01 -3.5846e-01 -3.6846e-01 -4.2932e-01 -3.7338e-01 -2.3398e-01 -8.6483e-02 1.2274e-02 -2.5175e-02 -1.4777e-01 -2.6340e-01 -3.2911e-01 -3.8830e-01 -4.6436e-01 -5.0155e-01 -5.3520e-01 -4.5926e-01 -5.1542e-01 -5.1542e-01 -3.6393e-01 -3.6405e-01 -3.4499e-01 -1.8141e-01 -1.3581e-01 -9.1615e-02 5.3462e-02 -2.7264e-03 -1.0375e-01 -7.1833e-02 -1.5020e-01
-9.9990e+03 -9.9990e+03 -9.9990e+03 -9.9990e+03 -9.9990e+03 -9.9990e+03 -9.9990e+03 -9.9990e+03 -9.9990e+03 -9.9990e+03 -9.9990e+03 -9.9990e+03 -9.9990e+03 1.5950e-01 3.0108e-01 3.4015e-01 3.4015e-01 2.1775e-01 1.3108e-01 6.7859e-02 -4.4340e-02 -8.7613e-02 -2.5651e-01 -4.1451e-01 -2.7228e-01 -3.0103e-01 -3.5846e-01 -3.7786e-01 -2.5777e-01 -2.2350e-01 -4.4827e-02 7.5117e-02 1.2274e-02 6.5515e-03 -1.0695e-01 -2.4607e-01 -2.9886e-01 -3.5818e-01 -4.8142e-01 -5.9089e-01 -6.7809e-01 -5.9416e-01 -6.2927e-01 -6.2060e-01 -4.8525e-01 -4.4312e-01 -4.0667e-01 -2.7397e-01 -2.1876e-01 -2.1876e-01 -6.7384e-02 -9.3163e-02 -1.6708e-01 -2.1541e-01 -2.9015e-01
-9.9990e+03 -9.9990e+03 -9.9990e+03 -9.9990e+03 -9.9990e+03 -9.9990e+03 -9.9990e+03 -9.9990e+03 -9.9990e+03 -9.9990e+03 -9.9990e+03 -9.9990e+03 -9.9990e+03 -5.2836e-02 9.9090e-02 3.1557e-01 1.6580e-01 -3.6822e-02 -7.1566e-02 -2.3088e-01 -2.2403e-01 -2.2403e-01 -4.1005e-01 -4.1451e-01 -4.5199e-01 -3.3115e-01 -2.8384e-01 -1.9433e-01 -2.0814e-02 -6.9806e-02 1.0890e-01 2.1268e-01 9.1834e-02 -2.0290e-02 -1.5426e-01 -2.9766e-01 -3.8202e-01 -5.6514e-01 -4.9628e-01 -7.0263e-01 -8.7471e-01 -7.2268e-01 -7.1650e-01 -6.9582e-01 -5.7435e-01 -5.2224e-01 -4.7052e-01 -3.6313e-01 -3.0199e-01 -2.3414e-01 -1.4327e-01 -1.6779e-01 -2.3439e-01 -3.5382e-01 -3.9188e-01
-9.9990e+03 -9.9990e+03 -9.9990e+03 -9.9990e+03 -9.9990e+03 -9.9990e+03 -9.9990e+03 -9.9990e+03 -9.9990e+03 -9.9990e+03 -9.9990e+03 -9.9990e+03 -9.9990e+03 -1.5508e-01 9.9090e-02 1.5892e-01 6.4565e-02 -3.6822e-02 -2.4476e-01 -4.1303e-01 -3.9462e-01 -4.9204e-01 -4.6666e-01 -4.8162e-01 -2.1260e-01 1.5141e-01 1.6378e-01 1.6378e-01 3.4326e-01 1.7477e-01 2.9246e-01 3.1713e-01 2.1226e-01 1.2267e-01 -2.2738e-02 -2.6416e-01 -3.6480e-01 -5.5183e-01 -8.4391e-01 -1.0771e+00 -1.1556e+00 -8.8107e-01 -8.3524e-01 -8.0561e-01 -6.6478e-01 -6.2494e-01 -5.5987e-01 -4.1507e-01 -3.5259e-01 -2.7919e-01 -1.6758e-01 -1.2436e-01 -2.3439e-01 -3.2145e-01 -3.9678e-01
-9.9990e+03 -9.9990e+03 -9.9990e+03 -9.9990e+03 -9.9990e+03 -9.9990e+03 -9.9990e+03 -9.9990e+03 -9.9990e+03 -9.9990e+03 -9.9990e+03 -9.9990e+03 -9.9990e+03 1.7251e-01 9.9112e-02 7.7772e-02 7.7772e-02 -1.2011e-01 -3.2071e-01 -4.5967e-01 -5.2083e-01 -4.9390e-01 -3.0195e-01 -2.8920e-01 1.6378e-03 3.1185e-01 4.3311e-01 5.0912e-01 4.1630e-01 3.4479e-01 3.0673e-01 2.4877e-01 2.0321e-01 2.0321e-01 4.9576e-02 -1.6840e-01 -2.8248e-01 -4.4370e-01 -8.3883e-01 -1.0966e+00 -1.2555e+00 -1.1165e+00 -1.0555e+00 -8.0561e-01 -7.7026e-01 -6.9683e-01 -4.8637e-01 -4.2114e-01 -3.6634e-01 -2.7919e-01 -2.0334e-01 -1.3188e-01 -1.2575e-01 -1.7678e-01 -2.6800e-01
-9.9990e+03 -9.9990e+03 -9.9990e+03 -9.9990e+03 -9.9990e+03 -9.9990e+03 -9.9990e+03 -9.9990e+03 -9.9990e+03 -9.9990e+03 -9.9990e+03 -9.9990e+03 -9.9990e+03 2.5552e-01 2.2068e-01 2.2241e-01 1.7530e-01 -1.7546e-01 -2.5147e-01 -2.0233e-01 -3.4562e-01 -6.5024e-02 -6.5024e-02 -3.4198e-02 2.1204e-01 3.7786e-01 4.7653e-01 4.7158e-01 3.4949e-01 2.9623e-01 2.3273e-01 1.5748e-01 1.3390e-01 -4.3964e-02 -2.6868e-01 -2.9438e-01 -4.3600e-01 -6.9481e-01 -6.9481e-01 -9.6703e-01 -1.2555e+00 -1.2880e+00 -1.2515e+00 -1.0109e+00 -9.6982e-01 -9.0240e-01 -6.1453e-01 -5.6858e-01 -5.5179e-01 -3.2904e-01 -2.9628e-01 -2.7186e-01 -1.0017e-01 -1.7471e-01 -2.9713e-01
-9.9990e+03 -9.9990e+03 -9.9990e+03 -9.9990e+03 -9.9990e+03 -9.9990e+03 -9.9990e+03 -9.9990e+03 -9.9990e+03 -9.9990e+03 -9.9990e+03 -9.9990e+03 -9.9990e+03 1.5511e-01 2.8199e-01 3.1690e-01 3.4777e-01 1.0746e-01 7.6955e-02 1.4849e-01 -1.3641e-02 2.3639e-01 4.5871e-01 4.1376e-01 4.5062e-01 3.9930e-01 3.8031e-01 3.8031e-01 3.1074e-01 2.4959e-01 1.9138e-01 1.5748e-01 2.7005e-02 -1.8732e-01 -2.6868e-01 -4.5884e-01 -5.9561e-01 -6.0942e-01 -8.1614e-01 -1.0707e+00 -1.3720e+00 -1.3879e+00 -1.3667e+00 -1.1845e+00 -1.1845e+00 -1.1839e+00 -8.5235e-01 -8.5535e-01 -9.2617e-01 -5.6741e-01 -5.8631e-01 -6.0149e-01 -2.6966e-01 -3.2437e-01 -4.3605e-01
-9.9990e+03 -9.9990e+03 -9.9990e+03 -9.9990e+03 -9.9990e+03 -9.9990e+03 -9.9990e+03 -9.9990e+03 -9.9990e+03 -9.9990e+03 -9.9990e+03 -9.9990e+03 -9.9990e+03 1.1083e-01 3.1583e-01 3.6002e-01 3.8237e-01 3.4814e-01 3.3369e-01 3.6969e-01 2.8637e-01 4.5189e-01 4.5871e-01 5.4546e-01 5.0311e-01 3.9930e-01 3.3156e-01 2.7209e-01 2.3935e-01 1.9943e-01 1.3635e-01 -1.8300e-02 -2.3461e-01 -2.3461e-01 -4.3118e-01 -6.3050e-01 -7.5786e-01 -6.7991e-01 -7.4246e-01 -8.1909e-01 -1.3066e+00 -1.3969e+00 -1.4023e+00 -1.3754e+00 -1.4224e+00 -1.4859e+00 -1.2878e+00 -1.4006e+00 -1.5110e+00 -1.0920e+00 -1.0920e+00 -1.1541e+00 -6.4237e-01 -7.1880e-01 -8.3783e-01
-9.9990e+03 -9.9990e+03 -9.9990e+03 -9.9990e+03 -9.9990e+03 -9.9990e+03 -9.9990e+03 -9.9990e+03 -9.9990e+03 -9.9990e+03 -9.9990e+03 -9.9990e+03 -9.9990e+03 -6.0784e-02 2.1542e-01 2.8900e-01 3.8237e-01 4.0519e-01 4.7694e-01 4.5756e-01 5.3088e-01 5.3726e-01 5.6433e-01 5.7062e-01 4.9965e-01 4.0353e-01 3.1671e-01 2.4384e-01 2.1687e-01 1.7395e-01 8.4853e-02 -2.6462e-03 -2.2052e-01 -4.5440e-01 -6.8751e-01 -7.6209e-01 -6.6632e-01 -6.5114e-01 -4.6105e-01 -4.6105e-01 -9.0524e-01 -9.4443e-01 -8.9701e-01 -1.4334e+00 -1.5014e+00 -1.5510e+00 -1.5498e+00 -1.6127e+00 -1.6546e+00 -1.5766e+00 -1.6194e+00 -1.6608e+00 -1.3317e+00 -1.3546e+00 -9.5950e-01
-9.9990e+03 -9.9990e+03 -9.9990e+03 -9.9990e+03 -9.9990e+03 -9.9990e+03 -9.9990e+03 -9.9990e+03 -9.9990e+03 -9.9990e+03 -9.9990e+03 -9.9990e+03 -9.9990e+03 -6.0784e-02 4.9119e-02 1.5130e-01 3.2466e-01 3.8305e-01 5.0402e-01 5.6117e-01 5.7300e-01 5.0922e-01 4.9229e-01 4.1791e-01 3.6030e-01 3.3838e-01 2.6964e-01 1.8854e-01 1.8147e-01 1.0405e-01 -1.9083e-02 -6.2519e-02 -2.3946e-01 -3.7699e-01 -6.1317e-01 -6.0958e-01 -3.7060e-01 -3.6531e-01 4.5148e-02 4.6919e-01 -6.3859e-02 1.0190e-01 2.1701e-01 -8.9548e-01 -8.9548e-01 -9.2173e-01 -1.5539e+00 -1.4901e+00 -1.6546e+00 -1.6291e+00 -1.5711e+00 -1.6608e+00 -1.6003e+00 -1.5171e+00 -1.3031e+00
-9.9990e+03 -9.9990e+03 -9.9990e+03 -9.9990e+03 -9.9990e+03 -9.9990e+03 -9.9990e+03 -9.9990e+03 -9.9990e+03 -9.9990e+03 -9.9990e+03 -9.9990e+03 -9.9990e+03 3.0714e-02 1.3671e-01 3.0805e-01 3.8136e-01 3.8136e-01 4.9237e-01 5.9941e-01 5.8501e-01 4.7176e-01 4.2068e-01 3.4620e-01 2.7476e-01 3.1506e-01 2.6691e-01 1.8925e-01 5.8250e-02 -9.1424e-02 -1.6040e-01 -1.9749e-01 -1.1977e-01 7.0423e-02 -3.8711e-01 -2.0350e-01 1.6109e-01 5.3126e-02 5.3400e-01 9.5415e-01 8.1982e-01 1.0213e+00 2.1701e-01 2.7643e-01 2.8232e-01 -8.5715e-01 -7.1550e-01 -4.4546e-01 -1.1947e+00 -9.1497e-01 -9.1497e-01 -1.4793e+00 -1.3268e+00 -1.1067e+00 -1.3602e+00
-9.9990e+03 -9.9990e+03 -9.9990e+03 -9.9990e+03 -9.9990e+03 -9.9990e+03 -9.9990e+03 -9.9990e+03 -9.9990e+03 -9.9990e+03 -9.9990e+03 -9.9990e+03 -9.9990e+03 1.4748e-01 2.3184e-01 3.5438e-01 4.3136e-01 4.9409e-01 4.4121e-01 4.5597e-01 3.0656e-01 1.5167e-01 2.5353e-01 2.5353e-01 1.7089e-01 2.1680e-01 1.7274e-01 1.1444e-01 4.7368e-02 -1.0356e-01 -1.4219e-01 -7.5218e-02 1.3326e-01 7.0423e-02 3.4872e-01 7.2554e-01 5.8562e-01 9.4512e-01 1.0963e+00 9.5415e-01 1.1565e+00 1.2282e+00 1.1534e+00 1.2371e+00 1.2419e+00 3.4079e-01 4.6984e-01 6.8814e-01 -1.2181e-01 2.4937e-01 5.9957e-01 -2.7924e-01 -2.1366e-02 1.6259e-01 -5.8695e-01
-9.9990e+03 -9.9990e+03 -9.9990e+03 -9.9990e+03 -9.9990e+03 -9.9990e+03 -9.9990e+03 -9.9990e+03 -9.9990e+03 -9.9990e+03 -9.9990e+03 -9.9990e+03 -9.9990e+03 3.2633e-01 3.7499e-01 4.5904e-01 4.5514e-01 4.8618e-01 4.1147e-01 3.1681e-01 1.4973e-01 -4.1182e-02 4.5231e-02 -6.2253e-02 -1.4571e-01 2.5250e-02 -2.3621e-02 2.9334e-02 2.9334e-02 -7.9596e-02 -1.4219e-01 -1.6547e-02 2.2446e-01 4.1060e-01 7.1579e-01 1.0045e+00 1.0253e+00 1.1449e+00 1.1069e+00 1.1217e+00 1.0581e+00 9.8011e-01 1.2546e+00 1.2428e+00 1.1897e+00 1.2032e+00 1.1682e+00 1.1423e+00 8.7255e-01 1.0025e+00 1.0850e+00 8.2916e-01 8.9486e-01 8.4012e-01 2.3125e-01
-9.9990e+03 -9.9990e+03 -9.9990e+03 -9.9990e+03 -9.9990e+03 -9.9990e+03 -9.9990e+03 -9.9990e+03 -9.9990e+03 -9.9990e+03 -9.9990e+03 -9.9990e+03 -9.9990e+03 -9.9990e+03 -9.9990e+03 -9.9990e+03 5.7188e-01 5.7188e-01 4.7166e-01 2.9230e-01 1.0947e-01 -4.1182e-02 -1.8963e-01 -2.7953e-01 -1.4571e-01 -1.9320e-01 -2.1222e-01 -6.3614e-02 -1.1019e-01 -1.2443e-01 3.0663e-03 2.0024e-01 4.0505e-01 7.5215e-01 7.5215e-01 1.0219e+00 1.1888e+00 1.1779e+00 1.0628e+00 1.0022e+00 8.7148e-01 7.7098e-01 9.3053e-01 8.9899e-01 8.6678e-01 1.1162e+00 1.0296e+00 9.3055e-01 1.0181e+00 9.5783e-01 9.0625e-01 1.0816e+00 1.0025e+00 8.8065e-01 7.3974e-01
-9.9990e+03 -9.9990e+03 -9.9990e+03 -9.9990e+03 -9.9990e+03 -9.9990e+03 -9.9990e+03 -9.9990e+03 -9.9990e+03 -9.9990e+03 -9.9990e+03 -9.9990e+03 -9.9990e+03 -9.9990e+03 -9.9990e+03 -9.9990e+03 -9.9990e+03 -9.9990e+03 3.2375e-01 1.5259e-01 -1.5689e-02 -2.4077e-01 -2.9728e-01 -2.9728e-01 -3.2320e-01 -3.1381e-01 -2.5981e-01 -2.1118e-01 -1.9504e-01 -1.6730e-01 -7.1718e-02 4.1272e-02 2.1913e-01 6.4890e-01 9.0080e-01 1.0662e+00 1.1683e+00 1.0587e+00 9.0432e-01 7.8625e-01 7.8625e-01 7.1090e-01 7.1026e-01 6.6336e-01 6.2667e-01 8.3661e-01 7.8937e-01 7.3300e-01 8.4784e-01 7.9539e-01 7.5599e-01 8.3239e-01 7.4751e-01 7.6908e-01 6.7418e-01
-9.9990e+03 -9.9990e+03 -9.9990e+03 -9.9990e+03 -9.9990e+03 -9.9990e+03 -9.9990e+03 -9.9990e+03 -9.9990e+03 -9.9990e+03 -9.9990e+03 -9.9990e+03 -9.9990e+03 -9.9990e+03 -9.9990e+03 -9.9990e+03 -9.9990e+03 -9.9990e+03 -9.9990e+03 -9.9990e+03 -9.9990e+03 -1.6721e-01 -2.0156e-01 -1.8352e-01 -2.2230e-01 -6.6837e-02 1.1360e-01 -5.3283e-02 5.8259e-02 5.8259e-02 -1.1169e-01 -9.0912e-03 1.4923e-01 4.6678e-01 7.0951e-01 8.5605e-01 1.1117e+00 1.0316e+00 8.9113e-01 7.8992e-01 7.0672e-01 6.2677e-01 5.8654e-01 5.3182e-01 6.0364e-01 6.0364e-01 5.7855e-01 7.3300e-01 6.9668e-01 6.7834e-01 7.5599e-01 7.1330e-01 6.6268e-01 6.7529e-01 6.2188e-01
-9.9990e+03 -9.9990e+03 -9.9990e+03 -9.9990e+03 -9.9990e+03 -9.9990e+03 -9.9990e+03 -9.9990e+03 -9.9990e+03 -9.9990e+03 -9.9990e+03 -9.9990e+03 -9.9990e+03 -9.9990e+03 -9.9990e+03 -9.9990e+03 -9.9990e+03 -9.9990e+03 -9.9990e+03 -9.9990e+03 -9.9990e+03 -9.9990e+03 -9.9990e+03 -9.9990e+03 -6.0892e-02 1.7287e-01 4.5084e-01 2.9432e-01 4.5620e-01 5.2836e-01 1.9684e-01 2.8551e-01 3.9971e-01 5.0269e-01 5.0269e-01 5.9349e-01 9.2178e-01 8.7282e-01 8.9113e-01 7.5766e-01 6.4044e-01 6.2677e-01 5.4507e-01 4.8905e-01 4.9951e-01 4.8834e-01 4.7853e-01 5.5045e-01 5.5864e-01 5.6599e-01 6.4427e-01 6.4427e-01 6.1123e-01 6.1204e-01 5.9152e-01
-9.9990e+03 -9.9990e+03 -9.9990e+03 -9.9990e+03 -9.9990e+03 -9.9990e+03 -9.9990e+03 -9.9990e+03 -9.9990e+03 -9.9990e+03 -9.9990e+03 -9.9990e+03 -9.9990e+03 -9.9990e+03 -9.9990e+03 -9.9990e+03 -9.9990e+03 -9.9990e+03 -9.9990e+03 -9.9990e+03 -9.9990e+03 -9.9990e+03 -9.9990e+03 -9.9990e+03 -9.9990e+03 -9.9990e+03 -9.9990e+03 6.7206e-01 8.1489e-01 8.4455e-01 5.4446e-01 5.6092e-01 3.9971e-01 4.6096e-01 4.7107e-01 6.4142e-01 6.0833e-01 4.9702e-01 5.8390e-01 4.5648e-01 4.5648e-01 5.2923e-01 4.5072e-01 4.0039e-01 4.5293e-01 4.4151e-01 4.3886e-01 4.7384e-01 4.7734e-01 4.8608e-01 5.8047e-01 5.8821e-01 5.8046e-01 5.6819e-01 6.2530e-01
-9.9990e+03 -9.9990e+03 -9.9990e+03 -9.9990e+03 -9.9990e+03 -9.9990e+03 -9.9990e+03 -9.9990e+03 -9.9990e+03 -9.9990e+03 -9.9990e+03 -9.9990e+03 -9.9990e+03 -9.9990e+03 -9.9990e+03 -9.9990e+03 -9.9990e+03 -9.9990e+03 -9.9990e+03 -9.9990e+03 -9.9990e+03 -9.9990e+03 -9.9990e+03 -9.9990e+03 -9.9990e+03 -9.9990e+03 -9.9990e+03 -9.9990e+03 -9.9990e+03 8.4455e-01 8.0771e-01 7.5186e-01 5.7492e-01 5.6440e-01 5.1614e-01 4.8605e-01 4.9286e-01 4.6056e-01 3.8965e-01 3.0753e-01 2.5274e-01 3.1390e-01 2.8221e-01 2.7068e-01 3.7992e-01 3.8937e-01 3.8937e-01 4.2216e-01 4.0455e-01 3.9021e-01 5.1422e-01 5.5694e-01 5.8852e-01 5.9800e-01 6.4792e-01
-9.9990e+03 -9.9990e+03 -9.9990e+03 -9.9990e+03 -9.9990e+03 -9.9990e+03 -9.9990e+03 -9.9990e+03 -9.9990e+03 -9.9990e+03 -9.9990e+03 -9.9990e+03 -9.9990e+03 -9.9990e+03 -9.9990e+03 -9.9990e+03 -9.9990e+03 -9.9990e+03 -9.9990e+03 -9.9990e+03 -9.9990e+03 -9.9990e+03 -9.9990e+03 -9.9990e+03 -9.9990e+03 -9.9990e+03 -9.9990e+03 -9.9990e+03 -9.9990e+03 -9.9990e+03 -9.9990e+03 -9.9990e+03 6.3529e-01 5.3969e-01 4.8068e-01 4.8674e-01 4.8543e-01 4.8624e-01 4.1227e-01 3.6348e-01 3.2457e-01 2.1632e-01 1.8537e-01 1.6038e-01 2.8183e-01 2.9543e-01 2.8118e-01 3.4318e-01 3.1308e-01 2.8446e-01 4.2087e-01 4.2087e-01 4.5278e-01 6.1253e-01 6.1158e-01
