bias_correction/pipeline/W_1_s_1.3_d_235.asc
ncols        88
nrows        90
xllcorner    2777636
yllcorner    1185112
cellsize     25
NODATA_value -9999
[rows 25 to 49 of 90, columns 0 to 54 of 88]
-9.9990e+03 -9.9990e+03 -9.9990e+03 -9.9990e+03 -9.9990e+03 -9.9990e+03 -9.9990e+03 -9.9990e+03 -9.9990e+03 -9.9990e+03 -9.9990e+03 -9.9990e+03 -9.9990e+03 -9.9990e+03 -9.9990e+03 -9.9990e+03 -9.9990e+03 -9.9990e+03 7.0171e-01 8.8620e-01 9.2474e-01 8.3366e-01 8.7473e-01 7.3410e-01 1.6512e-02 -4.6015e-01 -9.2023e-01 -7.7086e-01 -7.7086e-01 -5.2482e-01 -4.2314e-01 -4.7806e-01 -3.7387e-01 -3.7387e-01 -2.6371e-01 -1.7906e-01 -3.3651e-03 9.6438e-02 2.0652e-01 1.8702e-01 2.9508e-01 3.0008e-01 3.0686e-01 2.9347e-01 2.6250e-01 3.6303e-01 4.1290e-01 3.9615e-01 5.1388e-01 7.3306e-01 8.3907e-01 1.0773e+00 6.0430e-01 -6.2152e-01 -9.6054e-01
-9.9990e+03 -9.9990e+03 -9.9990e+03 -9.9990e+03 -9.9990e+03 -9.9990e+03 -9.9990e+03 -9.9990e+03 -9.9990e+03 -9.9990e+03 -9.9990e+03 -9.9990e+03 -9.9990e+03 -9.9990e+03 -9.9990e+03 -9.9990e+03 -9.9990e+03 5.1652e-01 5.8992e-01 5.8992e-01 6.4989e-01 7.8586e-01 7.8739e-01 7.3410e-01 3.3362e-01 5.9583e-01 -1.0991e-01 -3.1169e-01 -5.7249e-01 -3.9702e-01 -3.9702e-01 -3.1452e-01 -2.8749e-01 -2.8881e-01 -2.1743e-01 -1.2825e-01 -1.1601e-01 -1.7629e-02 6.6301e-02 1.6085e-01 2.6708e-01 2.4999e-01 2.6142e-01 2.0303e-01 2.6250e-01 3.7176e-01 4.2482e-01 4.2482e-01 4.8873e-01 6.1265e-01 9.4810e-01 1.0773e+00 1.0454e+00 1.2879e-01 -7.2056e-01
-9.9990e+03 -9.9990e+03 -9.9990e+03 -9.9990e+03 -9.9990e+03 -9.9990e+03 -9.9990e+03 -9.9990e+03 -9.9990e+03 -9.9990e+03 -9.9990e+03 -9.9990e+03 -9.9990e+03 -9.9990e+03 -9.9990e+03 1.1088e-01 1.1088e-01 2.1263e-01 4.0673e-01 4.9410e-01 6.4989e-01 4.6736e-01 5.4401e-01 7.0050e-01 7.7780e-01 5.9583e-01 2.6927e-01 6.2747e-01 1.6520e-01 1.1020e-01 -2.1641e-01 -2.8424e-01 -2.8424e-01 -2.8432e-01 -2.3912e-01 -1.8779e-01 -1.1205e-01 -3.7129e-02 -4.9695e-02 4.2929e-02 1.5523e-01 2.4405e-01 2.3854e-01 2.0285e-01 2.0285e-01 2.9680e-01 3.8742e-01 4.5819e-01 5.6598e-01 5.6598e-01 8.1676e-01 1.0151e+00 9.4442e-01 1.2879e-01 -6.3675e-01
-9.9990e+03 -9.9990e+03 -9.9990e+03 -9.9990e+03 -9.9990e+03 -9.9990e+03 -9.9990e+03 -9.9990e+03 -9.9990e+03 -9.9990e+03 -9.9990e+03 -9.9990e+03 -9.9990e+03 -9.9990e+03 4.2177e-02 5.0516e-02 1.0777e-01 2.2738e-01 2.2738e-01 3.6128e-01 3.9697e-01 4.5058e-01 5.4401e-01 6.8579e-01 7.7394e-01 8.3168e-01 8.4502e-01 6.2747e-01 5.4767e-01 5.4767e-01 1.8229e-01 -3.0665e-01 -3.3272e-01 -3.0378e-01 -2.3912e-01 -2.3764e-01 -1.7486e-01 -1.0962e-01 -5.9168e-02 3.4236e-02 3.0840e-02 1.6337e-01 2.4747e-01 2.5286e-01 2.3108e-01 3.2598e-01 3.2598e-01 4.3482e-01 5.0117e-01 6.2606e-01 8.5983e-01 8.5983e-01 9.7942e-01 8.4341e-01 2.4318e-01
-9.9990e+03 -9.9990e+03 -9.9990e+03 -9.9990e+03 -9.9990e+03 -9.9990e+03 -9.9990e+03 -9.9990e+03 -9.9990e+03 -9.9990e+03 -9.9990e+03 -9.9990e+03 -9.9990e+03 1.2844e-01 9.5542e-02 9.5542e-02 1.4274e-01 1.4400e-01 3.0493e-01 5.2636e-01 4.8993e-01 6.5359e-01 5.8475e-01 7.3532e-01 7.7394e-01 8.7554e-01 8.7155e-01 8.9958e-01 9.5427e-01 6.6890e-01 1.7970e-02 -3.0665e-01 -4.0559e-01 -3.8950e-01 -3.1332e-01 -2.3406e-01 -1.6248e-01 -1.5915e-01 -1.1442e-01 -6.8985e-02 3.8893e-02 1.7992e-01 2.6438e-01 2.6438e-01 2.8442e-01 2.6748e-01 3.4553e-01 4.5087e-01 4.5087e-01 5.4391e-01 6.6042e-01 8.2484e-01 9.7942e-01 7.7379e-01 7.3916e-01
-9.9990e+03 -9.9990e+03 -9.9990e+03 -9.9990e+03 -9.9990e+03 -9.9990e+03 -9.9990e+03 -9.9990e+03 -9.9990e+03 -9.9990e+03 -9.9990e+03 -9.9990e+03 -9.9990e+03 4.5722e-01 3.4818e-01 1.9794e-01 3.1330e-01 3.1330e-01 4.9507e-01 5.0280e-01 6.9616e-01 7.9321e-01 7.5068e-01 8.3177e-01 8.4027e-01 8.4992e-01 8.7155e-01 9.3820e-01 1.0067e+00 9.6132e-01 2.9020e-01 -1.8261e-01 -4.1537e-01 -3.8950e-01 -3.4676e-01 -2.5497e-01 -2.1212e-01 -1.5542e-01 -1.2227e-01 -7.0994e-02 -7.0994e-02 5.1833e-02 2.2129e-01 2.8894e-01 3.0574e-01 3.0574e-01 2.7009e-01 3.4596e-01 4.5346e-01 5.2356e-01 6.3949e-01 6.0544e-01 7.4965e-01 7.6520e-01 7.3916e-01
-9.9990e+03 -9.9990e+03 -9.9990e+03 -9.9990e+03 -9.9990e+03 -9.9990e+03 -9.9990e+03 -9.9990e+03 -9.9990e+03 -9.9990e+03 -9.9990e+03 -9.9990e+03 -9.9990e+03 5.6489e-01 5.6489e-01 5.0598e-01 4.0399e-01 5.6786e-01 6.8513e-01 6.7833e-01 7.7807e-01 8.0596e-01 8.3877e-01 8.3177e-01 8.2542e-01 7.8117e-01 8.3341e-01 9.3359e-01 1.0067e+00 8.1544e-01 -3.9646e-03 -3.9646e-03 -3.1909e-01 -3.4195e-01 -2.6539e-01 -2.5497e-01 -1.8842e-01 -1.3979e-01 -1.4696e-01 -1.3230e-01 -7.0195e-02 7.4383e-02 7.4383e-02 2.4325e-01 3.0036e-01 2.8290e-01 2.3386e-01 2.3386e-01 3.1167e-01 4.3013e-01 4.9978e-01 5.7558e-01 6.7718e-01 6.2566e-01 6.8060e-01
-9.9990e+03 -9.9990e+03 -9.9990e+03 -9.9990e+03 -9.9990e+03 -9.9990e+03 -9.9990e+03 -9.9990e+03 -9.9990e+03 -9.9990e+03 -9.9990e+03 -9.9990e+03 -9.9990e+03 8.0576e-01 6.4906e-01 6.5754e-01 6.3586e-01 7.6516e-01 7.4793e-01 7.8096e-01 8.3526e-01 8.4536e-01 8.5098e-01 8.1521e-01 7.4311e-01 7.8117e-01 8.5910e-01 1.0151e+00 1.0151e+00 9.2393e-01 4.7838e-01 -2.1740e-01 -3.1909e-01 -2.6054e-01 -1.3652e-01 -1.6661e-01 -9.8133e-02 -1.3979e-01 -1.4617e-01 -1.4617e-01 -1.3605e-01 -3.1289e-02 1.1482e-01 2.5417e-01 2.5417e-01 2.5237e-01 2.2560e-01 2.0223e-01 2.9374e-01 4.0307e-01 3.8679e-01 4.8703e-01 5.5791e-01 5.8654e-01 6.0650e-01
-9.9990e+03 -9.9990e+03 -9.9990e+03 -9.9990e+03 -9.9990e+03 -9.9990e+03 -9.9990e+03 -9.9990e+03 -9.9990e+03 -9.9990e+03 -9.9990e+03 -9.9990e+03 -9.9990e+03 9.1896e-01 7.5076e-01 7.0491e-01 7.2926e-01 7.9600e-01 8.0777e-01 8.0903e-01 8.2439e-01 8.6989e-01 8.3270e-01 7.6805e-01 7.4057e-01 7.2584e-01 8.3925e-01 9.3666e-01 1.0667e+00 6.3812e-01 6.3812e-01 -1.6894e-01 -3.2321e-01 -1.8003e-01 -1.3652e-01 -5.0225e-02 6.1251e-02 -7.3943e-03 -7.3893e-02 -1.4331e-01 -1.1414e-01 -1.1414e-01 3.3993e-02 1.9068e-01 2.4281e-01 1.7653e-01 1.6196e-01 1.2704e-01 1.9144e-01 2.8460e-01 3.7276e-01 4.7189e-01 4.4301e-01 5.3313e-01 5.4023e-01
-9.9990e+03 -9.9990e+03 -9.9990e+03 -9.9990e+03 -9.9990e+03 -9.9990e+03 -9.9990e+03 -9.9990e+03 -9.9990e+03 -9.9990e+03 -9.9990e+03 -9.9990e+03 -9.9990e+03 8.2309e-01 7.0940e-01 7.0491e-01 6.9943e-01 7.1930e-01 7.6966e-01 8.1987e-01 8.5632e-01 8.8254e-01 8.9449e-01 8.0241e-01 7.5579e-01 7.7247e-01 9.3995e-01 9.3995e-01 1.0923e+00 1.0140e+00 2.5402e-01 -3.7749e-01 -3.7749e-01 -3.1027e-01 -1.2686e-01 3.5520e-02 6.1251e-02 5.0884e-02 6.1538e-02 -6.1526e-02 -8.8452e-02 -5.1725e-02 1.1403e-01 1.1403e-01 1.9626e-01 1.2476e-01 1.1051e-01 1.3181e-01 1.9338e-01 2.0018e-01 2.7431e-01 3.4503e-01 4.0005e-01 4.9540e-01 4.9177e-01
-9.9990e+03 -9.9990e+03 -9.9990e+03 -9.9990e+03 -9.9990e+03 -9.9990e+03 -9.9990e+03 -9.9990e+03 -9.9990e+03 -9.9990e+03 -9.9990e+03 -9.9990e+03 -9.9990e+03 7.6761e-01 7.0305e-01 7.0193e-01 6.8326e-01 7.1930e-01 7.0138e-01 7.6655e-01 8.3147e-01 8.4124e-01 8.5579e-01 7.8414e-01 7.8414e-01 7.8300e-01 8.4539e-01 1.0137e+00 1.0929e+00 1.0929e+00 5.4089e-01 -6.8360e-02 -4.6045e-01 -3.1027e-01 -1.0229e-01 -6.7488e-02 8.1824e-02 1.3998e-01 6.1538e-02 -4.7690e-02 -5.0146e-03 -2.7330e-03 1.2613e-01 1.7190e-01 1.5538e-01 1.2476e-01 7.1645e-02 1.2071e-01 1.5806e-01 1.8844e-01 2.4554e-01 2.0543e-01 2.9259e-01 3.4813e-01 3.8582e-01
-9.9990e+03 -9.9990e+03 -9.9990e+03 -9.9990e+03 -9.9990e+03 -9.9990e+03 -9.9990e+03 -9.9990e+03 -9.9990e+03 -9.9990e+03 -9.9990e+03 -9.9990e+03 -9.9990e+03 6.9365e-01 7.0305e-01 7.1032e-01 6.8798e-01 6.6546e-01 7.0243e-01 7.6825e-01 7.9337e-01 7.9337e-01 7.7370e-01 7.6400e-01 7.6815e-01 8.2891e-01 8.2891e-01 9.6708e-01 1.0640e+00 9.8931e-01 1.8788e-01 -3.2393e-01 -5.1524e-01 -4.8431e-01 -2.7034e-01 -6.7488e-02 1.0364e-01 1.0259e-01 1.1825e-01 5.2567e-02 -5.0146e-03 7.9101e-02 1.2613e-01 1.6133e-01 1.2647e-01 9.1544e-02 7.8151e-02 1.2071e-01 1.6183e-01 1.7158e-01 1.6397e-01 1.7018e-01 2.4574e-01 2.9864e-01 2.9864e-01
-9.9990e+03 -9.9990e+03 -9.9990e+03 -9.9990e+03 -9.9990e+03 -9.9990e+03 -9.9990e+03 -9.9990e+03 -9.9990e+03 -9.9990e+03 -9.9990e+03 -9.9990e+03 -9.9990e+03 6.5807e-01 6.8210e-01 7.1580e-01 6.8798e-01 6.6496e-01 6.5977e-01 7.0132e-01 6.8599e-01 7.1235e-01 7.2063e-01 7.2063e-01 7.4307e-01 7.9649e-01 8.7229e-01 1.0080e+00 1.0080e+00 1.0678e+00 8.2002e-01 -1.4266e-01 -5.7837e-01 -4.6132e-01 -3.7848e-01 -2.0775e-01 -1.7558e-03 1.0259e-01 1.0922e-01 1.1080e-01 7.8684e-02 9.9344e-02 1.2303e-01 1.3997e-01 1.2647e-01 6.3687e-02 6.2050e-02 1.2874e-01 1.9404e-01 1.7036e-01 1.4629e-01 1.4629e-01 1.5403e-01 1.9387e-01 2.5066e-01
-9.9990e+03 -9.9990e+03 -9.9990e+03 -9.9990e+03 -9.9990e+03 -9.9990e+03 -9.9990e+03 -9.9990e+03 -9.9990e+03 -9.9990e+03 -9.9990e+03 -9.9990e+03 -9.9990e+03 6.5807e-01 6.2487e-01 6.5280e-01 6.8538e-01 6.3089e-01 6.5977e-01 6.9965e-01 7.0136e-01 6.5450e-01 6.3151e-01 6.9166e-01 7.4331e-01 7.4331e-01 8.3293e-01 9.6057e-01 1.0525e+00 9.7072e-01 4.7888e-01 1.3189e-01 -3.6709e-01 -5.2421e-01 -2.8835e-01 -1.4216e-01 -8.8844e-02 2.5367e-02 1.1162e-01 1.1080e-01 1.0972e-01 1.1700e-01 1.1700e-01 9.6803e-02 8.4699e-02 1.5957e-02 6.2050e-02 1.1419e-01 2.1637e-01 2.0797e-01 1.5231e-01 1.3290e-01 1.5507e-01 1.5507e-01 1.7379e-01
-9.9990e+03 -9.9990e+03 -9.9990e+03 -9.9990e+03 -9.9990e+03 -9.9990e+03 -9.9990e+03 -9.9990e+03 -9.9990e+03 -9.9990e+03 -9.9990e+03 -9.9990e+03 -9.9990e+03 5.5911e-01 5.9724e-01 6.5280e-01 6.2475e-01 5.7521e-01 6.2133e-01 7.0195e-01 7.0136e-01 6.5193e-01 6.5193e-01 6.1485e-01 6.8194e-01 7.5962e-01 8.6682e-01 9.6057e-01 1.0012e+00 1.0691e+00 7.8756e-01 -7.5612e-02 -4.5456e-01 -4.4613e-01 -4.4245e-01 -2.3101e-01 -8.8844e-02 5.6301e-02 1.1599e-01 1.1599e-01 1.3351e-01 1.2964e-01 1.1560e-01 4.0245e-02 4.0245e-02 -1.4801e-02 2.7025e-02 1.5808e-01 2.1637e-01 2.0906e-01 1.9945e-01 1.4217e-01 1.2923e-01 1.5483e-01 1.5671e-01
-9.9990e+03 -9.9990e+03 -9.9990e+03 -9.9990e+03 -9.9990e+03 -9.9990e+03 -9.9990e+03 -9.9990e+03 -9.9990e+03 -9.9990e+03 -9.9990e+03 -9.9990e+03 -9.9990e+03 4.3283e-01 4.9171e-01 5.8193e-01 5.6653e-01 5.7521e-01 6.3290e-01 6.5352e-01 7.4956e-01 7.4755e-01 6.3330e-01 6.1246e-01 6.1246e-01 7.0626e-01 8.2785e-01 8.9767e-01 1.0179e+00 1.0271e+00 9.2698e-01 5.3106e-01 -1.5735e-01 -3.8933e-01 -3.7414e-01 -3.1400e-01 -1.7061e-01 2.9356e-03 8.1024e-02 1.1243e-01 1.3206e-01 1.3206e-01 1.3089e-01 9.5018e-02 4.1869e-03 -1.4801e-02 6.7184e-02 1.0086e-01 1.8103e-01 2.2846e-01 1.9945e-01 1.3454e-01 1.3454e-01 1.3220e-01 1.4050e-01
-9.9990e+03 -9.9990e+03 -9.9990e+03 -9.9990e+03 -9.9990e+03 -9.9990e+03 -9.9990e+03 -9.9990e+03 -9.9990e+03 -9.9990e+03 -9.9990e+03 -9.9990e+03 -9.9990e+03 4.1371e-01 4.8230e-01 5.4741e-01 4.9958e-01 5.3074e-01 5.3591e-01 6.5352e-01 7.7603e-01 7.2923e-01 7.3597e-01 5.8661e-01 6.1546e-01 7.4093e-01 8.2785e-01 8.7587e-01 9.4624e-01 9.9876e-01 8.1309e-01 3.7819e-01 3.3309e-01 -1.3839e-01 -3.1837e-01 -2.4002e-01 -1.1192e-01 1.5740e-02 1.5740e-02 3.6567e-02 9.0427e-02 1.1730e-01 1.0932e-01 1.0932e-01 5.3850e-02 1.0659e-02 5.1907e-02 1.0086e-01 1.9195e-01 1.9756e-01 2.2295e-01 1.7271e-01 1.3281e-01 1.3013e-01 1.3013e-01
-9.9990e+03 -9.9990e+03 -9.9990e+03 -9.9990e+03 -9.9990e+03 -9.9990e+03 -9.9990e+03 -9.9990e+03 -9.9990e+03 -9.9990e+03 -9.9990e+03 -9.9990e+03 -9.9990e+03 3.9676e-01 4.2027e-01 4.5899e-01 4.9958e-01 4.7764e-01 4.4470e-01 5.2754e-01 6.1524e-01 7.2923e-01 6.4499e-01 5.8661e-01 5.1713e-01 5.6464e-01 7.5976e-01 8.7966e-01 9.4624e-01 8.8246e-01 8.1098e-01 7.0655e-01 3.5459e-01 -7.3999e-02 -2.3642e-01 -2.3642e-01 -1.4224e-01 -2.2626e-02 -2.5594e-03 -1.7358e-02 -1.7358e-02 2.1608e-03 9.0648e-02 8.2792e-02 5.8113e-02 3.9934e-02 7.1132e-02 8.5786e-02 1.3722e-01 1.9756e-01 2.1092e-01 1.9136e-01 1.6188e-01 1.3102e-01 1.2362e-01
-9.9990e+03 -9.9990e+03 -9.9990e+03 -9.9990e+03 -9.9990e+03 -9.9990e+03 -9.9990e+03 -9.9990e+03 -9.9990e+03 -9.9990e+03 -9.9990e+03 -9.9990e+03 -9.9990e+03 4.3240e-01 4.3266e-01 4.0831e-01 4.1547e-01 3.9859e-01 4.4470e-01 5.0855e-01 4.4738e-01 5.3501e-01 5.0300e-01 5.1862e-01 4.0958e-01 5.6464e-01 4.9943e-01 6.4724e-01 8.0672e-01 7.5099e-01 8.1098e-01 7.1559e-01 6.4420e-01 3.7313e-01 6.6084e-02 -1.2657e-01 -4.1132e-02 -4.1132e-02 4.8844e-03 -2.7446e-02 -5.1140e-02 -2.8102e-02 5.2562e-02 1.5763e-02 6.1765e-02 6.7644e-02 8.7662e-02 1.0279e-01 1.1197e-01 1.4527e-01 1.8450e-01 1.9136e-01 1.5292e-01 1.3239e-01 1.3239e-01
-9.9990e+03 -9.9990e+03 -9.9990e+03 -9.9990e+03 -9.9990e+03 -9.9990e+03 -9.9990e+03 -9.9990e+03 -9.9990e+03 -9.9990e+03 -9.9990e+03 -9.9990e+03 -9.9990e+03 3.8581e-01 3.8357e-01 3.3976e-01 3.7831e-01 3.3211e-01 3.9982e-01 4.1878e-01 4.4738e-01 4.6503e-01 4.2414e-01 4.2414e-01 3.2247e-01 3.2135e-01 4.4334e-01 6.4724e-01 5.6438e-01 5.8714e-01 6.4356e-01 6.3897e-01 5.9796e-01 3.4546e-01 3.4546e-01 1.1350e-01 4.8724e-02 3.3190e-02 3.1756e-02 3.1756e-02 -2.6194e-02 -6.5212e-02 -4.2376e-02 4.0447e-03 5.4203e-02 6.1014e-02 7.8563e-02 9.8375e-02 1.1197e-01 1.4681e-01 1.4630e-01 1.7226e-01 1.5988e-01 1.4687e-01 1.4082e-01
-9.9990e+03 -9.9990e+03 -9.9990e+03 -9.9990e+03 -9.9990e+03 -9.9990e+03 -9.9990e+03 -9.9990e+03 -9.9990e+03 -9.9990e+03 -9.9990e+03 -9.9990e+03 -9.9990e+03 3.2099e-01 2.0677e-01 2.6821e-01 2.4912e-01 2.8458e-01 3.7938e-01 4.1304e-01 4.1304e-01 4.4451e-01 4.3095e-01 3.9480e-01 2.6866e-01 2.6866e-01 3.0131e-01 4.1215e-01 5.1049e-01 5.8714e-01 5.6767e-01 5.3632e-01 5.6364e-01 3.9416e-01 2.7294e-01 9.9067e-02 9.9067e-02 6.5478e-02 1.0814e-01 6.3224e-02 -1.8509e-02 -6.5234e-02 -5.7831e-02 -4.1276e-02 1.8067e-02 8.3589e-02 9.1588e-02 1.0747e-01 1.0780e-01 1.2183e-01 1.4630e-01 1.6054e-01 1.4499e-01 1.4499e-01 1.4140e-01
-9.9990e+03 -9.9990e+03 -9.9990e+03 -9.9990e+03 -9.9990e+03 -9.9990e+03 -9.9990e+03 -9.9990e+03 -9.9990e+03 -9.9990e+03 -9.9990e+03 -9.9990e+03 -9.9990e+03 1.5592e-01 7.7533e-02 1.6563e-01 9.8611e-02 1.9469e-01 2.6387e-01 3.8932e-01 4.4333e-01 4.7624e-01 4.7624e-01 4.2314e-01 3.5036e-01 2.7511e-01 3.0131e-01 3.9739e-01 3.9960e-01 4.7490e-01 5.2414e-01 5.3632e-01 4.8506e-01 3.6354e-01 2.4885e-01 9.7796e-03 3.2093e-02 6.5145e-02 1.0814e-01 1.1456e-01 6.7254e-02 -1.6722e-02 -5.2964e-02 -2.6263e-02 -1.8666e-03 5.4178e-02 1.0831e-01 1.1678e-01 1.1293e-01 1.2911e-01 1.2911e-01 1.4827e-01 1.4612e-01 1.2791e-01 1.2754e-01
-9.9990e+03 -9.9990e+03 -9.9990e+03 -9.9990e+03 -9.9990e+03 -9.9990e+03 -9.9990e+03 -9.9990e+03 -9.9990e+03 -9.9990e+03 -9.9990e+03 -9.9990e+03 -9.9990e+03 5.7802e-02 3.1578e-02 3.2894e-02 9.2888e-02 1.3778e-01 2.7244e-01 2.7244e-01 4.5713e-01 4.8207e-01 4.6164e-01 3.8692e-01 3.8692e-01 3.0080e-01 2.9737e-01 3.2294e-01 3.9960e-01 4.9203e-01 5.5689e-01 5.7993e-01 5.1539e-01 3.6354e-01 5.2503e-02 5.2503e-02 -1.0675e-01 -4.7944e-02 6.5195e-02 9.9419e-02 6.7254e-02 3.0797e-02 -3.1400e-02 -5.8180e-02 2.3507e-02 9.2147e-02 1.0986e-01 1.2442e-01 1.1160e-01 1.1442e-01 1.3820e-01 1.4164e-01 1.4164e-01 1.0436e-01 1.0211e-01
-9.9990e+03 -9.9990e+03 -9.9990e+03 -9.9990e+03 -9.9990e+03 -9.9990e+03 -9.9990e+03 -9.9990e+03 -9.9990e+03 -9.9990e+03 -9.9990e+03 -9.9990e+03 -9.9990e+03 9.6145e-02 1.6739e-02 1.0093e-01 1.0093e-01 1.6836e-01 2.0842e-01 3.1954e-01 4.2749e-01 4.2749e-01 3.5326e-01 3.7708e-01 2.9481e-01 2.4127e-01 2.6077e-01 2.2643e-01 3.2225e-01 4.6478e-01 5.5689e-01 6.2996e-01 6.2822e-01 4.1687e-01 -2.5428e-02 -1.3455e-01 -1.4178e-01 -4.7944e-02 -7.4901e-02 -6.7867e-03 6.2763e-02 -2.1128e-02 -6.2092e-02 -9.8040e-02 -6.2604e-02 4.2696e-02 1.1287e-01 1.2116e-01 9.6666e-02 9.6666e-02 1.1223e-01 1.4211e-01 1.2879e-01 7.8516e-02 7.8516e-02
-9.9990e+03 -9.9990e+03 -9.9990e+03 -9.9990e+03 -9.9990e+03 -9.9990e+03 -9.9990e+03 -9.9990e+03 -9.9990e+03 -9.9990e+03 -9.9990e+03 -9.9990e+03 -9.9990e+03 2.4561e-01 1.8005e-01 2.1951e-01 2.2886e-01 2.3492e-01 2.3492e-01 2.4921e-01 2.6061e-01 3.2066e-01 2.4241e-01 2.6560e-01 2.0382e-01 2.2098e-01 1.9701e-01 2.1664e-01 3.3836e-01 3.5797e-01 5.0969e-01 6.6977e-01 6.2822e-01 2.5374e-01 -1.4909e-01 -1.4909e-01 -2.1218e-01 -1.5774e-01 -1.0666e-01 -6.7867e-03 -3.6023e-02 -4.2537e-02 -7.6798e-02 -1.2789e-01 -6.6795e-02 4.8666e-02 4.8666e-02 1.0137e-01 9.4816e-02 8.6070e-02 1.0280e-01 1.0280e-01 9.9550e-02 9.7786e-02 4.9770e-02
