bias_correction/pipeline/W_1_s_1.3_d_235.asc
ncols        88
nrows        90
xllcorner    2777636
yllcorner    1185112
cellsize     25
NODATA_value -9999
[rows 50 to 74 of 90, columns 0 to 54 of 88]
-9.9990e+03 -9.9990e+03 -9.9990e+03 -9.9990e+03 -9.9990e+03 -9.9990e+03 -9.9990e+03 -9.9990e+03 -9.9990e+03 -9.9990e+03 -9.9990e+03 -9.9990e+03 -9.9990e+03 3.3010e-01 2.5225e-01 2.5225e-01 3.0484e-01 3.3282e-01 2.8188e-01 2.4419e-01 2.4419e-01 1.8917e-01 2.1616e-01 1.9536e-01 1.8033e-01 1.8057e-01 1.6520e-01 1.7495e-01 2.2398e-01 3.5797e-01 5.4763e-01 5.4552e-01 6.2546e-01 3.3934e-01 8.7315e-02 -1.8660e-01 -2.1895e-01 -2.1895e-01 -2.0080e-01 -1.2358e-01 -5.1928e-02 -4.2537e-02 -1.0551e-01 -1.8603e-01 -1.5615e-01 -9.9400e-02 3.3345e-02 8.8927e-02 8.8927e-02 8.7595e-02 6.3659e-02 7.7461e-02 4.0673e-02 5.4422e-02 2.2670e-03
-9.9990e+03 -9.9990e+03 -9.9990e+03 -9.9990e+03 -9.9990e+03 -9.9990e+03 -9.9990e+03 -9.9990e+03 -9.9990e+03 -9.9990e+03 -9.9990e+03 -9.9990e+03 -9.9990e+03 5.4942e-01 4.3690e-01 3.2327e-01 3.5884e-01 3.5884e-01 3.4333e-01 2.6692e-01 2.1200e-01 1.5488e-01 1.7562e-01 1.8232e-01 1.8669e-01 1.7318e-01 1.7114e-01 1.7772e-01 1.9657e-01 2.4728e-01 3.9838e-01 5.4552e-01 4.8374e-01 1.6405e-01 1.6405e-01 -1.2777e-01 -2.0071e-01 -2.3487e-01 -2.0080e-01 -1.9546e-01 -9.9774e-02 -8.0098e-02 -1.7093e-01 -1.8603e-01 -1.8342e-01 -1.8342e-01 -1.2505e-01 -2.8277e-02 7.0019e-02 6.9100e-02 6.9100e-02 1.6385e-02 -6.1638e-02 -3.3348e-02 -3.6206e-02
-9.9990e+03 -9.9990e+03 -9.9990e+03 -9.9990e+03 -9.9990e+03 -9.9990e+03 -9.9990e+03 -9.9990e+03 -9.9990e+03 -9.9990e+03 -9.9990e+03 -9.9990e+03 -9.9990e+03 5.5378e-01 5.0179e-01 4.0129e-01 3.0864e-01 3.4395e-01 3.0237e-01 2.6692e-01 2.2457e-01 1.6771e-01 1.6459e-01 2.1334e-01 1.9462e-01 2.2070e-01 1.8415e-01 1.8234e-01 2.0950e-01 2.6468e-01 3.7110e-01 3.7110e-01 3.6107e-01 3.1187e-01 5.1701e-03 -1.8164e-01 -1.8164e-01 -2.4676e-01 -2.4896e-01 -1.7548e-01 -9.9774e-02 -1.3267e-01 -2.0409e-01 -2.2464e-01 -2.4314e-01 -2.0378e-01 -1.4708e-01 -1.4708e-01 -5.8706e-02 -2.2011e-02 2.3209e-02 -5.6667e-02 -6.1638e-02 -1.2917e-01 -9.0224e-02
-9.9990e+03 -9.9990e+03 -9.9990e+03 -9.9990e+03 -9.9990e+03 -9.9990e+03 -9.9990e+03 -9.9990e+03 -9.9990e+03 -9.9990e+03 -9.9990e+03 -9.9990e+03 -9.9990e+03 6.3036e-01 5.0179e-01 2.9618e-01 2.9618e-01 2.0492e-01 1.9718e-01 2.4000e-01 1.8846e-01 1.6771e-01 1.8046e-01 2.3497e-01 2.4731e-01 2.3015e-01 1.8930e-01 1.7379e-01 1.7943e-01 1.9404e-01 2.1952e-01 3.0999e-01 2.4507e-01 2.4507e-01 1.2569e-02 -1.0852e-01 -2.1642e-01 -2.8098e-01 -2.8098e-01 -2.5046e-01 -1.6062e-01 -1.7035e-01 -2.0409e-01 -2.6639e-01 -3.0429e-01 -2.6454e-01 -2.3012e-01 -1.5886e-01 -9.2005e-02 -2.2011e-02 -7.3203e-02 -1.1808e-01 -1.2836e-01 -1.9135e-01 -1.4194e-01
-9.9990e+03 -9.9990e+03 -9.9990e+03 -9.9990e+03 -9.9990e+03 -9.9990e+03 -9.9990e+03 -9.9990e+03 -9.9990e+03 -9.9990e+03 -9.9990e+03 -9.9990e+03 -9.9990e+03 7.1641e-01 5.6709e-01 3.1154e-01 1.8590e-01 1.3933e-01 1.9718e-01 1.6074e-01 1.7505e-01 1.7923e-01 2.0179e-01 2.3497e-01 2.4539e-01 2.5790e-01 2.1049e-01 1.3686e-01 1.5286e-01 1.5012e-01 1.5012e-01 1.8784e-01 2.4529e-01 1.4370e-01 -7.8736e-02 -7.8736e-02 -1.8662e-01 -2.4317e-01 -2.9339e-01 -2.4373e-01 -1.7368e-01 -2.4231e-01 -2.6786e-01 -3.5958e-01 -3.0429e-01 -2.7873e-01 -2.9180e-01 -2.3418e-01 -1.8704e-01 -1.2085e-01 -1.1208e-01 -1.1808e-01 -1.7738e-01 -2.4695e-01 -2.3412e-01
-9.9990e+03 -9.9990e+03 -9.9990e+03 -9.9990e+03 -9.9990e+03 -9.9990e+03 -9.9990e+03 -9.9990e+03 -9.9990e+03 -9.9990e+03 -9.9990e+03 -9.9990e+03 -9.9990e+03 7.1641e-01 4.8846e-01 2.2880e-01 2.2880e-01 9.8491e-02 1.2118e-01 1.5328e-01 1.7505e-01 1.7977e-01 1.9210e-01 2.1421e-01 2.4123e-01 2.4986e-01 1.6771e-01 1.6771e-01 8.8773e-02 5.4793e-02 1.1832e-01 1.7923e-01 1.7923e-01 1.4284e-01 4.7038e-02 -1.1831e-01 -1.7912e-01 -2.5670e-01 -2.6085e-01 -2.9338e-01 -2.6726e-01 -2.4231e-01 -3.7629e-01 -4.6371e-01 -4.1391e-01 -3.5797e-01 -2.9180e-01 -2.5381e-01 -1.8704e-01 -1.9046e-01 -1.3304e-01 -1.4291e-01 -2.2059e-01 -2.4695e-01 -2.9319e-01
-9.9990e+03 -9.9990e+03 -9.9990e+03 -9.9990e+03 -9.9990e+03 -9.9990e+03 -9.9990e+03 -9.9990e+03 -9.9990e+03 -9.9990e+03 -9.9990e+03 -9.9990e+03 -9.9990e+03 -9.9990e+03 5.5460e-01 4.0845e-01 1.8231e-01 8.7102e-02 8.7102e-02 1.1701e-01 1.5450e-01 1.7990e-01 1.9210e-01 1.8637e-01 2.0985e-01 2.3973e-01 2.2501e-01 1.3479e-01 3.9370e-02 3.9370e-02 7.3011e-02 1.9179e-01 1.8545e-01 8.7561e-02 8.7561e-02 -5.7106e-02 -1.1972e-01 -1.5771e-01 -2.7252e-01 -3.0060e-01 -3.5947e-01 -3.4273e-01 -4.7082e-01 -4.6371e-01 -4.3828e-01 -3.7870e-01 -3.7870e-01 -3.5647e-01 -2.7122e-01 -1.7069e-01 -1.3304e-01 -1.2865e-01 -1.9383e-01 -2.6336e-01 -3.3049e-01
-9.9990e+03 -9.9990e+03 -9.9990e+03 -9.9990e+03 -9.9990e+03 -9.9990e+03 -9.9990e+03 -9.9990e+03 -9.9990e+03 -9.9990e+03 -9.9990e+03 -9.9990e+03 -9.9990e+03 -9.9990e+03 4.5959e-01 4.5959e-01 2.7543e-01 1.3874e-01 7.0248e-02 1.1701e-01 1.1321e-01 1.5287e-01 1.7346e-01 1.8612e-01 2.0985e-01 2.5351e-01 2.8752e-01 2.3710e-01 1.2679e-01 5.2535e-02 1.6241e-01 1.6241e-01 2.4506e-01 1.5512e-01 3.6081e-02 -4.9216e-02 -8.6708e-02 -3.0773e-02 -1.4062e-01 -3.3840e-01 -4.7971e-01 -4.5372e-01 -5.7351e-01 -5.5803e-01 -5.1985e-01 -4.3778e-01 -4.0344e-01 -3.6599e-01 -3.6599e-01 -2.1858e-01 -1.3548e-01 -1.2571e-01 -1.9383e-01 -2.2408e-01 -3.4720e-01
-9.9990e+03 -9.9990e+03 -9.9990e+03 -9.9990e+03 -9.9990e+03 -9.9990e+03 -9.9990e+03 -9.9990e+03 -9.9990e+03 -9.9990e+03 -9.9990e+03 -9.9990e+03 -9.9990e+03 -9.9990e+03 -9.9990e+03 3.9861e-01 2.2828e-01 2.2828e-01 8.8416e-02 6.3407e-02 1.1814e-01 1.5287e-01 1.6824e-01 1.8396e-01 2.0106e-01 2.6962e-01 2.8752e-01 2.5040e-01 2.5040e-01 1.7220e-01 2.3187e-01 2.5020e-01 2.5267e-01 1.5512e-01 1.0740e-01 1.2734e-02 2.3104e-02 8.6430e-03 -1.7186e-01 -2.9354e-01 -4.7814e-01 -6.3399e-01 -6.6670e-01 -6.0736e-01 -5.4086e-01 -5.4086e-01 -4.8390e-01 -4.3192e-01 -3.3888e-01 -1.7460e-01 -1.7460e-01 -8.9618e-02 -1.2949e-01 -2.5473e-01 -3.4720e-01
-9.9990e+03 -9.9990e+03 -9.9990e+03 -9.9990e+03 -9.9990e+03 -9.9990e+03 -9.9990e+03 -9.9990e+03 -9.9990e+03 -9.9990e+03 -9.9990e+03 -9.9990e+03 -9.9990e+03 -9.9990e+03 -9.9990e+03 -9.9990e+03 3.4670e-01 2.0295e-01 1.4097e-01 1.4097e-01 1.3762e-01 1.3998e-01 1.7884e-01 1.8396e-01 2.2725e-01 2.4441e-01 2.9001e-01 2.8804e-01 2.4269e-01 2.2129e-01 2.3187e-01 2.7387e-01 2.5434e-01 2.0620e-01 9.9693e-02 6.1000e-02 1.4150e-01 1.1845e-01 -1.5862e-02 -4.9298e-01 -6.6879e-01 -7.5784e-01 -7.5784e-01 -7.3233e-01 -6.5006e-01 -5.7882e-01 -5.3708e-01 -5.3708e-01 -4.3994e-01 -3.0093e-01 -1.5738e-01 -8.9618e-02 -1.3940e-01 -1.6965e-01 -2.8411e-01
-9.9990e+03 -9.9990e+03 -9.9990e+03 -9.9990e+03 -9.9990e+03 -9.9990e+03 -9.9990e+03 -9.9990e+03 -9.9990e+03 -9.9990e+03 -9.9990e+03 -9.9990e+03 -9.9990e+03 -9.9990e+03 -9.9990e+03 -9.9990e+03 -9.9990e+03 3.7050e-01 2.4928e-01 2.0734e-01 1.8255e-01 1.7327e-01 2.0984e-01 2.0511e-01 2.2361e-01 2.4441e-01 2.7916e-01 2.6141e-01 2.5821e-01 2.4236e-01 2.5191e-01 2.6681e-01 2.5434e-01 2.0003e-01 1.4506e-01 1.2555e-01 1.9960e-01 1.7731e-01 1.3875e-01 -1.4020e-01 -6.9216e-01 -8.9276e-01 -8.1874e-01 -7.8461e-01 -7.8461e-01 -7.3767e-01 -6.3231e-01 -5.6693e-01 -4.5403e-01 -4.5403e-01 -3.3358e-01 -1.8733e-01 -1.5149e-01 -1.6965e-01 -3.1208e-01
-9.9990e+03 -9.9990e+03 -9.9990e+03 -9.9990e+03 -9.9990e+03 -9.9990e+03 -9.9990e+03 -9.9990e+03 -9.9990e+03 -9.9990e+03 -9.9990e+03 -9.9990e+03 -9.9990e+03 -9.9990e+03 -9.9990e+03 -9.9990e+03 -9.9990e+03 4.1869e-01 3.0839e-01 3.3569e-01 2.5021e-01 2.0982e-01 2.0984e-01 2.2926e-01 2.4732e-01 2.4633e-01 2.6600e-01 2.6141e-01 2.4058e-01 2.5888e-01 2.5888e-01 2.5906e-01 2.3755e-01 1.7230e-01 1.4506e-01 1.5710e-01 1.9609e-01 2.1583e-01 2.5693e-02 -3.4878e-01 -8.3900e-01 -8.3900e-01 -9.2149e-01 -9.0113e-01 -8.4252e-01 -8.0353e-01 -8.0353e-01 -7.3485e-01 -6.0296e-01 -5.0099e-01 -4.2360e-01 -2.6243e-01 -3.7087e-01 -2.4605e-01 -3.3029e-01
-9.9990e+03 -9.9990e+03 -9.9990e+03 -9.9990e+03 -9.9990e+03 -9.9990e+03 -9.9990e+03 -9.9990e+03 -9.9990e+03 -9.9990e+03 -9.9990e+03 -9.9990e+03 -9.9990e+03 -9.9990e+03 -9.9990e+03 -9.9990e+03 -9.9990e+03 -9.9990e+03 4.3195e-01 3.3234e-01 2.5399e-01 2.3267e-01 2.0672e-01 2.2968e-01 2.4732e-01 2.7845e-01 2.6216e-01 2.6216e-01 2.4943e-01 2.5299e-01 2.7210e-01 2.5906e-01 2.5384e-01 2.2288e-01 1.8229e-01 1.8895e-01 1.9609e-01 1.8700e-01 1.8700e-01 -1.4666e-01 -6.2922e-01 -8.7836e-01 -8.9530e-01 -8.9530e-01 -9.2129e-01 -8.9924e-01 -8.4886e-01 -7.8089e-01 -6.6078e-01 -7.2716e-01 -5.8927e-01 -5.3671e-01 -5.0592e-01 -3.8836e-01 -5.5879e-01
-9.9990e+03 -9.9990e+03 -9.9990e+03 -9.9990e+03 -9.9990e+03 -9.9990e+03 -9.9990e+03 -9.9990e+03 -9.9990e+03 -9.9990e+03 -9.9990e+03 -9.9990e+03 -9.9990e+03 -9.9990e+03 -9.9990e+03 -9.9990e+03 -9.9990e+03 -9.9990e+03 -9.9990e+03 4.1620e-01 3.1312e-01 2.2381e-01 1.9899e-01 2.0048e-01 2.4184e-01 2.9301e-01 2.8988e-01 2.6379e-01 2.6967e-01 2.6967e-01 2.9159e-01 2.7838e-01 2.5939e-01 2.2288e-01 2.5558e-01 2.7588e-01 2.4143e-01 2.2357e-01 1.2006e-01 -2.7297e-01 -2.7297e-01 -5.1665e-01 -5.9063e-01 -8.3858e-01 -8.7385e-01 -8.7385e-01 -8.4360e-01 -8.5150e-01 -7.8873e-01 -7.5522e-01 -6.7793e-01 -7.1025e-01 -6.3503e-01 -6.3553e-01 -5.5879e-01
-9.9990e+03 -9.9990e+03 -9.9990e+03 -9.9990e+03 -9.9990e+03 -9.9990e+03 -9.9990e+03 -9.9990e+03 -9.9990e+03 -9.9990e+03 -9.9990e+03 -9.9990e+03 -9.9990e+03 -9.9990e+03 -9.9990e+03 -9.9990e+03 -9.9990e+03 -9.9990e+03 -9.9990e+03 3.8298e-01 3.5864e-01 3.0286e-01 2.2951e-01 2.1305e-01 2.5249e-01 2.9736e-01 2.9736e-01 3.0598e-01 2.8140e-01 2.9964e-01 3.1398e-01 3.1398e-01 3.2567e-01 2.9962e-01 3.3899e-01 2.7588e-01 2.7481e-01 2.5917e-01 1.6776e-01 -1.8584e-02 -2.2183e-01 -2.4984e-01 -2.4984e-01 -3.2140e-01 -4.0918e-01 -7.1235e-01 -6.7381e-01 -7.7241e-01 -6.0644e-01 -7.2056e-01 -6.8557e-01 -6.3519e-01 -6.6810e-01 -6.1146e-01 -6.8806e-01
-9.9990e+03 -9.9990e+03 -9.9990e+03 -9.9990e+03 -9.9990e+03 -9.9990e+03 -9.9990e+03 -9.9990e+03 -9.9990e+03 -9.9990e+03 -9.9990e+03 -9.9990e+03 -9.9990e+03 -9.9990e+03 -9.9990e+03 -9.9990e+03 -9.9990e+03 -9.9990e+03 -9.9990e+03 -9.9990e+03 3.4996e-01 3.0553e-01 2.4106e-01 2.4106e-01 2.2290e-01 2.6035e-01 3.0299e-01 3.4173e-01 3.4173e-01 3.7795e-01 3.4722e-01 3.5049e-01 4.1153e-01 3.9261e-01 5.0513e-01 4.2468e-01 3.6892e-01 2.5917e-01 7.8328e-02 9.9216e-03 1.3437e-02 1.6754e-01 5.4509e-02 -2.4311e-02 -4.0918e-01 -9.3687e-02 -1.1084e-01 -3.8183e-01 -3.0779e-01 -5.3683e-01 -2.2999e-01 -4.8971e-01 -4.4843e-01 -4.5041e-01 -6.2837e-01
-9.9990e+03 -9.9990e+03 -9.9990e+03 -9.9990e+03 -9.9990e+03 -9.9990e+03 -9.9990e+03 -9.9990e+03 -9.9990e+03 -9.9990e+03 -9.9990e+03 -9.9990e+03 -9.9990e+03 -9.9990e+03 -9.9990e+03 -9.9990e+03 -9.9990e+03 -9.9990e+03 -9.9990e+03 -9.9990e+03 -9.9990e+03 3.4825e-01 2.9276e-01 2.4092e-01 2.1534e-01 2.1534e-01 2.5267e-01 3.1770e-01 3.8845e-01 4.2491e-01 4.2491e-01 4.1650e-01 4.0281e-01 5.1114e-01 5.0513e-01 4.6937e-01 3.9248e-01 2.8332e-01 5.7152e-02 9.9216e-03 7.1236e-02 7.1236e-02 2.2755e-01 2.7002e-01 1.7851e-01 1.2930e-01 -1.1084e-01 1.0651e-01 -8.0463e-02 -6.9482e-03 4.0051e-02 -2.0479e-01 -2.1836e-01 -2.1836e-01 -2.6368e-01
-9.9990e+03 -9.9990e+03 -9.9990e+03 -9.9990e+03 -9.9990e+03 -9.9990e+03 -9.9990e+03 -9.9990e+03 -9.9990e+03 -9.9990e+03 -9.9990e+03 -9.9990e+03 -9.9990e+03 -9.9990e+03 -9.9990e+03 -9.9990e+03 -9.9990e+03 -9.9990e+03 -9.9990e+03 -9.9990e+03 -9.9990e+03 3.3393e-01 3.3393e-01 2.6415e-01 1.9210e-01 1.9086e-01 2.5053e-01 2.5053e-01 3.4703e-01 4.1864e-01 4.1530e-01 3.8157e-01 4.4288e-01 4.0752e-01 5.1896e-01 4.6645e-01 3.9248e-01 1.4459e-01 -1.1936e-02 -4.5004e-02 6.0166e-03 9.5385e-02 1.9956e-01 2.7002e-01 2.2384e-01 2.0673e-01 2.0168e-01 1.7869e-01 1.3713e-01 2.0486e-01 1.7562e-01 1.7808e-01 1.1748e-01 -4.5586e-02 -1.1593e-01
-9.9990e+03 -9.9990e+03 -9.9990e+03 -9.9990e+03 -9.9990e+03 -9.9990e+03 -9.9990e+03 -9.9990e+03 -9.9990e+03 -9.9990e+03 -9.9990e+03 -9.9990e+03 -9.9990e+03 -9.9990e+03 -9.9990e+03 -9.9990e+03 -9.9990e+03 -9.9990e+03 -9.9990e+03 -9.9990e+03 -9.9990e+03 -9.9990e+03 3.0929e-01 2.3410e-01 2.3410e-01 1.8426e-01 2.1189e-01 2.6505e-01 3.5444e-01 3.9542e-01 3.2999e-01 3.4691e-01 3.0671e-01 2.8365e-01 4.1534e-01 2.7219e-01 3.0116e-01 9.9058e-02 -1.1936e-02 -4.2016e-02 3.9299e-02 3.9299e-02 9.1877e-02 1.4401e-01 1.5949e-01 2.0673e-01 1.3617e-01 1.2075e-01 1.7013e-01 1.8216e-01 2.0634e-01 1.7869e-01 1.7869e-01 1.1544e-01 4.7091e-02
-9.9990e+03 -9.9990e+03 -9.9990e+03 -9.9990e+03 -9.9990e+03 -9.9990e+03 -9.9990e+03 -9.9990e+03 -9.9990e+03 -9.9990e+03 -9.9990e+03 -9.9990e+03 -9.9990e+03 -9.9990e+03 -9.9990e+03 -9.9990e+03 -9.9990e+03 -9.9990e+03 -9.9990e+03 -9.9990e+03 -9.9990e+03 -9.9990e+03 -9.9990e+03 2.7803e-01 2.1679e-01 2.1530e-01 2.1530e-01 2.9259e-01 3.1322e-01 3.5388e-01 2.5608e-01 2.5903e-01 1.4776e-01 1.8829e-01 1.5563e-01 2.7219e-01 1.9336e-01 1.0832e-02 1.0832e-02 -3.9883e-02 -1.1361e-02 6.0638e-02 6.8874e-02 6.8874e-02 7.7723e-02 1.1176e-01 8.9088e-02 1.2075e-01 1.3616e-01 1.0801e-01 1.3779e-01 1.1305e-01 1.2816e-01 8.3186e-02 8.3186e-02
-9.9990e+03 -9.9990e+03 -9.9990e+03 -9.9990e+03 -9.9990e+03 -9.9990e+03 -9.9990e+03 -9.9990e+03 -9.9990e+03 -9.9990e+03 -9.9990e+03 -9.9990e+03 -9.9990e+03 -9.9990e+03 -9.9990e+03 -9.9990e+03 -9.9990e+03 -9.9990e+03 -9.9990e+03 -9.9990e+03 -9.9990e+03 -9.9990e+03 -9.9990e+03 -9.9990e+03 2.8716e-01 2.8486e-01 2.8192e-01 3.8418e-01 3.7349e-01 4.1148e-01 3.2742e-01 1.7046e-01 -4.3582e-02 1.3828e-02 -1.3781e-01 8.2340e-02 1.4902e-01 1.2710e-01 -3.6607e-03 -1.4812e-02 -1.4812e-02 2.6131e-02 4.9901e-02 4.0741e-02 7.7723e-02 4.7220e-02 2.8074e-02 4.5631e-02 6.6974e-02 1.0801e-01 1.0075e-01 1.0075e-01 7.2573e-02 5.6913e-02 5.5422e-02
-9.9990e+03 -9.9990e+03 -9.9990e+03 -9.9990e+03 -9.9990e+03 -9.9990e+03 -9.9990e+03 -9.9990e+03 -9.9990e+03 -9.9990e+03 -9.9990e+03 -9.9990e+03 -9.9990e+03 -9.9990e+03 -9.9990e+03 -9.9990e+03 -9.9990e+03 -9.9990e+03 -9.9990e+03 -9.9990e+03 -9.9990e+03 -9.9990e+03 -9.9990e+03 -9.9990e+03 3.2291e-01 2.8486e-01 3.4139e-01 4.2581e-01 4.4470e-01 4.1510e-01 2.6800e-01 1.7177e-01 1.7479e-02 -2.3775e-01 -1.7357e-01 5.2466e-02 1.1881e-01 1.1881e-01 6.1157e-02 2.0911e-03 1.8861e-03 -6.0225e-03 -6.0225e-03 -2.7847e-02 6.2792e-03 1.9708e-02 2.8074e-02 9.2721e-03 -1.3562e-02 4.1375e-02 4.7050e-02 6.0592e-02 3.5176e-02 3.5176e-02 1.3985e-02
-9.9990e+03 -9.9990e+03 -9.9990e+03 -9.9990e+03 -9.9990e+03 -9.9990e+03 -9.9990e+03 -9.9990e+03 -9.9990e+03 -9.9990e+03 -9.9990e+03 -9.9990e+03 -9.9990e+03 -9.9990e+03 -9.9990e+03 -9.9990e+03 -9.9990e+03 -9.9990e+03 -9.9990e+03 -9.9990e+03 -9.9990e+03 -9.9990e+03 -9.9990e+03 -9.9990e+03 -9.9990e+03 3.6375e-01 3.8496e-01 4.2581e-01 4.4413e-01 4.0339e-01 3.3621e-01 -3.6123e-02 -2.0381e-01 -3.2858e-01 -3.2858e-01 -1.5653e-01 4.9346e-02 9.9694e-02 4.8936e-02 4.8936e-02 -9.4913e-03 -2.0516e-02 -4.7678e-02 -5.6282e-02 -1.3450e-02 -2.9344e-02 -1.0356e-02 -3.9482e-02 -1.3562e-02 1.3222e-02 -3.7286e-03 2.5727e-02 1.6196e-02 5.2145e-03 -1.2313e-02
-9.9990e+03 -9.9990e+03 -9.9990e+03 -9.9990e+03 -9.9990e+03 -9.9990e+03 -9.9990e+03 -9.9990e+03 -9.9990e+03 -9.9990e+03 -9.9990e+03 -9.9990e+03 -9.9990e+03 -9.9990e+03 -9.9990e+03 -9.9990e+03 -9.9990e+03 -9.9990e+03 -9.9990e+03 -9.9990e+03 -9.9990e+03 -9.9990e+03 -9.9990e+03 -9.9990e+03 -9.9990e+03 -9.9990e+03 4.3977e-01 4.1224e-01 4.2723e-01 4.0339e-01 2.9892e-01 1.9889e-01 -2.4217e-01 -4.2461e-01 -3.3567e-01 -1.1720e-01 -1.1720e-01 5.8868e-02 8.6650e-02 2.8952e-02 -3.5757e-02 -3.5757e-02 -8.0870e-02 -8.4158e-02 -7.5725e-02 -5.4299e-02 -4.1116e-02 -6.9631e-02 -6.2786e-02 -5.4487e-02 -3.7286e-03 2.2606e-02 -3.0516e-03 -1.7166e-03 -6.1982e-02
-9.9990e+03 -9.9990e+03 -9.9990e+03 -9.9990e+03 -9.9990e+03 -9.9990e+03 -9.9990e+03 -9.9990e+03 -9.9990e+03 -9.9990e+03 -9.9990e+03 -9.9990e+03 -9.9990e+03 -9.9990e+03 -9.9990e+03 -9.9990e+03 -9.9990e+03 -9.9990e+03 -9.9990e+03 -9.9990e+03 -9.9990e+03 -9.9990e+03 -9.9990e+03 -9.9990e+03 -9.9990e+03 -9.9990e+03 4.3977e-01 4.5799e-01 3.8506e-01 3.5420e-01 1.2987e-01 -2.8813e-02 -3.6995e-01 -3.6995e-01 -3.9998e-01 -2.3124e-01 -6.5930e-02 8.2042e-02 8.2042e-02 7.4437e-02 2.7532e-03 -5.1912e-02 -1.0454e-01 -1.1323e-01 -1.3633e-01 -9.8800e-02 -8.5848e-02 -6.9631e-02 -8.9848e-02 -1.2726e-01 -8.8794e-02 -6.8267e-02 -3.0516e-03 -6.5234e-02 -6.1982e-02
