bias_correction/pipeline/W_2_s_1.3_d_248.asc
ncols        88
nrows        90
xllcorner    2777636
yllcorner    1185112
cellsize     25
NODATA_value -9999
[rows 48 to 71 of 90, columns 0 to 54 of 88]
-9.9990e+03 -9.9990e+03 -9.9990e+03 -9.9990e+03 -9.9990e+03 -9.9990e+03 -9.9990e+03 -9.9990e+03 -9.9990e+03 -9.9990e+03 -9.9990e+03 -9.9990e+03 -9.9990e+03 2.2006e-01 2.2276e-01 1.2448e-01 1.2234e-01 3.0403e-01 3.8332e-01 4.7101e-01 4.7874e-01 5.0500e-01 3.3034e-01 3.1102e-01 2.9669e-01 2.1322e-01 2.1587e-01 2.3054e-01 2.9333e-01 4.6608e-01 6.9903e-01 7.5485e-01 6.2318e-01 2.1536e-01 -2.1141e-02 -1.3052e-01 -1.6993e-01 -1.5170e-01 -1.5054e-01 -7.9015e-02 9.2987e-04 -3.0842e-02 -1.0133e-01 -1.4230e-01 -9.7435e-02 -6.2018e-03 5.8291e-02 7.5820e-02 4.4073e-02 1.3000e-02 1.3000e-02 5.1105e-02 5.1800e-02 4.2853e-02 -4.2291e-02
-9.9990e+03 -9.9990e+03 -9.9990e+03 -9.9990e+03 -9.9990e+03 -9.9990e+03 -9.9990e+03 -9.9990e+03 -9.9990e+03 -9.9990e+03 -9.9990e+03 -9.9990e+03 -9.9990e+03 3.2330e-01 2.2276e-01 2.2891e-01 2.2855e-01 3.4831e-01 3.7691e-01 4.0923e-01 3.2689e-01 3.3423e-01 3.3034e-01 2.1201e-01 2.1243e-01 1.8398e-01 1.9377e-01 2.1008e-01 2.9647e-01 5.0083e-01 6.9903e-01 7.3719e-01 7.6117e-01 4.0229e-01 8.4963e-02 -1.1911e-01 -1.7877e-01 -1.7332e-01 -1.5054e-01 -1.1136e-01 -3.4264e-02 -7.6146e-02 -1.4552e-01 -1.6243e-01 -1.1391e-01 -1.1391e-01 -2.7035e-02 6.8562e-03 4.1183e-02 1.4234e-02 3.6211e-03 2.1601e-02 -1.0677e-02 -1.8995e-02 -4.2291e-02
-9.9990e+03 -9.9990e+03 -9.9990e+03 -9.9990e+03 -9.9990e+03 -9.9990e+03 -9.9990e+03 -9.9990e+03 -9.9990e+03 -9.9990e+03 -9.9990e+03 -9.9990e+03 -9.9990e+03 4.9286e-01 4.0980e-01 3.9746e-01 3.5552e-01 4.1232e-01 3.9156e-01 3.7320e-01 2.2059e-01 2.0631e-01 2.0808e-01 1.8205e-01 1.8034e-01 1.8191e-01 1.8191e-01 1.8124e-01 2.0747e-01 3.2593e-01 5.4004e-01 6.9069e-01 6.5400e-01 2.7553e-01 1.0802e-02 -1.5160e-01 -1.9524e-01 -2.0458e-01 -1.8559e-01 -1.9010e-01 -1.0770e-01 -7.2430e-02 -1.2380e-01 -1.8683e-01 -2.1572e-01 -1.4932e-01 -7.5137e-02 -4.4587e-02 1.2578e-02 -4.0350e-03 -1.6286e-02 -1.7843e-02 -6.0744e-02 -6.0744e-02 -7.2017e-02
-9.9990e+03 -9.9990e+03 -9.9990e+03 -9.9990e+03 -9.9990e+03 -9.9990e+03 -9.9990e+03 -9.9990e+03 -9.9990e+03 -9.9990e+03 -9.9990e+03 -9.9990e+03 -9.9990e+03 5.4721e-01 4.8146e-01 4.6514e-01 4.4383e-01 4.1232e-01 3.4160e-01 2.7477e-01 2.0737e-01 1.6534e-01 1.5658e-01 1.9011e-01 1.9632e-01 1.8510e-01 2.0711e-01 1.8890e-01 2.5046e-01 3.5422e-01 5.4072e-01 5.5988e-01 4.9439e-01 2.7553e-01 1.6701e-01 -3.6914e-02 -1.8863e-01 -2.2634e-01 -2.3024e-01 -1.6564e-01 -8.4935e-02 -7.2430e-02 -1.7617e-01 -2.2503e-01 -2.4593e-01 -1.9623e-01 -1.2705e-01 -8.2718e-02 -8.2718e-02 -2.0945e-02 -4.8946e-02 -5.3213e-02 -9.2877e-02 -9.8466e-02 -1.2405e-01
-9.9990e+03 -9.9990e+03 -9.9990e+03 -9.9990e+03 -9.9990e+03 -9.9990e+03 -9.9990e+03 -9.9990e+03 -9.9990e+03 -9.9990e+03 -9.9990e+03 -9.9990e+03 -9.9990e+03 5.6642e-01 5.1327e-01 4.8075e-01 4.4301e-01 4.2472e-01 2.8322e-01 2.5519e-01 2.0737e-01 1.5762e-01 1.6715e-01 2.3610e-01 2.4405e-01 2.2634e-01 2.3655e-01 2.2004e-01 2.5046e-01 2.8262e-01 3.5637e-01 3.8041e-01 4.1403e-01 3.4485e-01 7.5513e-02 -8.5258e-02 -1.8863e-01 -2.5990e-01 -2.3815e-01 -1.4953e-01 -8.1653e-02 -1.0929e-01 -2.2712e-01 -2.2712e-01 -2.5832e-01 -2.7558e-01 -2.3833e-01 -1.9263e-01 -1.1974e-01 -7.2891e-02 -1.0955e-01 -1.0100e-01 -9.2877e-02 -1.5811e-01 -1.8774e-01
-9.9990e+03 -9.9990e+03 -9.9990e+03 -9.9990e+03 -9.9990e+03 -9.9990e+03 -9.9990e+03 -9.9990e+03 -9.9990e+03 -9.9990e+03 -9.9990e+03 -9.9990e+03 -9.9990e+03 -9.9990e+03 5.4474e-01 4.0139e-01 3.3968e-01 2.9793e-01 1.9636e-01 2.0181e-01 1.7990e-01 1.7382e-01 2.0309e-01 2.7180e-01 2.7180e-01 2.8359e-01 2.8817e-01 2.6325e-01 2.5243e-01 2.6500e-01 3.1254e-01 2.9962e-01 3.0529e-01 2.1936e-01 -7.6938e-03 -1.3201e-01 -2.2180e-01 -2.9099e-01 -2.9099e-01 -2.6291e-01 -1.6404e-01 -1.1501e-01 -2.2974e-01 -2.7132e-01 -2.8709e-01 -3.0063e-01 -2.5516e-01 -2.1045e-01 -1.5575e-01 -1.3087e-01 -1.5952e-01 -1.5952e-01 -1.5099e-01 -2.1352e-01 -2.2321e-01
-9.9990e+03 -9.9990e+03 -9.9990e+03 -9.9990e+03 -9.9990e+03 -9.9990e+03 -9.9990e+03 -9.9990e+03 -9.9990e+03 -9.9990e+03 -9.9990e+03 -9.9990e+03 -9.9990e+03 -9.9990e+03 4.7020e-01 4.0139e-01 2.0347e-01 1.7255e-01 1.6396e-01 1.6396e-01 1.8523e-01 2.0372e-01 2.1627e-01 2.3947e-01 3.0233e-01 3.1750e-01 3.0722e-01 2.6298e-01 2.3981e-01 1.9492e-01 2.4777e-01 2.9962e-01 2.2869e-01 2.2869e-01 5.7381e-02 -6.1865e-02 -1.5300e-01 -2.3033e-01 -2.9962e-01 -2.6291e-01 -2.0538e-01 -1.7938e-01 -3.1252e-01 -3.3077e-01 -3.2450e-01 -3.3116e-01 -3.3116e-01 -2.6951e-01 -2.4150e-01 -1.8682e-01 -1.7079e-01 -1.7735e-01 -1.9516e-01 -2.6369e-01 -2.7259e-01
-9.9990e+03 -9.9990e+03 -9.9990e+03 -9.9990e+03 -9.9990e+03 -9.9990e+03 -9.9990e+03 -9.9990e+03 -9.9990e+03 -9.9990e+03 -9.9990e+03 -9.9990e+03 -9.9990e+03 -9.9990e+03 -9.9990e+03 3.8870e-01 2.3383e-01 1.4143e-01 1.1352e-01 1.5648e-01 1.9174e-01 2.4887e-01 2.6143e-01 2.7043e-01 3.2566e-01 3.4559e-01 3.1282e-01 3.1282e-01 2.1895e-01 9.8477e-02 1.2822e-01 2.0600e-01 2.4401e-01 1.7991e-01 5.9225e-03 -9.4158e-02 -1.4481e-01 -1.8472e-01 -2.8420e-01 -2.7644e-01 -2.6489e-01 -2.6489e-01 -3.8073e-01 -4.1686e-01 -4.0809e-01 -4.1109e-01 -3.6600e-01 -3.0559e-01 -2.7501e-01 -1.9463e-01 -1.4916e-01 -1.7659e-01 -2.2614e-01 -3.0542e-01 -3.0859e-01
-9.9990e+03 -9.9990e+03 -9.9990e+03 -9.9990e+03 -9.9990e+03 -9.9990e+03 -9.9990e+03 -9.9990e+03 -9.9990e+03 -9.9990e+03 -9.9990e+03 -9.9990e+03 -9.9990e+03 -9.9990e+03 -9.9990e+03 3.2120e-01 2.1984e-01 1.3692e-01 1.1352e-01 1.6614e-01 2.2093e-01 2.8308e-01 2.8308e-01 2.9915e-01 3.2119e-01 3.6074e-01 3.6951e-01 2.9077e-01 1.5133e-01 6.5165e-02 1.2888e-01 2.1627e-01 2.5303e-01 1.4288e-01 5.9225e-03 -9.1150e-02 -9.1150e-02 -2.1965e-02 -1.2254e-01 -2.5163e-01 -3.1542e-01 -3.4278e-01 -3.8073e-01 -5.1378e-01 -4.6383e-01 -4.3041e-01 -4.0020e-01 -3.5427e-01 -2.9437e-01 -1.8278e-01 -1.8278e-01 -1.2373e-01 -1.7158e-01 -2.6522e-01 -3.4366e-01
-9.9990e+03 -9.9990e+03 -9.9990e+03 -9.9990e+03 -9.9990e+03 -9.9990e+03 -9.9990e+03 -9.9990e+03 -9.9990e+03 -9.9990e+03 -9.9990e+03 -9.9990e+03 -9.9990e+03 -9.9990e+03 -9.9990e+03 2.9379e-01 2.1339e-01 2.1339e-01 1.4406e-01 1.5616e-01 1.9228e-01 2.6125e-01 2.9487e-01 3.1621e-01 3.1243e-01 3.6631e-01 3.6778e-01 2.4603e-01 1.1190e-01 1.1709e-01 1.9549e-01 1.9549e-01 3.1091e-01 2.6108e-01 1.1604e-01 2.1668e-02 -1.1078e-02 5.8497e-02 -9.8479e-02 -2.5200e-01 -4.1211e-01 -4.6197e-01 -5.0875e-01 -5.8417e-01 -4.9523e-01 -5.3800e-01 -4.6275e-01 -4.4071e-01 -4.0673e-01 -2.8716e-01 -1.5998e-01 -1.0184e-01 -1.6081e-01 -2.6522e-01 -3.9103e-01
-9.9990e+03 -9.9990e+03 -9.9990e+03 -9.9990e+03 -9.9990e+03 -9.9990e+03 -9.9990e+03 -9.9990e+03 -9.9990e+03 -9.9990e+03 -9.9990e+03 -9.9990e+03 -9.9990e+03 -9.9990e+03 -9.9990e+03 -9.9990e+03 2.8457e-01 2.1902e-01 1.7302e-01 2.1236e-01 2.2612e-01 2.6125e-01 2.6860e-01 2.8738e-01 2.7697e-01 3.3584e-01 3.3584e-01 2.9117e-01 2.2135e-01 1.3415e-01 2.0547e-01 2.8004e-01 3.1939e-01 2.4678e-01 1.2072e-01 1.3074e-01 1.1737e-01 5.8497e-02 -1.2756e-01 -1.2756e-01 -4.6655e-01 -5.7103e-01 -5.9948e-01 -6.6995e-01 -6.3484e-01 -5.3800e-01 -5.2637e-01 -4.7439e-01 -3.8336e-01 -2.5986e-01 -1.3797e-01 -8.7733e-02 -1.4878e-01 -1.4878e-01 -3.0436e-01
-9.9990e+03 -9.9990e+03 -9.9990e+03 -9.9990e+03 -9.9990e+03 -9.9990e+03 -9.9990e+03 -9.9990e+03 -9.9990e+03 -9.9990e+03 -9.9990e+03 -9.9990e+03 -9.9990e+03 -9.9990e+03 -9.9990e+03 -9.9990e+03 2.8457e-01 2.5681e-01 2.3251e-01 2.6057e-01 2.4366e-01 2.4366e-01 2.1542e-01 2.2077e-01 2.3931e-01 2.2020e-01 2.7402e-01 2.6566e-01 2.3212e-01 1.8785e-01 2.7097e-01 3.2911e-01 3.1939e-01 2.2369e-01 2.2369e-01 2.3066e-01 2.6023e-01 2.5442e-01 1.4691e-01 -2.0383e-01 -4.6655e-01 -7.2712e-01 -6.8670e-01 -7.1348e-01 -6.9332e-01 -6.1425e-01 -5.8793e-01 -4.8785e-01 -4.8785e-01 -3.6766e-01 -2.4222e-01 -1.5554e-01 -9.3527e-02 -1.5053e-01 -3.1748e-01
-9.9990e+03 -9.9990e+03 -9.9990e+03 -9.9990e+03 -9.9990e+03 -9.9990e+03 -9.9990e+03 -9.9990e+03 -9.9990e+03 -9.9990e+03 -9.9990e+03 -9.9990e+03 -9.9990e+03 -9.9990e+03 -9.9990e+03 -9.9990e+03 -9.9990e+03 4.1408e-01 3.3181e-01 3.2625e-01 2.7221e-01 2.3418e-01 1.8134e-01 1.8141e-01 1.9026e-01 2.0587e-01 2.4329e-01 2.6278e-01 2.5201e-01 2.5201e-01 3.0896e-01 3.2039e-01 3.3047e-01 2.6208e-01 2.2942e-01 2.8947e-01 3.3612e-01 3.3403e-01 1.1397e-01 -3.2402e-01 -6.3755e-01 -8.3950e-01 -7.4942e-01 -8.0742e-01 -7.6202e-01 -7.4646e-01 -7.1562e-01 -6.3189e-01 -5.0956e-01 -3.8830e-01 -2.5505e-01 -2.1013e-01 -1.3938e-01 -1.7930e-01 -3.3855e-01
-9.9990e+03 -9.9990e+03 -9.9990e+03 -9.9990e+03 -9.9990e+03 -9.9990e+03 -9.9990e+03 -9.9990e+03 -9.9990e+03 -9.9990e+03 -9.9990e+03 -9.9990e+03 -9.9990e+03 -9.9990e+03 -9.9990e+03 -9.9990e+03 -9.9990e+03 4.9088e-01 3.8654e-01 3.2625e-01 2.2889e-01 1.9696e-01 1.6852e-01 1.8014e-01 1.8014e-01 2.2898e-01 2.3270e-01 2.4431e-01 2.7941e-01 3.0559e-01 3.7373e-01 3.5423e-01 3.1601e-01 2.6542e-01 2.6455e-01 2.8947e-01 3.9422e-01 3.6497e-01 3.5836e-01 4.1333e-02 -4.5329e-01 -8.4500e-01 -9.0057e-01 -8.0742e-01 -8.3848e-01 -7.8368e-01 -7.2848e-01 -6.5693e-01 -5.4122e-01 -4.6710e-01 -3.1853e-01 -3.1853e-01 -2.9318e-01 -2.2624e-01 -3.7301e-01
-9.9990e+03 -9.9990e+03 -9.9990e+03 -9.9990e+03 -9.9990e+03 -9.9990e+03 -9.9990e+03 -9.9990e+03 -9.9990e+03 -9.9990e+03 -9.9990e+03 -9.9990e+03 -9.9990e+03 -9.9990e+03 -9.9990e+03 -9.9990e+03 -9.9990e+03 5.1104e-01 3.9776e-01 3.9776e-01 2.4283e-01 1.7501e-01 1.6621e-01 1.8290e-01 2.0727e-01 2.7771e-01 2.6550e-01 2.6061e-01 3.0883e-01 3.6343e-01 4.3176e-01 3.9637e-01 3.2462e-01 3.7349e-01 3.1223e-01 3.2520e-01 4.3662e-01 4.4044e-01 2.5955e-01 -7.4173e-02 -5.4001e-01 -7.6836e-01 -8.9958e-01 -8.8372e-01 -8.8494e-01 -8.0451e-01 -7.6906e-01 -7.1534e-01 -6.9080e-01 -6.7464e-01 -5.7303e-01 -4.1748e-01 -4.0275e-01 -3.6704e-01 -5.0524e-01
-9.9990e+03 -9.9990e+03 -9.9990e+03 -9.9990e+03 -9.9990e+03 -9.9990e+03 -9.9990e+03 -9.9990e+03 -9.9990e+03 -9.9990e+03 -9.9990e+03 -9.9990e+03 -9.9990e+03 -9.9990e+03 -9.9990e+03 -9.9990e+03 -9.9990e+03 -9.9990e+03 4.8104e-01 3.6553e-01 2.0112e-01 1.4477e-01 1.6621e-01 2.2405e-01 2.5594e-01 3.1015e-01 2.9827e-01 2.9827e-01 3.3016e-01 3.4159e-01 4.0867e-01 4.7497e-01 4.5382e-01 4.4647e-01 3.8906e-01 4.0280e-01 4.7171e-01 4.2176e-01 2.5955e-01 -1.8554e-01 -5.0491e-01 -3.4221e-01 -5.2681e-01 -7.6692e-01 -7.4897e-01 -8.3415e-01 -7.6906e-01 -6.5320e-01 -6.9149e-01 -6.6055e-01 -6.2900e-01 -4.9948e-01 -5.0720e-01 -5.1071e-01 -5.0524e-01
-9.9990e+03 -9.9990e+03 -9.9990e+03 -9.9990e+03 -9.9990e+03 -9.9990e+03 -9.9990e+03 -9.9990e+03 -9.9990e+03 -9.9990e+03 -9.9990e+03 -9.9990e+03 -9.9990e+03 -9.9990e+03 -9.9990e+03 -9.9990e+03 -9.9990e+03 -9.9990e+03 4.3385e-01 3.2497e-01 1.9349e-01 1.6193e-01 1.6193e-01 2.4845e-01 2.5875e-01 2.8698e-01 3.3999e-01 3.4839e-01 3.8981e-01 3.8666e-01 4.3952e-01 5.1294e-01 5.1186e-01 4.4647e-01 4.5896e-01 4.5886e-01 4.6640e-01 4.3917e-01 3.1129e-01 -8.6988e-02 -2.3694e-01 -3.4221e-01 -2.1244e-01 -4.8684e-01 -4.7218e-01 -6.5083e-01 -6.4236e-01 -4.8918e-01 -5.9572e-01 -6.6055e-01 -5.0399e-01 -5.7277e-01 -4.6505e-01 -5.4532e-01 -5.9575e-01
-9.9990e+03 -9.9990e+03 -9.9990e+03 -9.9990e+03 -9.9990e+03 -9.9990e+03 -9.9990e+03 -9.9990e+03 -9.9990e+03 -9.9990e+03 -9.9990e+03 -9.9990e+03 -9.9990e+03 -9.9990e+03 -9.9990e+03 -9.9990e+03 -9.9990e+03 -9.9990e+03 -9.9990e+03 3.9560e-01 2.8735e-01 2.0508e-01 2.0478e-01 2.7509e-01 2.7754e-01 3.0508e-01 3.7362e-01 4.0875e-01 4.5800e-01 4.5501e-01 4.7569e-01 5.2017e-01 5.4337e-01 5.7017e-01 5.5423e-01 4.9375e-01 3.8053e-01 2.9674e-01 1.1874e-01 -2.0427e-01 -2.0790e-01 -1.3925e-01 2.0488e-02 -1.9030e-01 -2.1186e-01 -2.1186e-01 -3.7444e-01 -2.1115e-01 -2.7027e-01 -3.7468e-01 -2.6715e-01 -3.9163e-01 -3.3530e-01 -4.7441e-01 -5.4988e-01
-9.9990e+03 -9.9990e+03 -9.9990e+03 -9.9990e+03 -9.9990e+03 -9.9990e+03 -9.9990e+03 -9.9990e+03 -9.9990e+03 -9.9990e+03 -9.9990e+03 -9.9990e+03 -9.9990e+03 -9.9990e+03 -9.9990e+03 -9.9990e+03 -9.9990e+03 -9.9990e+03 -9.9990e+03 3.7148e-01 2.8735e-01 2.1575e-01 2.4078e-01 2.7630e-01 2.9140e-01 3.2457e-01 3.5152e-01 3.9946e-01 4.5950e-01 5.1738e-01 5.2765e-01 5.2546e-01 5.4188e-01 5.7703e-01 5.0519e-01 4.5303e-01 3.8053e-01 1.0164e-01 -9.1973e-02 -2.2437e-01 -2.2348e-01 -1.5885e-01 9.0592e-03 6.9281e-02 -1.3444e-02 -4.0794e-02 -1.5358e-01 -8.0041e-02 -1.0038e-01 -1.4507e-01 -5.8546e-02 -1.9548e-01 -3.3530e-01 -2.1045e-01 -3.3675e-01
-9.9990e+03 -9.9990e+03 -9.9990e+03 -9.9990e+03 -9.9990e+03 -9.9990e+03 -9.9990e+03 -9.9990e+03 -9.9990e+03 -9.9990e+03 -9.9990e+03 -9.9990e+03 -9.9990e+03 -9.9990e+03 -9.9990e+03 -9.9990e+03 -9.9990e+03 -9.9990e+03 -9.9990e+03 3.6534e-01 2.8180e-01 2.8185e-01 2.2415e-01 2.1826e-01 2.6205e-01 3.1395e-01 3.8918e-01 4.2793e-01 4.8854e-01 5.2426e-01 5.3662e-01 4.5089e-01 4.6705e-01 5.0735e-01 3.6363e-01 3.7893e-01 3.1533e-01 -2.9466e-02 -1.6006e-01 -2.4349e-01 -1.7589e-01 -1.1180e-01 -3.0817e-02 1.1542e-02 2.0515e-02 1.4548e-02 -4.3719e-02 -3.7932e-02 -3.7932e-02 -2.5624e-02 4.0071e-02 2.3164e-02 -7.4465e-02 -1.3099e-01 -2.1224e-01
-9.9990e+03 -9.9990e+03 -9.9990e+03 -9.9990e+03 -9.9990e+03 -9.9990e+03 -9.9990e+03 -9.9990e+03 -9.9990e+03 -9.9990e+03 -9.9990e+03 -9.9990e+03 -9.9990e+03 -9.9990e+03 -9.9990e+03 -9.9990e+03 -9.9990e+03 -9.9990e+03 -9.9990e+03 -9.9990e+03 3.7858e-01 2.8906e-01 2.1177e-01 2.1826e-01 2.4131e-01 3.3071e-01 4.3380e-01 4.6712e-01 5.0034e-01 5.1462e-01 4.7318e-01 4.5858e-01 3.0822e-01 3.2009e-01 1.8046e-01 2.2914e-01 1.5955e-01 -1.6639e-01 -2.5526e-01 -2.4349e-01 -1.2150e-01 -8.7004e-02 -7.1936e-02 -7.1936e-02 -5.4865e-02 -2.8044e-02 -3.8555e-03 -3.1194e-02 -3.4577e-02 -1.9642e-03 1.4065e-02 8.5216e-03 -4.8595e-02 -1.0226e-01 -1.4625e-01
-9.9990e+03 -9.9990e+03 -9.9990e+03 -9.9990e+03 -9.9990e+03 -9.9990e+03 -9.9990e+03 -9.9990e+03 -9.9990e+03 -9.9990e+03 -9.9990e+03 -9.9990e+03 -9.9990e+03 -9.9990e+03 -9.9990e+03 -9.9990e+03 -9.9990e+03 -9.9990e+03 -9.9990e+03 -9.9990e+03 3.9628e-01 2.8198e-01 1.8070e-01 1.7202e-01 1.3100e-01 2.2422e-01 3.7358e-01 4.9746e-01 5.2976e-01 5.0860e-01 3.9597e-01 3.2616e-01 1.3529e-01 1.2500e-01 -2.3160e-02 8.6761e-02 8.3099e-04 -1.7838e-01 -1.7838e-01 -2.4574e-01 -1.5017e-01 -9.6519e-02 -8.2697e-02 -8.0356e-02 -7.6959e-02 -6.4754e-02 -4.8625e-02 -5.5642e-02 -3.9820e-02 -1.5510e-02 -4.1314e-02 -4.1314e-02 -4.4238e-02 -9.4211e-02 -1.0757e-01
-9.9990e+03 -9.9990e+03 -9.9990e+03 -9.9990e+03 -9.9990e+03 -9.9990e+03 -9.9990e+03 -9.9990e+03 -9.9990e+03 -9.9990e+03 -9.9990e+03 -9.9990e+03 -9.9990e+03 -9.9990e+03 -9.9990e+03 -9.9990e+03 -9.9990e+03 -9.9990e+03 -9.9990e+03 -9.9990e+03 -9.9990e+03 3.9209e-01 2.5900e-01 1.4193e-01 1.1095e-01 2.1963e-01 3.7358e-01 5.5391e-01 5.8470e-01 4.8164e-01 3.0207e-01 1.8841e-01 -1.1318e-01 -1.1318e-01 -1.3907e-01 -1.7238e-01 -5.2678e-02 -5.2307e-02 -1.1878e-01 -1.7744e-01 -1.2683e-01 -9.3990e-02 -8.2697e-02 -7.9657e-02 -8.7337e-02 -9.7993e-02 -9.7993e-02 -8.9847e-02 -9.5261e-02 -5.8958e-02 -5.1506e-02 -8.9835e-02 -9.0473e-02 -1.2234e-01 -1.2325e-01
-9.9990e+03 -9.9990e+03 -9.9990e+03 -9.9990e+03 -9.9990e+03 -9.9990e+03 -9.9990e+03 -9.9990e+03 -9.9990e+03 -9.9990e+03 -9.9990e+03 -9.9990e+03 -9.9990e+03 -9.9990e+03 -9.9990e+03 -9.9990e+03 -9.9990e+03 -9.9990e+03 -9.9990e+03 -9.9990e+03 -9.9990e+03 3.9209e-01 2.1915e-01 1.1313e-01 1.1606e-01 2.2383e-01 3.9509e-01 3.9881e-01 5.7575e-01 5.9718e-01 4.1160e-01 1.9504e-01 -2.1832e-01 -3.2172e-01 -3.0464e-01 -2.1855e-01 -8.7748e-02 -5.2307e-02 -5.4362e-02 -1.2270e-01 -1.1640e-01 -1.1640e-01 -1.0219e-01 -1.0735e-01 -9.6999e-02 -1.0407e-01 -1.2101e-01 -1.2010e-01 -1.3463e-01 -9.6424e-02 -9.2244e-02 -1.0982e-01 -1.2183e-01 -1.2234e-01 -1.4712e-01
