bias_correction/pipeline/W_2_s_1.3_d_248.asc
ncols        88
nrows        90
xllcorner    2777636
yllcorner    1185112
cellsize     25
NODATA_value -9999
[rows 24 to 47 of 90, columns 0 to 54 of 88]
-9.9990e+03 -9.9990e+03 -9.9990e+03 -9.9990e+03 -9.9990e+03 -9.9990e+03 -9.9990e+03 -9.9990e+03 -9.9990e+03 -9.9990e+03 -9.9990e+03 -9.9990e+03 -9.9990e+03 7.6665e-01 8.5485e-01 9.1733e-01 1.0160e+00 1.0722e+00 1.0537e+00 9.4549e-01 7.4415e-01 3.0412e-01 3.0412e-01 4.2022e-01 -2.2600e-01 -7.3846e-01 -6.6028e-01 -6.8262e-01 -4.2754e-01 -2.6300e-01 -2.0042e-01 -2.3295e-01 -2.7446e-01 -1.7889e-01 -1.6598e-01 -1.6199e-01 -2.0991e-01 -1.8592e-01 -1.3134e-01 2.1605e-03 8.0012e-02 8.7895e-02 8.0375e-02 1.1326e-01 2.2317e-01 3.0248e-01 3.1174e-01 3.3912e-01 4.7061e-01 7.5480e-01 8.2904e-01 9.7242e-01 4.8743e-01 -4.2191e-01 -9.1567e-01
-9.9990e+03 -9.9990e+03 -9.9990e+03 -9.9990e+03 -9.9990e+03 -9.9990e+03 -9.9990e+03 -9.9990e+03 -9.9990e+03 -9.9990e+03 -9.9990e+03 -9.9990e+03 -9.9990e+03 6.6251e-01 7.7495e-01 8.0847e-01 9.2830e-01 9.2830e-01 9.6044e-01 1.0340e+00 1.0002e+00 8.1819e-01 7.0907e-01 7.2643e-01 2.5229e-01 -2.8819e-01 -3.0644e-01 -5.4193e-01 -4.2754e-01 -2.2715e-01 -1.5987e-01 -1.7175e-01 -2.4621e-01 -2.8965e-01 -3.3520e-01 -2.5656e-01 -2.0991e-01 -1.8386e-01 -9.9037e-02 1.1137e-02 9.3436e-02 9.9528e-02 7.9220e-02 1.1350e-01 1.1350e-01 2.3704e-01 3.2260e-01 3.6309e-01 3.9517e-01 5.4768e-01 8.7512e-01 9.6594e-01 4.8743e-01 -5.2519e-01 -9.7534e-01
-9.9990e+03 -9.9990e+03 -9.9990e+03 -9.9990e+03 -9.9990e+03 -9.9990e+03 -9.9990e+03 -9.9990e+03 -9.9990e+03 -9.9990e+03 -9.9990e+03 -9.9990e+03 -9.9990e+03 5.3710e-01 5.2163e-01 4.2432e-01 6.0308e-01 7.9815e-01 8.2176e-01 9.0303e-01 8.9930e-01 7.1401e-01 7.8771e-01 8.2620e-01 6.6031e-01 1.9760e-01 5.3793e-01 1.1995e-01 -2.0018e-01 -2.7164e-03 -1.3022e-01 -3.0629e-01 -3.6093e-01 -3.7630e-01 -3.8791e-01 -3.1655e-01 -2.4919e-01 -1.8832e-01 -9.9191e-02 -1.1374e-01 3.2111e-03 1.0000e-01 1.4123e-01 9.6267e-02 1.2473e-01 2.5345e-01 3.3706e-01 3.9225e-01 4.5844e-01 6.2369e-01 8.8887e-01 9.4362e-01 4.2089e-01 4.1775e-01 -4.7334e-01
-9.9990e+03 -9.9990e+03 -9.9990e+03 -9.9990e+03 -9.9990e+03 -9.9990e+03 -9.9990e+03 -9.9990e+03 -9.9990e+03 -9.9990e+03 -9.9990e+03 -9.9990e+03 -9.9990e+03 4.4617e-01 3.5288e-01 4.2432e-01 4.1424e-01 6.2886e-01 6.8732e-01 7.4701e-01 7.4701e-01 6.1595e-01 5.9914e-01 7.3449e-01 8.2666e-01 8.0815e-01 7.0404e-01 4.7689e-01 2.0487e-01 2.1641e-01 -1.2461e-01 -3.0629e-01 -4.6344e-01 -4.2614e-01 -4.4651e-01 -3.9969e-01 -3.4090e-01 -2.6979e-01 -1.9684e-01 -1.1374e-01 8.1019e-03 1.1622e-01 1.5495e-01 1.2161e-01 1.4524e-01 2.7278e-01 3.5132e-01 3.9225e-01 4.1168e-01 4.8065e-01 6.3199e-01 8.6422e-01 9.1524e-01 4.6585e-01 -2.5185e-01
-9.9990e+03 -9.9990e+03 -9.9990e+03 -9.9990e+03 -9.9990e+03 -9.9990e+03 -9.9990e+03 -9.9990e+03 -9.9990e+03 -9.9990e+03 -9.9990e+03 -9.9990e+03 -9.9990e+03 4.3742e-01 2.9506e-01 2.9506e-01 2.3589e-01 3.1552e-01 5.0440e-01 6.2511e-01 6.8286e-01 6.2642e-01 5.8441e-01 6.8378e-01 8.2376e-01 8.4783e-01 7.0404e-01 7.0865e-01 5.4545e-01 7.2232e-01 2.5613e-01 -2.5595e-01 -5.8916e-01 -5.2688e-01 -4.4651e-01 -3.7685e-01 -3.2957e-01 -2.6581e-01 -2.0273e-01 -1.1877e-01 1.5702e-02 1.2957e-01 1.5495e-01 1.5646e-01 1.3840e-01 2.0308e-01 2.8835e-01 3.6121e-01 3.9499e-01 4.5282e-01 6.3199e-01 8.0956e-01 8.6349e-01 5.3933e-01 6.2381e-02
-9.9990e+03 -9.9990e+03 -9.9990e+03 -9.9990e+03 -9.9990e+03 -9.9990e+03 -9.9990e+03 -9.9990e+03 -9.9990e+03 -9.9990e+03 -9.9990e+03 -9.9990e+03 -9.9990e+03 6.7413e-01 4.6619e-01 3.0984e-01 3.1725e-01 3.2277e-01 4.5370e-01 6.1642e-01 6.8370e-01 6.9806e-01 6.5547e-01 7.1406e-01 7.5935e-01 8.0346e-01 8.0480e-01 7.9323e-01 8.4471e-01 7.1664e-01 1.3297e-01 -4.1361e-01 -6.2084e-01 -5.5138e-01 -4.4186e-01 -3.5220e-01 -3.1424e-01 -2.5679e-01 -2.5679e-01 -1.9810e-01 -1.1652e-01 7.6550e-03 1.2223e-01 1.6480e-01 1.6576e-01 2.1629e-01 2.8235e-01 3.5043e-01 3.8074e-01 4.1916e-01 5.8697e-01 5.3743e-01 7.1558e-01 6.6773e-01 5.8076e-01
-9.9990e+03 -9.9990e+03 -9.9990e+03 -9.9990e+03 -9.9990e+03 -9.9990e+03 -9.9990e+03 -9.9990e+03 -9.9990e+03 -9.9990e+03 -9.9990e+03 -9.9990e+03 -9.9990e+03 6.7413e-01 5.1594e-01 3.9337e-01 4.6623e-01 4.2590e-01 4.8170e-01 5.5475e-01 6.3171e-01 7.1387e-01 7.5046e-01 7.2808e-01 7.2794e-01 7.4939e-01 7.7150e-01 8.7092e-01 9.3851e-01 7.1664e-01 -5.5135e-02 -5.1804e-01 -5.3214e-01 -5.6357e-01 -5.1629e-01 -3.7813e-01 -3.3602e-01 -3.0201e-01 -2.3337e-01 -1.9000e-01 -1.3743e-01 -1.5512e-02 1.1017e-01 1.9312e-01 2.0044e-01 2.1629e-01 1.8752e-01 2.3697e-01 3.0956e-01 3.7681e-01 4.0723e-01 4.8994e-01 6.0854e-01 6.6773e-01 5.5048e-01
-9.9990e+03 -9.9990e+03 -9.9990e+03 -9.9990e+03 -9.9990e+03 -9.9990e+03 -9.9990e+03 -9.9990e+03 -9.9990e+03 -9.9990e+03 -9.9990e+03 -9.9990e+03 -9.9990e+03 7.0809e-01 7.1992e-01 5.5981e-01 5.7986e-01 6.0165e-01 5.6397e-01 6.0749e-01 6.4459e-01 7.2270e-01 7.7648e-01 7.3791e-01 6.5216e-01 6.9535e-01 7.9068e-01 8.5671e-01 9.8241e-01 9.7053e-01 3.3791e-01 -2.3458e-01 -4.9572e-01 -4.4771e-01 -4.2304e-01 -3.1719e-01 -3.0976e-01 -2.7619e-01 -2.1990e-01 -2.0078e-01 -1.6508e-01 -1.6508e-01 -2.7791e-02 1.6093e-01 2.2300e-01 2.1691e-01 1.3091e-01 1.8346e-01 2.7863e-01 3.7422e-01 4.0495e-01 4.6765e-01 5.4056e-01 5.8561e-01 4.9206e-01
-9.9990e+03 -9.9990e+03 -9.9990e+03 -9.9990e+03 -9.9990e+03 -9.9990e+03 -9.9990e+03 -9.9990e+03 -9.9990e+03 -9.9990e+03 -9.9990e+03 -9.9990e+03 -9.9990e+03 8.6535e-01 6.7536e-01 5.6473e-01 5.7986e-01 6.6516e-01 6.4231e-01 6.5733e-01 6.9179e-01 7.5733e-01 7.9658e-01 7.7639e-01 6.9974e-01 6.1146e-01 6.9888e-01 9.4572e-01 1.0701e+00 9.0862e-01 7.0134e-02 -4.0477e-01 -4.9572e-01 -3.3795e-01 -3.1029e-01 -2.2501e-01 -2.2501e-01 -2.4936e-01 -2.1519e-01 -2.3714e-01 -2.3355e-01 -1.5199e-01 -2.6539e-03 1.9671e-01 2.3749e-01 1.8737e-01 7.3319e-02 1.3814e-01 2.7863e-01 3.5324e-01 3.5324e-01 3.9483e-01 4.6336e-01 5.0358e-01 4.5875e-01
-9.9990e+03 -9.9990e+03 -9.9990e+03 -9.9990e+03 -9.9990e+03 -9.9990e+03 -9.9990e+03 -9.9990e+03 -9.9990e+03 -9.9990e+03 -9.9990e+03 -9.9990e+03 -9.9990e+03 7.6678e-01 6.2302e-01 5.6725e-01 6.1911e-01 6.1651e-01 6.5726e-01 6.5816e-01 7.1169e-01 7.5867e-01 8.0021e-01 7.3407e-01 6.4127e-01 6.4838e-01 7.6227e-01 1.0131e+00 1.0920e+00 7.5211e-01 -1.3129e-01 -1.3129e-01 -5.0211e-01 -4.3209e-01 -2.7731e-01 -1.2990e-01 -1.2234e-01 -1.7538e-01 -2.0417e-01 -2.5664e-01 -2.4320e-01 -8.6314e-02 5.7252e-02 1.9671e-01 2.0467e-01 2.0358e-01 6.1140e-02 4.2429e-02 1.2158e-01 2.1051e-01 3.0456e-01 3.9483e-01 4.4065e-01 4.6884e-01 3.9184e-01
-9.9990e+03 -9.9990e+03 -9.9990e+03 -9.9990e+03 -9.9990e+03 -9.9990e+03 -9.9990e+03 -9.9990e+03 -9.9990e+03 -9.9990e+03 -9.9990e+03 -9.9990e+03 -9.9990e+03 6.7941e-01 5.8626e-01 5.8883e-01 5.6994e-01 5.9809e-01 6.1377e-01 6.5816e-01 7.5127e-01 8.0338e-01 7.6971e-01 6.9866e-01 6.3383e-01 7.2088e-01 7.2088e-01 8.4210e-01 1.0468e+00 1.0443e+00 3.4466e-01 -2.7570e-01 -5.3906e-01 -4.2073e-01 -2.4501e-01 -1.2990e-01 -3.2251e-02 -1.0634e-01 -1.8895e-01 -1.8895e-01 -2.4022e-01 -9.5114e-02 1.2255e-02 1.2385e-01 1.8121e-01 1.3168e-01 1.3540e-03 4.4213e-02 1.2697e-01 1.7140e-01 2.4180e-01 3.5351e-01 3.8548e-01 3.8548e-01 3.5883e-01
-9.9990e+03 -9.9990e+03 -9.9990e+03 -9.9990e+03 -9.9990e+03 -9.9990e+03 -9.9990e+03 -9.9990e+03 -9.9990e+03 -9.9990e+03 -9.9990e+03 -9.9990e+03 -9.9990e+03 5.4209e-01 5.8626e-01 6.1171e-01 5.9834e-01 5.8808e-01 5.9424e-01 6.6534e-01 6.7492e-01 7.5424e-01 7.9164e-01 7.4591e-01 6.9876e-01 7.1544e-01 7.7123e-01 8.9831e-01 1.0698e+00 9.5515e-01 3.4466e-01 -4.1768e-01 -5.6051e-01 -3.9337e-01 -3.9337e-01 -2.1704e-01 -6.5655e-02 -3.6522e-03 -7.0049e-02 -1.3157e-01 -1.6569e-01 1.3604e-02 1.0184e-01 1.6694e-01 1.1556e-01 3.6387e-02 1.3540e-03 7.6107e-02 7.6107e-02 1.3501e-01 1.4262e-01 1.8306e-01 2.0561e-01 3.0563e-01 3.5883e-01
-9.9990e+03 -9.9990e+03 -9.9990e+03 -9.9990e+03 -9.9990e+03 -9.9990e+03 -9.9990e+03 -9.9990e+03 -9.9990e+03 -9.9990e+03 -9.9990e+03 -9.9990e+03 -9.9990e+03 4.9345e-01 5.6861e-01 5.7783e-01 6.2968e-01 6.1299e-01 6.0182e-01 6.0977e-01 6.4429e-01 6.9102e-01 7.3985e-01 7.3171e-01 7.1503e-01 7.4018e-01 8.0719e-01 9.3563e-01 1.0776e+00 1.0776e+00 7.9923e-01 -1.1689e-01 -5.2879e-01 -5.0345e-01 -3.3616e-01 -1.9672e-01 -8.8040e-02 -4.8206e-03 -3.9818e-02 -4.5305e-02 -5.4320e-02 9.4461e-02 1.5158e-01 1.5158e-01 1.0202e-01 2.2874e-02 -2.2452e-02 5.5450e-02 1.1730e-01 1.4041e-01 1.3045e-01 1.3985e-01 1.5933e-01 2.4057e-01 2.9157e-01
-9.9990e+03 -9.9990e+03 -9.9990e+03 -9.9990e+03 -9.9990e+03 -9.9990e+03 -9.9990e+03 -9.9990e+03 -9.9990e+03 -9.9990e+03 -9.9990e+03 -9.9990e+03 -9.9990e+03 5.5203e-01 5.0092e-01 5.6803e-01 6.0477e-01 6.1299e-01 6.1867e-01 6.2373e-01 6.0490e-01 6.2494e-01 6.9468e-01 7.1165e-01 7.1165e-01 7.1824e-01 7.6641e-01 8.3366e-01 1.0149e+00 1.0579e+00 6.0216e-01 -2.9392e-01 -5.8228e-01 -5.0345e-01 -2.9615e-01 -1.9259e-01 -9.6244e-02 -6.5982e-03 -6.5982e-03 4.6081e-02 3.7331e-02 3.7211e-02 1.2147e-01 1.3487e-01 -1.1895e-03 -4.1570e-02 -2.2470e-02 1.1994e-01 1.5645e-01 1.4041e-01 1.0807e-01 1.0807e-01 9.5437e-02 1.4039e-01 1.8754e-01
-9.9990e+03 -9.9990e+03 -9.9990e+03 -9.9990e+03 -9.9990e+03 -9.9990e+03 -9.9990e+03 -9.9990e+03 -9.9990e+03 -9.9990e+03 -9.9990e+03 -9.9990e+03 -9.9990e+03 5.2368e-01 5.0785e-01 5.3643e-01 5.5355e-01 5.9505e-01 6.1247e-01 6.1247e-01 6.1572e-01 6.1458e-01 6.0351e-01 6.0810e-01 6.5483e-01 7.1025e-01 8.0163e-01 8.7468e-01 1.0494e+00 9.9520e-01 4.1332e-01 -4.0032e-01 -4.0032e-01 -5.9690e-01 -4.5917e-01 -2.8653e-01 -1.5972e-01 -6.2627e-02 1.5850e-02 7.6545e-02 8.2408e-02 8.8191e-02 9.8353e-02 6.6622e-02 -8.0926e-02 -6.5926e-02 -6.5926e-02 6.4997e-02 1.7054e-01 1.8364e-01 1.2376e-01 8.2775e-02 9.1266e-02 1.3063e-01 1.5463e-01
-9.9990e+03 -9.9990e+03 -9.9990e+03 -9.9990e+03 -9.9990e+03 -9.9990e+03 -9.9990e+03 -9.9990e+03 -9.9990e+03 -9.9990e+03 -9.9990e+03 -9.9990e+03 -9.9990e+03 4.6112e-01 4.6112e-01 4.6277e-01 5.1392e-01 5.1829e-01 5.0410e-01 5.6009e-01 6.1572e-01 6.7025e-01 6.1505e-01 5.6448e-01 6.0753e-01 7.0487e-01 8.3617e-01 8.3617e-01 9.3335e-01 1.0691e+00 8.9720e-01 1.7815e-01 -4.0764e-01 -5.8964e-01 -4.7038e-01 -2.8645e-01 -1.5972e-01 -1.1030e-02 4.7923e-02 8.0814e-02 1.0133e-01 1.0133e-01 9.3215e-02 4.1465e-02 -3.2969e-02 -9.7172e-02 -4.9734e-02 9.1133e-02 1.9271e-01 1.9696e-01 1.2008e-01 7.3082e-02 9.1266e-02 1.2252e-01 1.2384e-01
-9.9990e+03 -9.9990e+03 -9.9990e+03 -9.9990e+03 -9.9990e+03 -9.9990e+03 -9.9990e+03 -9.9990e+03 -9.9990e+03 -9.9990e+03 -9.9990e+03 -9.9990e+03 -9.9990e+03 3.3816e-01 3.7867e-01 4.4343e-01 5.0759e-01 4.9805e-01 4.4934e-01 5.1678e-01 6.2883e-01 7.1249e-01 7.1249e-01 6.2724e-01 5.6494e-01 6.0177e-01 7.3913e-01 8.7541e-01 1.0031e+00 1.0693e+00 8.0950e-01 1.7815e-01 -3.5326e-01 -5.6097e-01 -4.4465e-01 -2.7498e-01 -2.7498e-01 -7.4801e-02 2.1407e-02 5.9961e-02 5.3143e-02 8.7502e-02 5.0592e-02 -7.8912e-03 -7.6469e-02 -5.4120e-02 -1.1259e-02 9.1133e-02 1.8854e-01 1.9699e-01 1.9337e-01 1.3172e-01 8.3894e-02 1.0007e-01 1.0937e-01
-9.9990e+03 -9.9990e+03 -9.9990e+03 -9.9990e+03 -9.9990e+03 -9.9990e+03 -9.9990e+03 -9.9990e+03 -9.9990e+03 -9.9990e+03 -9.9990e+03 -9.9990e+03 -9.9990e+03 2.9730e-01 3.3904e-01 4.4343e-01 4.8679e-01 4.8679e-01 4.4335e-01 4.3577e-01 5.0515e-01 6.3662e-01 7.0301e-01 6.2948e-01 5.9168e-01 6.4052e-01 7.5476e-01 9.0267e-01 1.0427e+00 1.0278e+00 7.3341e-01 7.3341e-01 2.3316e-01 -2.3446e-01 -3.1964e-01 -3.5120e-01 -2.3495e-01 -6.4938e-02 4.6625e-03 2.9025e-02 9.2226e-03 5.2762e-02 9.4714e-03 -2.8755e-02 -2.8755e-02 -1.6248e-02 6.5644e-04 2.1940e-02 9.6313e-02 1.7157e-01 1.8489e-01 1.4618e-01 1.0120e-01 9.6505e-02 9.6945e-02
-9.9990e+03 -9.9990e+03 -9.9990e+03 -9.9990e+03 -9.9990e+03 -9.9990e+03 -9.9990e+03 -9.9990e+03 -9.9990e+03 -9.9990e+03 -9.9990e+03 -9.9990e+03 -9.9990e+03 2.9381e-01 3.1439e-01 3.4581e-01 3.9220e-01 4.3626e-01 4.4335e-01 4.5400e-01 5.0793e-01 5.5387e-01 6.0628e-01 6.0040e-01 6.1879e-01 6.6966e-01 6.6966e-01 7.4340e-01 9.0174e-01 9.4353e-01 9.2893e-01 6.6960e-01 3.1899e-01 -5.5728e-02 -3.1964e-01 -2.3030e-01 -1.8014e-01 -6.2666e-02 -4.2353e-02 -4.2353e-02 -8.8134e-02 -3.5337e-02 1.0942e-02 -2.2071e-02 -2.9626e-02 1.7200e-02 3.8150e-02 4.8821e-02 9.9782e-02 1.5556e-01 1.8489e-01 1.4773e-01 1.1117e-01 1.1031e-01 9.2604e-02
-9.9990e+03 -9.9990e+03 -9.9990e+03 -9.9990e+03 -9.9990e+03 -9.9990e+03 -9.9990e+03 -9.9990e+03 -9.9990e+03 -9.9990e+03 -9.9990e+03 -9.9990e+03 -9.9990e+03 3.2217e-01 3.5923e-01 3.5898e-01 3.4243e-01 4.0284e-01 4.3778e-01 5.0058e-01 5.0058e-01 5.0698e-01 5.3075e-01 5.5975e-01 5.3534e-01 6.0021e-01 6.6331e-01 6.7749e-01 8.2290e-01 7.8077e-01 7.7895e-01 6.2141e-01 3.9887e-01 1.3164e-01 1.3164e-01 1.4707e-02 -1.0803e-01 -4.8340e-02 -5.7313e-02 -9.1660e-02 -1.1911e-01 -7.1365e-02 -2.6286e-02 -3.3813e-02 -1.8412e-02 2.9562e-02 5.7390e-02 7.2569e-02 8.5232e-02 1.0832e-01 1.4546e-01 1.4660e-01 1.3554e-01 1.0687e-01 9.4778e-02
-9.9990e+03 -9.9990e+03 -9.9990e+03 -9.9990e+03 -9.9990e+03 -9.9990e+03 -9.9990e+03 -9.9990e+03 -9.9990e+03 -9.9990e+03 -9.9990e+03 -9.9990e+03 -9.9990e+03 3.2217e-01 3.5330e-01 3.5330e-01 2.6571e-01 3.3168e-01 4.3269e-01 5.1688e-01 5.1677e-01 5.0698e-01 5.1466e-01 5.1777e-01 4.7701e-01 5.1331e-01 5.8365e-01 5.9945e-01 7.0735e-01 7.0735e-01 6.2557e-01 6.4823e-01 5.6224e-01 4.4522e-01 2.4151e-01 4.8700e-02 -3.3271e-02 -4.8340e-02 -2.9089e-02 -1.0282e-01 -1.0914e-01 -8.9821e-02 -5.2531e-02 -7.2302e-02 -3.8017e-02 -9.7159e-03 3.8275e-02 6.7157e-02 8.9674e-02 1.1031e-01 1.3441e-01 1.2600e-01 1.1958e-01 1.0687e-01 9.5301e-02
-9.9990e+03 -9.9990e+03 -9.9990e+03 -9.9990e+03 -9.9990e+03 -9.9990e+03 -9.9990e+03 -9.9990e+03 -9.9990e+03 -9.9990e+03 -9.9990e+03 -9.9990e+03 -9.9990e+03 1.9413e-01 2.1606e-01 2.5496e-01 1.8873e-01 3.0490e-01 4.4843e-01 5.4051e-01 5.3972e-01 5.1732e-01 5.5318e-01 5.2792e-01 4.9025e-01 4.1968e-01 4.1285e-01 4.2178e-01 5.4054e-01 5.9997e-01 5.5593e-01 5.8640e-01 5.4858e-01 4.1556e-01 2.2576e-01 -1.1407e-02 -2.3588e-02 -4.0913e-03 2.2809e-02 2.1249e-02 -4.9289e-03 -7.9257e-02 -1.0100e-01 -8.4270e-02 -3.4787e-02 2.4706e-03 6.0678e-02 7.5824e-02 8.9674e-02 9.6804e-02 1.1815e-01 1.0666e-01 1.1603e-01 1.0766e-01 7.8624e-02
-9.9990e+03 -9.9990e+03 -9.9990e+03 -9.9990e+03 -9.9990e+03 -9.9990e+03 -9.9990e+03 -9.9990e+03 -9.9990e+03 -9.9990e+03 -9.9990e+03 -9.9990e+03 -9.9990e+03 1.5240e-01 1.2947e-01 1.4112e-01 1.8873e-01 3.2048e-01 4.6409e-01 4.7953e-01 5.7542e-01 6.0101e-01 5.8540e-01 5.4197e-01 4.9025e-01 3.3714e-01 3.3703e-01 3.6095e-01 4.8322e-01 5.4696e-01 5.8849e-01 6.0189e-01 6.0189e-01 4.9132e-01 3.1274e-01 -2.5828e-02 -9.4408e-02 -4.6422e-02 1.7955e-02 5.4466e-02 -4.9289e-03 -5.9747e-02 -1.1226e-01 -8.9977e-02 -2.1699e-02 3.1075e-02 6.9151e-02 8.8234e-02 7.9692e-02 5.3120e-02 7.7608e-02 1.0233e-01 1.1032e-01 9.1184e-02 2.8067e-02
-9.9990e+03 -9.9990e+03 -9.9990e+03 -9.9990e+03 -9.9990e+03 -9.9990e+03 -9.9990e+03 -9.9990e+03 -9.9990e+03 -9.9990e+03 -9.9990e+03 -9.9990e+03 -9.9990e+03 1.1691e-01 1.4891e-01 7.8428e-02 7.8915e-02 2.1776e-01 3.3864e-01 4.7953e-01 5.7180e-01 6.1663e-01 4.7379e-01 4.4131e-01 3.9239e-01 2.5721e-01 2.6696e-01 2.6696e-01 3.1497e-01 4.5203e-01 6.1244e-01 6.8095e-01 6.3427e-01 3.8082e-01 1.5114e-01 -2.5828e-02 -1.3643e-01 -6.9001e-02 -2.2438e-02 4.7171e-02 2.2748e-02 6.7433e-03 -6.9386e-02 -1.2629e-01 -9.1780e-02 -6.1179e-03 7.7335e-02 9.2523e-02 6.8799e-02 2.7050e-02 6.4652e-02 1.0233e-01 9.1185e-02 5.1492e-02 -3.1525e-02
