bias_correction/pipeline/W_3_s_1.1_d_221.asc
ncols        88
nrows        90
xllcorner    2777636
yllcorner    1185112
cellsize     25
NODATA_value -9999
[rows 24 to 47 of 90, columns 0 to 54 of 88]
-9.9990e+03 -9.9990e+03 -9.9990e+03 -9.9990e+03 -9.9990e+03 -9.9990e+03 -9.9990e+03 -9.9990e+03 -9.9990e+03 -9.9990e+03 -9.9990e+03 -9.9990e+03 -9.9990e+03 -9.9990e+03 -9.9990e+03 -9.9990e+03 -9.9990e+03 -9.9990e+03 -9.9990e+03 -9.9990e+03 -9.9990e+03 3.8166e-01 4.9203e-01 -2.5908e-01 -1.0003e+00 -9.0827e-01 -1.0410e+00 -9.9305e-01 -9.2383e-01 -7.6788e-01 -7.3151e-01 -7.3151e-01 -7.2998e-01 -5.5596e-01 -2.2236e-01 -2.8025e-01 1.4787e-01 6.1789e-01 4.5585e-01 5.4484e-01 7.0820e-01 7.4296e-01 4.6255e-01 4.6255e-01 6.0242e-01 4.6913e-01 3.6739e-01 3.6936e-01 4.2617e-01 6.1508e-01 6.8320e-01 6.8094e-01 2.9001e-01 -4.2857e-01 -7.3576e-01
-9.9990e+03 -9.9990e+03 -9.9990e+03 -9.9990e+03 -9.9990e+03 -9.9990e+03 -9.9990e+03 -9.9990e+03 -9.9990e+03 -9.9990e+03 -9.9990e+03 -9.9990e+03 -9.9990e+03 -9.9990e+03 -9.9990e+03 -9.9990e+03 -9.9990e+03 -9.9990e+03 -9.9990e+03 -9.9990e+03 4.9629e-01 5.9184e-01 4.9203e-01 5.3012e-01 -1.9426e-01 -8.1588e-01 -8.1588e-01 -9.2169e-01 -8.3465e-01 -7.1473e-01 -7.3255e-01 -6.5440e-01 -4.1364e-01 -2.0105e-01 -2.2236e-01 1.6411e-01 5.2044e-01 2.8023e-01 2.8023e-01 5.0281e-01 5.5521e-01 4.8881e-01 4.2895e-01 3.8542e-01 2.8697e-01 3.6053e-01 3.6053e-01 3.9721e-01 4.3410e-01 4.4032e-01 6.2595e-01 6.8094e-01 6.9881e-01 -3.2607e-01 -7.3576e-01
-9.9990e+03 -9.9990e+03 -9.9990e+03 -9.9990e+03 -9.9990e+03 -9.9990e+03 -9.9990e+03 -9.9990e+03 -9.9990e+03 -9.9990e+03 -9.9990e+03 -9.9990e+03 -9.9990e+03 -9.9990e+03 -9.9990e+03 -9.9990e+03 -9.9990e+03 -9.9990e+03 -9.9990e+03 2.2413e-01 4.9629e-01 4.0007e-01 5.5570e-01 4.5795e-01 4.5795e-01 -1.6058e-01 -6.8588e-01 -4.4977e-01 -7.8948e-01 -5.3781e-01 -4.8326e-01 -3.4094e-01 -3.4094e-01 -1.6276e-01 9.7826e-02 2.2185e-01 3.6139e-01 1.2344e-01 4.0125e-02 3.5057e-01 4.6171e-01 4.6171e-01 3.9159e-01 1.8945e-01 1.9035e-01 2.9106e-01 4.1301e-01 3.3519e-01 3.3240e-01 4.4032e-01 5.9412e-01 9.8369e-01 3.9006e-01 3.9006e-01 -6.5866e-01
-9.9990e+03 -9.9990e+03 -9.9990e+03 -9.9990e+03 -9.9990e+03 -9.9990e+03 -9.9990e+03 -9.9990e+03 -9.9990e+03 -9.9990e+03 -9.9990e+03 -9.9990e+03 -9.9990e+03 -9.9990e+03 -9.9990e+03 -9.9990e+03 -9.9990e+03 -9.9990e+03 -2.6008e-02 -2.6008e-02 1.5723e-01 1.0982e-01 2.5135e-01 4.5662e-01 4.2759e-01 4.3531e-01 1.4889e-01 1.4889e-01 -1.0659e-01 -2.0938e-01 -2.2787e-02 -2.4476e-01 -1.2456e-01 3.5484e-02 1.4069e-01 2.2185e-01 -1.3054e-01 -1.5236e-01 1.4881e-01 1.4881e-01 3.6935e-01 3.8833e-01 2.2600e-01 1.9893e-01 1.9035e-01 2.7936e-01 3.1378e-01 3.3519e-01 3.1317e-01 4.3908e-01 8.9161e-01 8.9161e-01 9.4803e-01 7.7623e-01 -2.0880e-01
-9.9990e+03 -9.9990e+03 -9.9990e+03 -9.9990e+03 -9.9990e+03 -9.9990e+03 -9.9990e+03 -9.9990e+03 -9.9990e+03 -9.9990e+03 -9.9990e+03 -9.9990e+03 -9.9990e+03 -9.9990e+03 -9.9990e+03 -9.9990e+03 -9.9990e+03 -9.9990e+03 -1.7204e-01 -2.4399e-02 7.5804e-02 1.0982e-01 1.7432e-01 3.3021e-01 5.1655e-01 6.5998e-01 5.6489e-01 4.5457e-01 6.7294e-01 3.6165e-01 -2.2787e-02 -2.3358e-02 -3.2939e-02 7.1422e-02 7.1422e-02 -1.4232e-01 -2.2004e-01 -1.0397e-01 -3.7530e-03 2.4795e-01 2.4457e-01 2.2511e-01 2.2600e-01 2.2489e-01 2.6325e-01 1.9600e-01 2.4001e-01 2.8744e-01 3.2062e-01 5.6591e-01 7.1115e-01 8.7939e-01 9.5982e-01 5.3116e-01 5.3116e-01
-9.9990e+03 -9.9990e+03 -9.9990e+03 -9.9990e+03 -9.9990e+03 -9.9990e+03 -9.9990e+03 -9.9990e+03 -9.9990e+03 -9.9990e+03 -9.9990e+03 -9.9990e+03 -9.9990e+03 -9.9990e+03 -9.9990e+03 -9.9990e+03 -9.9990e+03 -4.7826e-02 6.9827e-02 1.9811e-01 1.9811e-01 2.8926e-01 3.7772e-01 6.0403e-01 5.2205e-01 6.5998e-01 7.7222e-01 8.1048e-01 6.7294e-01 7.1342e-01 2.6412e-01 -7.2087e-02 -7.2087e-02 -4.8227e-02 -1.1545e-01 -2.5763e-01 -2.7741e-01 -1.9701e-01 -2.3306e-02 1.2187e-01 1.2187e-01 1.5583e-01 2.5207e-01 3.2854e-01 2.2463e-01 1.9600e-01 1.6703e-01 2.5194e-01 4.7037e-01 4.7037e-01 6.9153e-01 8.4772e-01 7.3106e-01 8.0405e-01 4.1027e-01
-9.9990e+03 -9.9990e+03 -9.9990e+03 -9.9990e+03 -9.9990e+03 -9.9990e+03 -9.9990e+03 -9.9990e+03 -9.9990e+03 -9.9990e+03 -9.9990e+03 -9.9990e+03 -9.9990e+03 -9.9990e+03 -9.9990e+03 -9.9990e+03 1.8493e-01 1.8998e-01 4.2552e-01 3.1363e-01 4.6396e-01 6.8897e-01 7.1406e-01 6.0403e-01 7.3955e-01 7.8848e-01 8.0965e-01 8.0965e-01 8.4165e-01 7.8465e-01 3.5882e-01 8.2903e-02 -4.8278e-02 -1.7489e-01 -2.3168e-01 -2.3168e-01 -1.5479e-01 -1.5756e-01 -2.0135e-01 -6.2238e-02 4.7869e-02 6.6390e-02 2.9290e-01 3.2854e-01 2.7070e-01 1.8895e-01 2.1811e-01 2.1811e-01 3.9517e-01 5.5932e-01 5.3418e-01 6.8164e-01 7.3106e-01 6.0968e-01 5.5899e-01
-9.9990e+03 -9.9990e+03 -9.9990e+03 -9.9990e+03 -9.9990e+03 -9.9990e+03 -9.9990e+03 -9.9990e+03 -9.9990e+03 -9.9990e+03 -9.9990e+03 -9.9990e+03 -9.9990e+03 -9.9990e+03 -9.9990e+03 4.2428e-01 5.6615e-01 3.5597e-01 4.2552e-01 6.2188e-01 7.3083e-01 7.3083e-01 7.8421e-01 7.6356e-01 7.2674e-01 7.6951e-01 7.9117e-01 7.9141e-01 8.2345e-01 7.8465e-01 6.2019e-01 1.2848e-01 -1.1853e-01 -1.0382e-01 -1.6017e-01 -4.7424e-02 -4.8085e-03 -2.2485e-01 -2.0135e-01 -2.2350e-01 -7.9101e-02 1.6584e-01 1.6584e-01 2.7715e-01 2.4251e-01 2.5657e-01 2.0367e-01 3.3062e-01 3.7308e-01 4.2570e-01 5.3418e-01 4.9239e-01 5.5469e-01 4.9713e-01 5.0421e-01
-9.9990e+03 -9.9990e+03 -9.9990e+03 -9.9990e+03 -9.9990e+03 -9.9990e+03 -9.9990e+03 -9.9990e+03 -9.9990e+03 -9.9990e+03 -9.9990e+03 -9.9990e+03 -9.9990e+03 -9.9990e+03 7.4017e-01 6.9357e-01 6.9357e-01 7.5957e-01 7.3508e-01 7.9687e-01 7.5096e-01 8.0979e-01 8.1514e-01 7.3639e-01 7.2674e-01 6.8594e-01 7.3619e-01 8.1331e-01 8.1331e-01 7.4451e-01 3.2030e-01 6.9034e-02 -2.7576e-02 -1.0382e-01 1.7947e-02 8.5017e-02 -4.8085e-03 -8.6772e-02 -2.5587e-01 -1.7570e-01 -1.7570e-01 -3.3041e-02 -1.9541e-02 2.1780e-01 2.8043e-01 3.3042e-01 2.8661e-01 3.2817e-01 3.2817e-01 3.5132e-01 3.9548e-01 4.1841e-01 4.8773e-01 4.9713e-01 4.3950e-01
-9.9990e+03 -9.9990e+03 -9.9990e+03 -9.9990e+03 -9.9990e+03 -9.9990e+03 -9.9990e+03 -9.9990e+03 -9.9990e+03 -9.9990e+03 -9.9990e+03 -9.9990e+03 -9.9990e+03 8.1857e-01 8.1857e-01 7.4471e-01 7.8536e-01 7.9196e-01 8.0173e-01 7.9687e-01 7.8746e-01 8.2178e-01 7.8105e-01 7.8105e-01 6.8909e-01 6.7471e-01 7.1346e-01 7.8072e-01 8.1135e-01 7.1639e-01 2.1336e-01 6.9034e-02 -6.0079e-02 6.4657e-03 7.4961e-02 9.7274e-02 1.3316e-01 1.0972e-01 -1.5573e-01 -2.2781e-01 -1.9457e-01 -1.3063e-01 6.1461e-02 6.1461e-02 2.8701e-01 3.2272e-01 2.3655e-01 2.5065e-01 2.9089e-01 2.9016e-01 3.5429e-01 4.1841e-01 4.2950e-01 4.5418e-01 3.7924e-01
-9.9990e+03 -9.9990e+03 -9.9990e+03 -9.9990e+03 -9.9990e+03 -9.9990e+03 -9.9990e+03 -9.9990e+03 -9.9990e+03 -9.9990e+03 -9.9990e+03 -9.9990e+03 -9.9990e+03 8.5742e-01 7.8019e-01 7.5820e-01 7.3869e-01 7.9196e-01 7.5712e-01 7.6168e-01 7.9265e-01 7.9265e-01 8.0680e-01 7.3943e-01 7.0281e-01 6.6557e-01 6.8721e-01 7.9577e-01 8.4885e-01 8.4885e-01 4.8731e-01 -3.4394e-02 -1.5367e-01 -5.2876e-02 7.4961e-02 1.7643e-01 1.9048e-01 9.6875e-02 9.6875e-02 -1.4563e-01 -1.6981e-01 -7.7760e-02 -4.5541e-02 1.7644e-01 2.3713e-01 2.1946e-01 2.3655e-01 1.7272e-01 2.2574e-01 3.1280e-01 3.1280e-01 3.5554e-01 3.9839e-01 3.8270e-01 4.1798e-01
-9.9990e+03 -9.9990e+03 -9.9990e+03 -9.9990e+03 -9.9990e+03 -9.9990e+03 -9.9990e+03 -9.9990e+03 -9.9990e+03 -9.9990e+03 -9.9990e+03 -9.9990e+03 -9.9990e+03 7.9246e-01 7.5828e-01 7.2782e-01 7.2782e-01 7.0378e-01 6.7425e-01 7.0789e-01 7.4843e-01 7.3517e-01 7.5365e-01 7.2862e-01 7.2862e-01 6.8950e-01 7.4707e-01 8.1620e-01 8.6760e-01 7.5481e-01 5.2116e-01 -8.2651e-02 -1.5367e-01 -1.7048e-01 6.8955e-02 2.2239e-01 2.2239e-01 1.8936e-01 3.1259e-02 -8.5121e-02 -1.6910e-01 -7.7760e-02 6.1530e-02 1.8159e-01 2.3713e-01 1.9040e-01 1.6169e-01 1.8340e-01 1.8340e-01 2.5979e-01 2.5897e-01 2.6067e-01 3.2458e-01 3.0474e-01 3.7464e-01
-9.9990e+03 -9.9990e+03 -9.9990e+03 -9.9990e+03 -9.9990e+03 -9.9990e+03 -9.9990e+03 -9.9990e+03 -9.9990e+03 -9.9990e+03 -9.9990e+03 -9.9990e+03 -9.9990e+03 6.8926e-01 7.2881e-01 7.3560e-01 7.1443e-01 6.6212e-01 6.7425e-01 6.7449e-01 6.9381e-01 7.0525e-01 7.0525e-01 7.2109e-01 6.9212e-01 6.8408e-01 7.5558e-01 8.1620e-01 8.5871e-01 7.6007e-01 2.1340e-01 2.1340e-01 -2.1758e-01 -1.1542e-01 -5.3279e-02 1.3454e-01 2.1990e-01 2.3517e-01 3.2597e-02 -8.5121e-02 -9.8901e-02 9.6460e-03 1.0432e-01 1.4706e-01 1.7085e-01 1.2431e-01 1.5328e-01 1.6696e-01 2.0802e-01 2.2556e-01 2.2372e-01 2.2372e-01 2.3125e-01 2.9340e-01 2.5474e-01
-9.9990e+03 -9.9990e+03 -9.9990e+03 -9.9990e+03 -9.9990e+03 -9.9990e+03 -9.9990e+03 -9.9990e+03 -9.9990e+03 -9.9990e+03 -9.9990e+03 -9.9990e+03 -9.9990e+03 6.8926e-01 6.7673e-01 7.0382e-01 6.6937e-01 6.6937e-01 6.5786e-01 6.5994e-01 6.1740e-01 6.5142e-01 6.7613e-01 6.4148e-01 6.5795e-01 6.8408e-01 7.0222e-01 8.0224e-01 8.5099e-01 8.5099e-01 5.2014e-01 -7.6250e-02 -2.2225e-01 -2.3371e-01 -1.9290e-01 1.8596e-02 2.1714e-01 2.1714e-01 1.2610e-01 -1.6701e-02 2.1894e-02 -1.9424e-02 1.0432e-01 1.4643e-01 1.0979e-01 1.0424e-01 1.0424e-01 2.0458e-01 2.2673e-01 2.1688e-01 2.0187e-01 1.8810e-01 1.7431e-01 2.0322e-01 2.5474e-01
-9.9990e+03 -9.9990e+03 -9.9990e+03 -9.9990e+03 -9.9990e+03 -9.9990e+03 -9.9990e+03 -9.9990e+03 -9.9990e+03 -9.9990e+03 -9.9990e+03 -9.9990e+03 -9.9990e+03 6.3342e-01 6.6593e-01 6.2722e-01 6.5451e-01 6.3850e-01 6.3132e-01 6.2804e-01 6.1740e-01 5.8338e-01 5.8998e-01 6.2040e-01 6.2040e-01 6.5993e-01 6.9563e-01 8.0000e-01 8.4388e-01 8.5230e-01 5.4205e-01 -7.6502e-02 -7.6502e-02 -2.4416e-01 -8.6848e-02 6.3652e-02 1.4554e-01 9.0476e-02 8.1790e-02 8.4452e-02 2.1894e-02 1.2341e-01 1.5466e-01 1.2017e-01 1.2017e-01 3.4210e-02 1.4574e-01 1.8638e-01 2.3581e-01 2.1688e-01 1.8478e-01 1.3539e-01 1.7431e-01 1.7689e-01 1.9139e-01
-9.9990e+03 -9.9990e+03 -9.9990e+03 -9.9990e+03 -9.9990e+03 -9.9990e+03 -9.9990e+03 -9.9990e+03 -9.9990e+03 -9.9990e+03 -9.9990e+03 -9.9990e+03 -9.9990e+03 5.1995e-01 6.1954e-01 6.2722e-01 5.9118e-01 5.8825e-01 5.8825e-01 6.3279e-01 6.1467e-01 6.0964e-01 5.6304e-01 5.7707e-01 5.8126e-01 6.6010e-01 6.9563e-01 7.4539e-01 8.5405e-01 7.8602e-01 7.8602e-01 2.5848e-01 -2.1439e-01 -1.7931e-01 1.2585e-04 6.3652e-02 -2.8554e-01 -2.8630e-02 1.1534e-01 1.1534e-01 1.9971e-01 2.0357e-01 1.9909e-01 1.5193e-01 3.7235e-02 -1.1166e-02 4.6262e-02 4.6262e-02 2.2395e-01 2.3491e-01 2.2549e-01 1.5035e-01 1.3817e-01 1.5743e-01 1.8017e-01
-9.9990e+03 -9.9990e+03 -9.9990e+03 -9.9990e+03 -9.9990e+03 -9.9990e+03 -9.9990e+03 -9.9990e+03 -9.9990e+03 -9.9990e+03 -9.9990e+03 -9.9990e+03 -9.9990e+03 4.0585e-01 5.2191e-01 5.9266e-01 5.6219e-01 5.6625e-01 5.9642e-01 6.3045e-01 6.9170e-01 6.0964e-01 6.1766e-01 5.5204e-01 6.1336e-01 6.1336e-01 7.1313e-01 8.0503e-01 8.4904e-01 8.7460e-01 6.4079e-01 4.2804e-01 5.6773e-03 -1.7931e-01 -2.2985e-02 -4.7145e-01 -1.3473e-01 -1.3473e-01 8.2792e-02 1.7557e-01 2.3521e-01 2.4557e-01 2.4082e-01 1.6959e-01 5.0465e-02 5.0465e-02 -2.8813e-02 1.0525e-01 1.9848e-01 2.5626e-01 2.2549e-01 1.9494e-01 1.4718e-01 1.7406e-01 1.7406e-01
-9.9990e+03 -9.9990e+03 -9.9990e+03 -9.9990e+03 -9.9990e+03 -9.9990e+03 -9.9990e+03 -9.9990e+03 -9.9990e+03 -9.9990e+03 -9.9990e+03 -9.9990e+03 -9.9990e+03 4.0306e-01 4.1466e-01 5.2820e-01 5.6219e-01 5.3030e-01 5.7384e-01 6.6930e-01 6.6930e-01 7.1434e-01 6.0579e-01 5.4383e-01 5.5754e-01 6.6372e-01 6.9267e-01 7.9129e-01 8.4904e-01 8.5557e-01 7.3700e-01 6.5833e-01 3.2727e-01 8.9580e-02 -4.9100e-01 -2.7708e-01 -2.5117e-01 -2.1734e-02 1.1089e-01 1.5843e-01 1.5843e-01 2.2845e-01 2.1951e-01 1.7288e-01 1.1854e-01 -1.4216e-02 -4.3632e-03 1.0931e-01 1.9848e-01 2.8275e-01 2.8139e-01 1.8266e-01 1.8266e-01 1.6760e-01 1.7908e-01
-9.9990e+03 -9.9990e+03 -9.9990e+03 -9.9990e+03 -9.9990e+03 -9.9990e+03 -9.9990e+03 -9.9990e+03 -9.9990e+03 -9.9990e+03 -9.9990e+03 -9.9990e+03 -9.9990e+03 3.3147e-01 4.1466e-01 4.0499e-01 4.7683e-01 5.1489e-01 5.1489e-01 5.8044e-01 6.7351e-01 6.1550e-01 6.7433e-01 5.4571e-01 4.6070e-01 5.3618e-01 5.3618e-01 6.6879e-01 7.8476e-01 7.5190e-01 8.1434e-01 6.5833e-01 7.4254e-01 -1.2577e-01 -4.9100e-01 -1.7451e-01 1.4393e-02 1.3316e-01 6.0653e-02 6.1331e-02 1.3470e-01 1.3475e-01 1.8215e-01 1.7288e-01 4.8156e-02 -5.1255e-03 7.5671e-02 7.5671e-02 2.2698e-01 3.0962e-01 3.0071e-01 2.6311e-01 1.8940e-01 1.8408e-01 1.5454e-01
-9.9990e+03 -9.9990e+03 -9.9990e+03 -9.9990e+03 -9.9990e+03 -9.9990e+03 -9.9990e+03 -9.9990e+03 -9.9990e+03 -9.9990e+03 -9.9990e+03 -9.9990e+03 -9.9990e+03 3.3857e-01 3.4905e-01 3.4145e-01 3.7673e-01 4.5672e-01 4.1508e-01 4.1379e-01 4.6731e-01 4.6731e-01 4.8919e-01 3.9431e-01 2.6688e-01 3.7812e-01 4.7603e-01 4.2599e-01 5.8943e-01 7.5190e-01 7.8422e-01 8.6627e-01 2.6329e-01 2.6329e-01 1.5500e-01 1.3436e-01 3.8294e-01 2.3715e-01 6.0653e-02 3.9658e-03 4.7405e-03 1.3475e-01 1.2852e-01 5.8936e-02 -1.0693e-02 -1.0693e-02 5.5144e-02 1.3194e-01 2.0328e-01 2.5489e-01 2.6134e-01 3.0084e-01 2.4685e-01 2.4685e-01 1.5703e-01
-9.9990e+03 -9.9990e+03 -9.9990e+03 -9.9990e+03 -9.9990e+03 -9.9990e+03 -9.9990e+03 -9.9990e+03 -9.9990e+03 -9.9990e+03 -9.9990e+03 -9.9990e+03 -9.9990e+03 2.9158e-01 2.7743e-01 3.4145e-01 2.7615e-01 3.2378e-01 3.4613e-01 3.4613e-01 3.3113e-01 3.7299e-01 3.1418e-01 3.4628e-01 2.6688e-01 2.0009e-01 2.5592e-01 4.0266e-01 4.0266e-01 6.8749e-01 8.9652e-01 6.4644e-01 5.5494e-01 5.4054e-01 7.3627e-01 5.4996e-01 3.8294e-01 2.7352e-01 1.2938e-01 1.1040e-01 5.3941e-03 5.0151e-02 -3.7395e-02 -3.2546e-02 -1.4018e-02 4.1329e-02 1.1577e-01 1.6182e-01 1.6182e-01 2.1230e-01 2.8962e-01 2.8697e-01 2.8041e-01 1.9972e-01 1.7073e-01
-9.9990e+03 -9.9990e+03 -9.9990e+03 -9.9990e+03 -9.9990e+03 -9.9990e+03 -9.9990e+03 -9.9990e+03 -9.9990e+03 -9.9990e+03 -9.9990e+03 -9.9990e+03 -9.9990e+03 1.8234e-01 1.8234e-01 1.6305e-01 2.0058e-01 1.5810e-01 2.7780e-01 2.8775e-01 2.5842e-01 2.7014e-01 3.1418e-01 2.8606e-01 2.0799e-01 1.6871e-01 1.6871e-01 2.5938e-01 5.5501e-01 8.2339e-01 8.6846e-01 7.5766e-01 8.8098e-01 8.5997e-01 8.5997e-01 6.2006e-01 3.5426e-01 2.4688e-01 2.4183e-01 1.1040e-01 1.6540e-01 -2.9503e-02 -3.7395e-02 -5.0920e-02 4.0937e-02 1.2924e-01 1.3045e-01 1.2290e-01 1.7484e-01 1.9450e-01 2.5082e-01 2.8697e-01 2.3364e-01 1.8023e-01 1.7644e-01
-9.9990e+03 -9.9990e+03 -9.9990e+03 -9.9990e+03 -9.9990e+03 -9.9990e+03 -9.9990e+03 -9.9990e+03 -9.9990e+03 -9.9990e+03 -9.9990e+03 -9.9990e+03 -9.9990e+03 9.3914e-02 6.1465e-02 -8.7350e-02 -2.0422e-02 1.5810e-01 1.2065e-01 2.0244e-01 1.7693e-01 2.2467e-01 2.5529e-01 2.5584e-01 2.4524e-01 1.8389e-01 2.0542e-01 3.4563e-01 7.1753e-01 7.1753e-01 8.7477e-01 9.3026e-01 9.2326e-01 8.7617e-01 6.1932e-01 3.8001e-01 1.9160e-01 2.4688e-01 2.1623e-01 2.4268e-01 4.0490e-02 4.0490e-02 -6.1078e-02 4.7011e-02 1.2170e-01 1.3444e-01 1.3045e-01 1.0231e-01 1.3397e-01 1.9450e-01 1.9957e-01 2.0098e-01 1.4103e-01 1.8037e-01 1.8061e-01
-9.9990e+03 -9.9990e+03 -9.9990e+03 -9.9990e+03 -9.9990e+03 -9.9990e+03 -9.9990e+03 -9.9990e+03 -9.9990e+03 -9.9990e+03 -9.9990e+03 -9.9990e+03 -9.9990e+03 -7.8748e-02 -1.4883e-01 -1.4883e-01 -1.4498e-01 -4.7905e-02 -1.9374e-02 9.5367e-02 1.7693e-01 1.7792e-01 2.2512e-01 2.5584e-01 2.6876e-01 2.5381e-01 2.9731e-01 2.9731e-01 5.9013e-01 9.2327e-01 1.0728e+00 1.0552e+00 9.2326e-01 6.4373e-01 3.6676e-01 1.3859e-01 1.3859e-01 1.4929e-01 2.3537e-01 5.4737e-02 9.7825e-02 -4.0839e-02 2.2910e-02 8.3087e-02 8.3087e-02 2.2646e-01 2.0546e-01 1.8841e-01 9.4122e-02 1.0685e-01 -1.3562e-02 6.2653e-02 1.4103e-01 1.2879e-01 1.6663e-01
