bias_correction/pipeline/W_3_s_1.1_d_221.asc
ncols        88
nrows        90
xllcorner    2777636
yllcorner    1185112
cellsize     25
NODATA_value -9999
[rows 48 to 71 of 90, columns 0 to 54 of 88]
-9.9990e+03 -9.9990e+03 -9.9990e+03 -9.9990e+03 -9.9990e+03 -9.9990e+03 -9.9990e+03 -9.9990e+03 -9.9990e+03 -9.9990e+03 -9.9990e+03 -9.9990e+03 -9.9990e+03 9.0088e-03 -9.8130e-02 -1.4944e-01 -8.7187e-02 -4.8236e-02 -1.9374e-02 4.1121e-02 1.3761e-01 1.9049e-01 1.9049e-01 2.3567e-01 2.5505e-01 2.0923e-01 2.6683e-01 4.4571e-01 5.6561e-01 9.1417e-01 1.0728e+00 1.1239e+00 7.9978e-01 3.8250e-01 3.8250e-01 1.0431e-01 1.0629e-02 7.0649e-02 1.6530e-01 -3.9075e-02 -8.9420e-02 3.0989e-02 3.0989e-02 8.3350e-02 1.4277e-01 1.8706e-01 2.9726e-01 1.8841e-01 1.4288e-01 -7.8079e-02 -1.3562e-02 -1.1750e-01 6.1641e-02 1.1327e-01 1.3306e-02
-9.9990e+03 -9.9990e+03 -9.9990e+03 -9.9990e+03 -9.9990e+03 -9.9990e+03 -9.9990e+03 -9.9990e+03 -9.9990e+03 -9.9990e+03 -9.9990e+03 -9.9990e+03 -9.9990e+03 9.0088e-03 7.2064e-02 3.8162e-03 -8.7187e-02 -1.7459e-02 1.6833e-02 7.8273e-02 8.7101e-02 1.4342e-01 1.7353e-01 1.3809e-01 1.5810e-01 2.0923e-01 1.9606e-01 3.4658e-01 4.2710e-01 6.8547e-01 1.0041e+00 9.3615e-01 7.3345e-01 5.1846e-01 2.7399e-01 2.1958e-02 -2.3030e-02 -2.3030e-02 -1.5170e-01 -1.5747e-01 2.4244e-03 2.6931e-02 9.0699e-02 -4.6830e-02 -6.3809e-03 1.8706e-01 1.4460e-01 2.5782e-01 3.1093e-02 3.1093e-02 -2.0924e-01 -9.7145e-02 -9.6658e-02 5.1153e-02 1.3306e-02
-9.9990e+03 -9.9990e+03 -9.9990e+03 -9.9990e+03 -9.9990e+03 -9.9990e+03 -9.9990e+03 -9.9990e+03 -9.9990e+03 -9.9990e+03 -9.9990e+03 -9.9990e+03 -9.9990e+03 2.0346e-01 1.3762e-01 1.3762e-01 4.2289e-02 3.0900e-02 7.1156e-02 5.6159e-02 7.8083e-02 8.4745e-02 1.0493e-01 1.0493e-01 1.2473e-01 1.4465e-01 1.4378e-01 2.1042e-01 4.2710e-01 4.5268e-01 7.2715e-01 9.3615e-01 8.1618e-01 4.5236e-01 1.1697e-01 1.1697e-01 -4.3381e-02 -2.3254e-01 -3.3005e-01 -5.5556e-02 2.4244e-03 2.3310e-01 -2.7191e-02 -1.8584e-01 -1.8584e-01 -9.1833e-02 1.3885e-01 4.8953e-02 1.7263e-01 -8.6352e-02 -1.0352e-01 -2.0574e-01 -2.0574e-01 -1.9660e-01 -1.5802e-01
-9.9990e+03 -9.9990e+03 -9.9990e+03 -9.9990e+03 -9.9990e+03 -9.9990e+03 -9.9990e+03 -9.9990e+03 -9.9990e+03 -9.9990e+03 -9.9990e+03 -9.9990e+03 -9.9990e+03 3.1707e-01 2.4440e-01 2.4092e-01 1.7175e-01 1.2450e-01 1.2450e-01 1.0212e-01 8.7952e-02 1.0260e-01 9.0354e-02 1.1195e-01 1.3005e-01 1.2861e-01 1.4378e-01 1.6195e-01 2.8675e-01 4.7021e-01 4.7021e-01 7.0601e-01 6.0345e-01 4.3935e-01 2.9553e-01 2.0609e-02 -1.9023e-01 -3.5220e-01 -3.3005e-01 -1.3963e-01 2.3837e-01 5.3983e-02 5.3983e-02 -2.2048e-01 -2.5785e-01 -2.8027e-01 -1.0644e-01 -1.8784e-01 -5.4628e-02 -1.9293e-02 -1.9293e-02 -1.4646e-01 -2.6854e-01 -3.2353e-01 -2.7145e-01
-9.9990e+03 -9.9990e+03 -9.9990e+03 -9.9990e+03 -9.9990e+03 -9.9990e+03 -9.9990e+03 -9.9990e+03 -9.9990e+03 -9.9990e+03 -9.9990e+03 -9.9990e+03 -9.9990e+03 3.1433e-01 2.5781e-01 2.0379e-01 2.0379e-01 1.6706e-01 1.4232e-01 1.3826e-01 1.1490e-01 1.0260e-01 1.2520e-01 1.4221e-01 1.3005e-01 1.3366e-01 1.2550e-01 1.7434e-01 1.8126e-01 3.0217e-01 5.1160e-01 5.2438e-01 4.9553e-01 4.3935e-01 2.5420e-01 -1.3047e-01 -3.0516e-01 -3.2616e-01 -2.1901e-01 1.0280e-02 1.1551e-01 1.3948e-01 -6.7429e-02 -2.3284e-01 -2.9773e-01 -2.9773e-01 -3.5409e-01 -2.4709e-01 -3.2283e-01 -1.3255e-01 -9.8243e-02 -2.0505e-01 -3.0690e-01 -3.2353e-01 -3.1659e-01
-9.9990e+03 -9.9990e+03 -9.9990e+03 -9.9990e+03 -9.9990e+03 -9.9990e+03 -9.9990e+03 -9.9990e+03 -9.9990e+03 -9.9990e+03 -9.9990e+03 -9.9990e+03 -9.9990e+03 2.3090e-01 1.6869e-01 1.7332e-01 1.5945e-01 1.2285e-01 1.3195e-01 1.3826e-01 1.1858e-01 1.2425e-01 1.4394e-01 1.4394e-01 1.5201e-01 1.3602e-01 9.1870e-02 1.2079e-01 9.5576e-02 2.1456e-01 3.6661e-01 3.6661e-01 4.7785e-01 3.3649e-01 5.4431e-02 -4.4647e-02 -3.0516e-01 -1.7124e-01 9.8707e-03 1.0280e-02 6.1907e-03 -5.3310e-02 -1.5767e-01 -1.5767e-01 -2.6807e-01 -4.1419e-01 -4.9636e-01 -4.9734e-01 -3.2283e-01 -3.7190e-01 -2.7143e-01 -2.8411e-01 -2.8411e-01 -3.6107e-01 -3.2803e-01
-9.9990e+03 -9.9990e+03 -9.9990e+03 -9.9990e+03 -9.9990e+03 -9.9990e+03 -9.9990e+03 -9.9990e+03 -9.9990e+03 -9.9990e+03 -9.9990e+03 -9.9990e+03 -9.9990e+03 2.0581e-01 1.6869e-01 1.2437e-01 7.0219e-02 7.2102e-02 1.0068e-01 1.0498e-01 8.3966e-02 1.0027e-01 1.3096e-01 1.2276e-01 1.3071e-01 9.8697e-02 9.8697e-02 1.9885e-02 8.0342e-02 5.3511e-02 2.5241e-01 3.7230e-01 2.2829e-01 1.1848e-01 5.4431e-02 -1.5034e-01 -1.3739e-01 6.3948e-02 6.3948e-02 3.0811e-03 -6.3640e-02 -5.8879e-02 -1.0169e-01 -2.1324e-01 -3.9526e-01 -5.2507e-01 -4.9636e-01 -5.2156e-01 -5.2103e-01 -5.2510e-01 -3.8817e-01 -3.2842e-01 -3.8607e-01 -3.9846e-01 -3.8569e-01
-9.9990e+03 -9.9990e+03 -9.9990e+03 -9.9990e+03 -9.9990e+03 -9.9990e+03 -9.9990e+03 -9.9990e+03 -9.9990e+03 -9.9990e+03 -9.9990e+03 -9.9990e+03 -9.9990e+03 2.0620e-01 2.1262e-01 2.0138e-01 1.0699e-01 7.2102e-02 6.9293e-02 6.2798e-02 8.3966e-02 6.2013e-02 7.8694e-02 9.7904e-02 9.7904e-02 9.8106e-02 3.0226e-02 -2.3958e-02 -4.3748e-02 5.3511e-02 8.6924e-02 2.6588e-01 -1.0828e-02 -1.0828e-02 -6.3383e-02 -2.0452e-01 -1.2480e-01 3.5252e-02 6.8294e-02 -3.8640e-03 2.3151e-02 2.3151e-02 -1.3314e-01 -3.7238e-01 -5.2478e-01 -5.1963e-01 -5.2208e-01 -4.4386e-01 -4.7007e-01 -5.2510e-01 -5.1158e-01 -4.0304e-01 -4.2403e-01 -4.2403e-01 -4.6756e-01
-9.9990e+03 -9.9990e+03 -9.9990e+03 -9.9990e+03 -9.9990e+03 -9.9990e+03 -9.9990e+03 -9.9990e+03 -9.9990e+03 -9.9990e+03 -9.9990e+03 -9.9990e+03 -9.9990e+03 2.0332e-01 2.4346e-01 2.0138e-01 1.5559e-01 6.5803e-02 4.4341e-02 4.4341e-02 2.5743e-02 2.0517e-02 -3.3005e-02 3.0152e-02 7.5120e-02 8.6809e-02 4.7533e-02 -2.3958e-02 -4.3018e-02 -4.7480e-02 5.7380e-02 5.7380e-02 1.0040e-01 -2.4769e-02 -5.0817e-01 -1.8183e-01 -2.4120e-01 -8.3169e-02 -1.2405e-02 -1.2405e-02 5.0544e-02 1.8607e-02 -2.1617e-01 -3.7016e-01 -5.2478e-01 -4.7624e-01 -4.3475e-01 -4.4386e-01 -4.3672e-01 -4.6082e-01 -4.4050e-01 -4.4050e-01 -3.9897e-01 -4.7966e-01 -5.4217e-01
-9.9990e+03 -9.9990e+03 -9.9990e+03 -9.9990e+03 -9.9990e+03 -9.9990e+03 -9.9990e+03 -9.9990e+03 -9.9990e+03 -9.9990e+03 -9.9990e+03 -9.9990e+03 -9.9990e+03 2.0332e-01 2.1225e-01 1.8560e-01 8.9153e-02 8.9153e-02 1.2669e-02 -4.3415e-03 -5.5413e-02 -6.7846e-02 -3.3005e-02 -6.4122e-02 3.7842e-02 1.3652e-01 1.3583e-01 7.7404e-02 1.1760e-01 3.5522e-02 -5.6985e-02 -1.3319e-01 -1.6449e-01 -2.4154e-01 -2.4154e-01 -8.1354e-01 -2.3195e-01 -1.7730e-01 -5.5836e-02 -3.2563e-02 -1.0880e-01 -1.6818e-01 -2.1617e-01 -4.2588e-01 -4.8917e-01 -4.0414e-01 -4.0414e-01 -4.3217e-01 -4.2026e-01 -2.7172e-01 -3.2928e-01 -3.6563e-01 -3.1032e-01 -4.4328e-01 -5.4217e-01
-9.9990e+03 -9.9990e+03 -9.9990e+03 -9.9990e+03 -9.9990e+03 -9.9990e+03 -9.9990e+03 -9.9990e+03 -9.9990e+03 -9.9990e+03 -9.9990e+03 -9.9990e+03 -9.9990e+03 1.5696e-01 1.9112e-01 1.4518e-01 1.1680e-01 4.5214e-02 -3.6344e-02 -8.5955e-02 -8.5955e-02 -7.8478e-02 -7.3683e-02 -1.8282e-02 -2.6648e-02 1.3652e-01 2.2144e-01 2.2611e-01 1.1760e-01 1.5373e-01 5.2477e-02 -3.4203e-01 -3.4203e-01 -3.8494e-01 -5.9672e-01 -8.0737e-01 -1.0630e+00 -1.7730e-01 -3.6472e-01 -3.7573e-01 -3.3811e-01 -3.3811e-01 -3.8308e-01 -3.6579e-01 -2.6714e-01 -3.9061e-01 -4.2087e-01 -4.6747e-01 -3.0962e-01 -3.0962e-01 -8.6911e-02 -9.7738e-02 -5.9777e-02 -2.8537e-01 -5.0460e-01
-9.9990e+03 -9.9990e+03 -9.9990e+03 -9.9990e+03 -9.9990e+03 -9.9990e+03 -9.9990e+03 -9.9990e+03 -9.9990e+03 -9.9990e+03 -9.9990e+03 -9.9990e+03 -9.9990e+03 1.6308e-01 1.5509e-01 1.5509e-01 1.0439e-01 1.3877e-02 1.7517e-02 -5.8541e-02 -7.8757e-02 -1.7878e-02 3.3743e-02 -1.8282e-02 8.1365e-02 1.7622e-01 2.5398e-01 2.5398e-01 2.1692e-01 1.6550e-01 1.2749e-01 -3.0478e-02 -6.1988e-01 -9.9213e-01 -1.0486e+00 -8.0737e-01 -9.0953e-01 -1.5761e+00 -2.0503e+00 -6.7003e-01 -7.4015e-01 -1.0124e+00 -4.7724e-01 -3.0980e-01 -1.9218e-01 -2.8388e-01 -5.1322e-01 -5.1322e-01 -3.6921e-01 -1.8000e-01 -1.6095e-01 -9.1761e-03 -5.9777e-02 -7.4392e-02 -3.9582e-01
-9.9990e+03 -9.9990e+03 -9.9990e+03 -9.9990e+03 -9.9990e+03 -9.9990e+03 -9.9990e+03 -9.9990e+03 -9.9990e+03 -9.9990e+03 -9.9990e+03 -9.9990e+03 -9.9990e+03 -9.9990e+03 1.7286e-01 1.5636e-01 1.7402e-01 9.3225e-02 1.7517e-02 6.0678e-02 4.4032e-02 -1.7878e-02 8.9807e-02 1.3266e-01 1.6695e-01 2.0329e-01 2.2210e-01 2.3024e-01 1.9529e-01 1.7679e-01 1.7679e-01 3.6608e-02 -3.2263e-01 -4.9408e-01 -1.3298e+00 -1.2756e+00 -1.4621e+00 -1.5359e+00 -2.0503e+00 -2.8375e+00 -1.6275e+00 -1.1998e+00 -1.1998e+00 -4.0968e-01 -2.5905e-01 -3.8400e-01 -3.8036e-01 -4.3572e-01 -3.5730e-01 -3.3899e-01 -1.6095e-01 -1.8293e-01 -2.1060e-02 -1.5805e-01 -1.5805e-01
-9.9990e+03 -9.9990e+03 -9.9990e+03 -9.9990e+03 -9.9990e+03 -9.9990e+03 -9.9990e+03 -9.9990e+03 -9.9990e+03 -9.9990e+03 -9.9990e+03 -9.9990e+03 -9.9990e+03 -9.9990e+03 -9.9990e+03 2.6063e-01 1.7402e-01 2.0788e-01 1.5509e-01 1.2670e-01 1.2670e-01 1.3922e-01 2.1547e-01 2.3214e-01 1.9343e-01 2.1327e-01 2.0146e-01 1.9008e-01 1.9008e-01 1.7525e-01 1.5984e-01 1.3561e-01 -1.0444e-01 -4.9408e-01 -6.0645e-01 -1.8770e+00 -1.4621e+00 -1.8286e+00 -2.0894e+00 -3.6786e+00 -3.6786e+00 -2.0753e+00 -1.2354e+00 -1.3627e+00 -5.3189e-01 -3.8400e-01 -2.9373e-01 -2.2790e-01 -5.0576e-01 -5.0576e-01 -4.3466e-01 -2.0374e-01 -2.9960e-01 -1.0557e-01 -3.0546e-01
-9.9990e+03 -9.9990e+03 -9.9990e+03 -9.9990e+03 -9.9990e+03 -9.9990e+03 -9.9990e+03 -9.9990e+03 -9.9990e+03 -9.9990e+03 -9.9990e+03 -9.9990e+03 -9.9990e+03 -9.9990e+03 -9.9990e+03 -9.9990e+03 3.0450e-01 3.2125e-01 2.5953e-01 1.9716e-01 2.3041e-01 2.3776e-01 2.4191e-01 2.4191e-01 2.3301e-01 2.0885e-01 1.9894e-01 1.8900e-01 1.7617e-01 1.7217e-01 1.5942e-01 1.3561e-01 1.0925e-01 -2.9336e-01 -7.3296e-01 -7.3296e-01 -2.2447e+00 -2.2283e+00 -2.6872e+00 -2.7963e+00 -4.4870e+00 -5.0861e+00 -2.5390e+00 -1.3627e+00 -1.5015e+00 -6.2934e-01 -5.1023e-01 -1.5807e-01 -3.3548e-01 -4.5786e-01 -7.5053e-01 -5.1548e-01 -6.5262e-01 -4.8118e-01 -5.4012e-01
-9.9990e+03 -9.9990e+03 -9.9990e+03 -9.9990e+03 -9.9990e+03 -9.9990e+03 -9.9990e+03 -9.9990e+03 -9.9990e+03 -9.9990e+03 -9.9990e+03 -9.9990e+03 -9.9990e+03 -9.9990e+03 -9.9990e+03 -9.9990e+03 -9.9990e+03 3.2125e-01 3.2628e-01 2.7584e-01 2.4955e-01 2.4955e-01 2.3749e-01 2.3075e-01 2.0477e-01 2.1720e-01 1.9894e-01 1.8987e-01 1.7369e-01 1.7217e-01 1.6709e-01 1.4438e-01 7.7662e-02 6.9491e-02 -3.3681e-01 -8.9640e-01 -1.0222e+00 -2.9608e+00 -2.9608e+00 -3.1084e+00 -4.1122e+00 -4.4418e+00 -5.5626e+00 -2.7308e+00 -2.9583e+00 -1.5323e+00 -5.1023e-01 -3.9684e-01 -2.4722e-01 -5.9444e-01 -5.9444e-01 -8.2542e-01 -8.1894e-01 -9.6265e-01 -7.3123e-01
-9.9990e+03 -9.9990e+03 -9.9990e+03 -9.9990e+03 -9.9990e+03 -9.9990e+03 -9.9990e+03 -9.9990e+03 -9.9990e+03 -9.9990e+03 -9.9990e+03 -9.9990e+03 -9.9990e+03 -9.9990e+03 -9.9990e+03 -9.9990e+03 -9.9990e+03 -9.9990e+03 3.2978e-01 3.3031e-01 2.8612e-01 2.5649e-01 2.4055e-01 1.9217e-01 2.0477e-01 1.8683e-01 1.9381e-01 1.8266e-01 1.8266e-01 1.6902e-01 1.6614e-01 1.5478e-01 1.3081e-01 1.4425e-01 1.0974e-01 -3.1875e-01 -3.1875e-01 -1.0746e+00 -3.2519e+00 -3.6251e+00 -3.6703e+00 -4.4418e+00 -4.7565e+00 -6.2283e+00 -2.9583e+00 -2.9792e+00 -1.3883e+00 -3.3071e-01 -3.3071e-01 -3.1136e-01 -6.3107e-01 -6.5756e-01 -9.7691e-01 -9.6265e-01 -1.1650e+00
-9.9990e+03 -9.9990e+03 -9.9990e+03 -9.9990e+03 -9.9990e+03 -9.9990e+03 -9.9990e+03 -9.9990e+03 -9.9990e+03 -9.9990e+03 -9.9990e+03 -9.9990e+03 -9.9990e+03 -9.9990e+03 -9.9990e+03 -9.9990e+03 -9.9990e+03 -9.9990e+03 -9.9990e+03 3.3031e-01 3.1261e-01 2.7326e-01 2.4599e-01 2.1362e-01 1.6989e-01 1.4778e-01 1.6726e-01 1.8602e-01 1.8382e-01 1.8489e-01 1.7701e-01 1.7701e-01 1.9327e-01 2.0813e-01 3.1489e-01 1.9481e-01 -2.3212e-01 -1.4309e-01 -1.2395e+00 -3.6251e+00 -3.9017e+00 -4.4139e+00 -4.8989e+00 -4.8989e+00 -6.5062e+00 -2.8564e+00 -2.7244e+00 -1.2687e+00 -2.7049e-01 -2.3970e-01 -2.3199e-01 -2.3199e-01 -5.8385e-01 -1.0474e+00 -9.6626e-01
-9.9990e+03 -9.9990e+03 -9.9990e+03 -9.9990e+03 -9.9990e+03 -9.9990e+03 -9.9990e+03 -9.9990e+03 -9.9990e+03 -9.9990e+03 -9.9990e+03 -9.9990e+03 -9.9990e+03 -9.9990e+03 -9.9990e+03 -9.9990e+03 -9.9990e+03 -9.9990e+03 -9.9990e+03 -9.9990e+03 -9.9990e+03 2.8071e-01 2.4599e-01 2.1010e-01 1.5337e-01 1.4778e-01 1.2664e-01 1.6370e-01 1.9022e-01 1.9022e-01 1.9587e-01 2.3251e-01 3.0664e-01 2.8937e-01 3.1489e-01 4.0116e-01 3.4180e-01 -1.4309e-01 -1.0393e-01 -1.3384e+00 -4.2063e+00 -4.5404e+00 -4.7520e+00 -5.1933e+00 -5.5755e+00 -7.1427e+00 -7.1427e+00 -2.7458e+00 -1.1308e+00 -1.1339e+00 -1.5876e-01 -1.6262e-01 -9.4676e-02 -4.0711e-01 -9.6626e-01
-9.9990e+03 -9.9990e+03 -9.9990e+03 -9.9990e+03 -9.9990e+03 -9.9990e+03 -9.9990e+03 -9.9990e+03 -9.9990e+03 -9.9990e+03 -9.9990e+03 -9.9990e+03 -9.9990e+03 -9.9990e+03 -9.9990e+03 -9.9990e+03 -9.9990e+03 -9.9990e+03 -9.9990e+03 -9.9990e+03 -9.9990e+03 -9.9990e+03 2.2561e-01 1.7776e-01 1.7776e-01 1.2187e-01 1.1648e-01 1.2809e-01 1.6950e-01 1.9778e-01 1.9915e-01 2.3904e-01 3.0664e-01 3.6493e-01 4.4417e-01 4.2945e-01 4.0877e-01 3.0733e-01 2.4234e-01 -1.8814e-01 -1.4504e+00 -1.6929e+00 -5.0112e+00 -5.5755e+00 -5.5755e+00 -6.0415e+00 -7.6898e+00 -8.2805e+00 -2.7195e+00 -1.1339e+00 -1.3727e+00 -2.4728e-01 -9.4676e-02 2.7892e-02 -1.7234e-01
-9.9990e+03 -9.9990e+03 -9.9990e+03 -9.9990e+03 -9.9990e+03 -9.9990e+03 -9.9990e+03 -9.9990e+03 -9.9990e+03 -9.9990e+03 -9.9990e+03 -9.9990e+03 -9.9990e+03 -9.9990e+03 -9.9990e+03 -9.9990e+03 -9.9990e+03 -9.9990e+03 -9.9990e+03 -9.9990e+03 -9.9990e+03 -9.9990e+03 -9.9990e+03 2.0672e-01 1.5338e-01 1.4592e-01 1.3015e-01 1.3015e-01 1.4952e-01 1.7373e-01 1.4382e-01 1.7653e-01 2.4783e-01 2.3745e-01 3.7552e-01 4.2945e-01 3.6798e-01 2.3603e-01 1.9176e-01 1.9176e-01 -2.7823e-01 -1.8748e+00 -2.0546e+00 -5.3893e+00 -5.9336e+00 -6.4030e+00 -7.0687e+00 -8.2805e+00 -9.0176e+00 -3.4775e+00 -1.5410e+00 -1.5410e+00 -2.1968e-01 1.3827e-01 2.0018e-01
-9.9990e+03 -9.9990e+03 -9.9990e+03 -9.9990e+03 -9.9990e+03 -9.9990e+03 -9.9990e+03 -9.9990e+03 -9.9990e+03 -9.9990e+03 -9.9990e+03 -9.9990e+03 -9.9990e+03 -9.9990e+03 -9.9990e+03 -9.9990e+03 -9.9990e+03 -9.9990e+03 -9.9990e+03 -9.9990e+03 -9.9990e+03 -9.9990e+03 -9.9990e+03 -9.9990e+03 2.2670e-01 2.2670e-01 1.6951e-01 1.7417e-01 2.3191e-01 1.6995e-01 1.4382e-01 1.0210e-01 1.0962e-01 2.3745e-01 2.1912e-01 3.5235e-01 2.8776e-01 2.8776e-01 1.7778e-01 1.9305e-01 1.9913e-01 -3.5848e-01 -2.0546e+00 -2.1340e+00 -6.1420e+00 -6.9485e+00 -6.9485e+00 -7.6728e+00 -9.7680e+00 -1.0340e+01 -3.8744e+00 -4.0319e+00 -1.5154e+00 -2.3919e-01 -2.3919e-01
-9.9990e+03 -9.9990e+03 -9.9990e+03 -9.9990e+03 -9.9990e+03 -9.9990e+03 -9.9990e+03 -9.9990e+03 -9.9990e+03 -9.9990e+03 -9.9990e+03 -9.9990e+03 -9.9990e+03 -9.9990e+03 -9.9990e+03 -9.9990e+03 -9.9990e+03 -9.9990e+03 -9.9990e+03 -9.9990e+03 -9.9990e+03 -9.9990e+03 -9.9990e+03 -9.9990e+03 -9.9990e+03 2.5554e-01 3.0828e-01 2.8898e-01 2.3191e-01 2.6611e-01 1.2001e-01 5.4232e-02 5.4232e-02 7.8577e-02 2.2424e-01 2.2648e-01 3.1475e-01 2.2588e-01 1.8936e-01 1.7234e-01 1.9913e-01 1.8046e-01 -5.2325e-01 -6.5382e-01 -2.3758e+00 -6.6000e+00 -6.9641e+00 -7.8864e+00 -8.4660e+00 -9.0214e+00 -1.0679e+01 -4.1366e+00 -4.1366e+00 -1.5975e+00 -2.8786e-01
-9.9990e+03 -9.9990e+03 -9.9990e+03 -9.9990e+03 -9.9990e+03 -9.9990e+03 -9.9990e+03 -9.9990e+03 -9.9990e+03 -9.9990e+03 -9.9990e+03 -9.9990e+03 -9.9990e+03 -9.9990e+03 -9.9990e+03 -9.9990e+03 -9.9990e+03 -9.9990e+03 -9.9990e+03 -9.9990e+03 -9.9990e+03 -9.9990e+03 -9.9990e+03 -9.9990e+03 -9.9990e+03 -9.9990e+03 3.0828e-01 3.9545e-01 3.5855e-01 2.5097e-01 2.5097e-01 5.5203e-02 -1.9434e-02 -9.4138e-02 6.6409e-02 6.6409e-02 2.1723e-01 2.1698e-01 1.7518e-01 1.6615e-01 1.5191e-01 1.1942e-01 9.5952e-02 -6.5382e-01 -7.4733e-01 -2.7344e+00 -7.2688e+00 -7.2688e+00 -8.3600e+00 -9.3529e+00 -9.5110e+00 -1.0842e+01 -4.3034e+00 -4.4455e+00 -1.5869e+00
