bias_correction/pipeline/W_4_s_1.4_d_290.asc
ncols        88
nrows        90
xllcorner    2777636
yllcorner    1185112
cellsize     25
NODATA_value -9999
[rows 48 to 71 of 90, columns 0 to 54 of 88]
-9.9990e+03 -9.9990e+03 -9.9990e+03 -9.9990e+03 -9.9990e+03 -9.9990e+03 -9.9990e+03 -9.9990e+03 -9.9990e+03 -9.9990e+03 -9.9990e+03 -9.9990e+03 -9.9990e+03 7.6645e-01 6.6824e-01 6.2887e-01 5.9096e-01 6.5167e-01 7.7355e-01 8.6124e-01 8.6124e-01 7.1154e-01 6.5879e-01 3.9385e-01 2.4310e-01 1.3927e-01 1.2213e-01 1.5237e-01 2.3325e-01 3.5334e-01 5.1370e-01 6.5602e-01 6.3998e-01 3.3208e-01 -7.3897e-02 -2.1717e-01 -2.3170e-01 -2.2664e-01 -2.1887e-01 -2.1407e-01 -1.4121e-01 -1.2609e-01 -1.5675e-01 -2.3588e-01 -2.3904e-01 -1.6323e-01 -1.0674e-01 -9.7748e-02 -1.2450e-01 -1.6371e-01 -1.7189e-01 -1.5720e-01 -1.9192e-01 -1.9192e-01 -2.1327e-01
-9.9990e+03 -9.9990e+03 -9.9990e+03 -9.9990e+03 -9.9990e+03 -9.9990e+03 -9.9990e+03 -9.9990e+03 -9.9990e+03 -9.9990e+03 -9.9990e+03 -9.9990e+03 -9.9990e+03 7.8115e-01 6.9380e-01 6.6387e-01 6.2991e-01 6.8884e-01 7.5486e-01 7.7100e-01 5.6334e-01 3.2447e-01 2.9626e-01 2.3958e-01 2.2145e-01 1.7413e-01 1.7413e-01 1.9174e-01 2.2355e-01 3.3728e-01 4.9140e-01 6.7194e-01 6.7259e-01 4.4508e-01 2.4703e-02 -1.5735e-01 -2.3170e-01 -2.4935e-01 -2.5772e-01 -1.6427e-01 -1.0640e-01 -1.0994e-01 -1.5675e-01 -2.1127e-01 -2.5173e-01 -2.1059e-01 -1.7101e-01 -1.4464e-01 -1.2358e-01 -1.5643e-01 -1.7508e-01 -1.7687e-01 -2.1289e-01 -2.6951e-01 -3.2211e-01
-9.9990e+03 -9.9990e+03 -9.9990e+03 -9.9990e+03 -9.9990e+03 -9.9990e+03 -9.9990e+03 -9.9990e+03 -9.9990e+03 -9.9990e+03 -9.9990e+03 -9.9990e+03 -9.9990e+03 7.1990e-01 7.1646e-01 7.1646e-01 6.7546e-01 7.1569e-01 7.1538e-01 7.0187e-01 4.5232e-01 2.2670e-01 2.2002e-01 2.1611e-01 2.3730e-01 2.2975e-01 2.4764e-01 2.6559e-01 3.2173e-01 4.5758e-01 6.4233e-01 6.4233e-01 6.6385e-01 4.4508e-01 1.4518e-01 -6.5214e-02 -2.2124e-01 -2.5941e-01 -2.8071e-01 -1.9958e-01 -1.0963e-01 -7.2955e-02 -1.7418e-01 -2.4878e-01 -2.9246e-01 -2.3761e-01 -2.0032e-01 -1.6186e-01 -1.3384e-01 -1.4618e-01 -1.6682e-01 -1.8668e-01 -2.2598e-01 -2.9324e-01 -3.4741e-01
-9.9990e+03 -9.9990e+03 -9.9990e+03 -9.9990e+03 -9.9990e+03 -9.9990e+03 -9.9990e+03 -9.9990e+03 -9.9990e+03 -9.9990e+03 -9.9990e+03 -9.9990e+03 -9.9990e+03 7.7468e-01 8.2556e-01 8.3231e-01 7.3638e-01 6.4162e-01 4.8591e-01 3.6440e-01 3.6440e-01 1.8074e-01 1.6677e-01 1.9281e-01 2.3730e-01 2.8257e-01 3.2647e-01 2.6559e-01 3.2277e-01 4.3473e-01 5.8579e-01 6.1803e-01 5.2682e-01 2.6507e-01 4.0748e-02 -1.1826e-01 -2.4049e-01 -2.4049e-01 -2.6752e-01 -2.3726e-01 -1.4004e-01 -6.6939e-02 -1.3173e-01 -2.2532e-01 -2.8877e-01 -2.8176e-01 -2.4523e-01 -2.0082e-01 -1.5176e-01 -1.6223e-01 -1.7158e-01 -2.2189e-01 -3.0229e-01 -3.7698e-01 -3.7000e-01
-9.9990e+03 -9.9990e+03 -9.9990e+03 -9.9990e+03 -9.9990e+03 -9.9990e+03 -9.9990e+03 -9.9990e+03 -9.9990e+03 -9.9990e+03 -9.9990e+03 -9.9990e+03 -9.9990e+03 8.4400e-01 9.5380e-01 8.3231e-01 7.5571e-01 5.6177e-01 4.8591e-01 2.8379e-01 1.6577e-01 1.4232e-01 1.8862e-01 2.8262e-01 3.4445e-01 4.1707e-01 4.1707e-01 3.2939e-01 3.4923e-01 4.2700e-01 5.3259e-01 5.5918e-01 5.0910e-01 3.5108e-01 1.3177e-01 -4.1517e-02 -1.7916e-01 -2.0662e-01 -2.2893e-01 -1.7943e-01 -8.7054e-02 -9.3515e-02 -2.0172e-01 -2.0172e-01 -2.6557e-01 -2.9163e-01 -2.7080e-01 -2.3961e-01 -1.7871e-01 -1.7645e-01 -1.7100e-01 -2.0592e-01 -2.7975e-01 -3.7698e-01 -4.2767e-01
-9.9990e+03 -9.9990e+03 -9.9990e+03 -9.9990e+03 -9.9990e+03 -9.9990e+03 -9.9990e+03 -9.9990e+03 -9.9990e+03 -9.9990e+03 -9.9990e+03 -9.9990e+03 -9.9990e+03 1.0330e+00 9.7849e-01 9.3052e-01 7.6186e-01 4.5168e-01 3.4573e-01 2.2128e-01 1.6625e-01 1.4873e-01 2.1659e-01 3.2609e-01 3.9338e-01 4.9300e-01 5.3458e-01 4.0368e-01 4.3545e-01 4.4959e-01 4.9449e-01 4.6062e-01 4.6062e-01 3.8750e-01 1.8979e-01 2.8620e-02 -1.0491e-01 -1.2306e-01 -1.6821e-01 -2.0405e-01 -1.1939e-01 -7.9288e-02 -1.7002e-01 -2.3249e-01 -2.7269e-01 -2.8892e-01 -2.7871e-01 -2.1853e-01 -2.1853e-01 -2.0649e-01 -1.7100e-01 -1.8156e-01 -2.3309e-01 -3.4915e-01 -3.9471e-01
-9.9990e+03 -9.9990e+03 -9.9990e+03 -9.9990e+03 -9.9990e+03 -9.9990e+03 -9.9990e+03 -9.9990e+03 -9.9990e+03 -9.9990e+03 -9.9990e+03 -9.9990e+03 -9.9990e+03 1.0251e+00 9.2505e-01 7.2198e-01 3.7061e-01 2.0204e-01 1.8258e-01 1.8388e-01 2.2582e-01 1.7424e-01 2.6054e-01 3.8105e-01 4.3550e-01 5.5957e-01 6.4346e-01 5.1261e-01 4.7084e-01 4.0725e-01 4.1970e-01 3.9019e-01 3.6290e-01 2.4077e-01 9.6867e-02 6.8455e-03 -5.2859e-02 -8.1565e-02 -8.1565e-02 -1.9077e-01 -1.3530e-01 -7.9288e-02 -1.2528e-01 -2.0468e-01 -2.7269e-01 -3.0030e-01 -3.0550e-01 -2.6249e-01 -2.4527e-01 -2.0630e-01 -1.6144e-01 -1.7423e-01 -2.2454e-01 -3.4584e-01 -3.4584e-01
-9.9990e+03 -9.9990e+03 -9.9990e+03 -9.9990e+03 -9.9990e+03 -9.9990e+03 -9.9990e+03 -9.9990e+03 -9.9990e+03 -9.9990e+03 -9.9990e+03 -9.9990e+03 -9.9990e+03 9.7043e-01 8.2698e-01 6.6211e-01 3.7557e-01 2.5482e-01 1.8721e-01 2.2326e-01 2.9166e-01 3.2780e-01 4.5749e-01 5.5893e-01 6.0049e-01 6.9662e-01 6.7049e-01 6.2567e-01 5.0994e-01 3.4268e-01 3.2852e-01 3.0407e-01 3.3851e-01 2.9365e-01 1.5569e-01 6.8455e-03 2.2938e-03 1.7529e-02 -1.1893e-01 -9.8698e-02 -3.3238e-02 -7.8263e-02 -1.9634e-01 -1.9634e-01 -2.8140e-01 -3.2540e-01 -3.2728e-01 -3.0044e-01 -2.8961e-01 -2.4595e-01 -1.4706e-01 -1.1438e-01 -1.4052e-01 -2.9153e-01 -3.5024e-01
-9.9990e+03 -9.9990e+03 -9.9990e+03 -9.9990e+03 -9.9990e+03 -9.9990e+03 -9.9990e+03 -9.9990e+03 -9.9990e+03 -9.9990e+03 -9.9990e+03 -9.9990e+03 -9.9990e+03 7.3581e-01 5.6588e-01 4.3356e-01 4.3356e-01 3.6400e-01 2.5019e-01 2.8879e-01 3.6918e-01 4.0591e-01 5.4614e-01 6.1909e-01 6.2422e-01 6.5807e-01 6.7049e-01 4.9912e-01 2.4626e-01 2.1997e-01 2.1620e-01 3.1040e-01 3.3851e-01 3.4066e-01 2.3706e-01 5.6707e-02 4.4501e-02 1.2441e-01 6.4542e-03 -2.9659e-03 4.6345e-03 -6.1037e-02 -2.1015e-01 -3.4721e-01 -3.6808e-01 -3.5579e-01 -3.6436e-01 -3.4121e-01 -3.0279e-01 -3.0279e-01 -1.5917e-01 -9.0424e-02 -8.0962e-02 -2.1955e-01 -3.1582e-01
-9.9990e+03 -9.9990e+03 -9.9990e+03 -9.9990e+03 -9.9990e+03 -9.9990e+03 -9.9990e+03 -9.9990e+03 -9.9990e+03 -9.9990e+03 -9.9990e+03 -9.9990e+03 -9.9990e+03 6.5046e-01 5.2470e-01 4.9580e-01 4.7658e-01 4.5208e-01 3.6543e-01 4.4668e-01 4.9495e-01 4.9495e-01 6.1158e-01 6.1909e-01 6.0387e-01 5.3841e-01 5.9926e-01 4.0638e-01 1.4951e-01 1.0660e-01 1.4172e-01 2.9117e-01 3.7741e-01 3.1747e-01 1.6689e-01 8.4863e-02 2.0611e-01 3.4268e-01 1.7949e-01 1.8300e-01 7.6603e-02 -9.8997e-02 -2.5984e-01 -3.6973e-01 -4.0153e-01 -3.8935e-01 -4.0781e-01 -3.8758e-01 -3.5639e-01 -2.6130e-01 -1.1270e-01 -7.0651e-02 -9.1139e-02 -2.5784e-01 -3.5279e-01
-9.9990e+03 -9.9990e+03 -9.9990e+03 -9.9990e+03 -9.9990e+03 -9.9990e+03 -9.9990e+03 -9.9990e+03 -9.9990e+03 -9.9990e+03 -9.9990e+03 -9.9990e+03 -9.9990e+03 5.6033e-01 5.2470e-01 5.2933e-01 5.5504e-01 4.5208e-01 4.4395e-01 5.1182e-01 5.6201e-01 6.1687e-01 5.5879e-01 5.3786e-01 3.7578e-01 2.3994e-01 2.7237e-01 2.7237e-01 1.2679e-01 4.7901e-02 1.3002e-01 3.0750e-01 3.9689e-01 3.7835e-01 2.5819e-01 1.3803e-01 2.7727e-01 4.7108e-01 3.9397e-01 2.3498e-01 -1.0202e-01 -3.2561e-01 -3.8885e-01 -4.3169e-01 -4.1973e-01 -4.2697e-01 -4.5691e-01 -4.2786e-01 -3.9760e-01 -3.0916e-01 -1.6153e-01 -9.5802e-02 -9.1139e-02 -1.8330e-01 -2.9805e-01
-9.9990e+03 -9.9990e+03 -9.9990e+03 -9.9990e+03 -9.9990e+03 -9.9990e+03 -9.9990e+03 -9.9990e+03 -9.9990e+03 -9.9990e+03 -9.9990e+03 -9.9990e+03 -9.9990e+03 4.9061e-01 5.4749e-01 5.9142e-01 5.9142e-01 5.3791e-01 5.1964e-01 5.5916e-01 5.9475e-01 5.6375e-01 4.2128e-01 4.0258e-01 2.1413e-01 1.1463e-01 1.7701e-01 1.5136e-01 1.5242e-01 1.7885e-01 3.3806e-01 4.4621e-01 4.3939e-01 4.3939e-01 3.6838e-01 2.1877e-01 3.4740e-01 5.8093e-01 5.9225e-01 4.5082e-01 3.4720e-02 -3.4541e-01 -4.0029e-01 -4.3169e-01 -4.6192e-01 -5.0143e-01 -4.6770e-01 -4.2522e-01 -3.3314e-01 -3.0916e-01 -2.1093e-01 -1.3648e-01 -8.0030e-02 -1.2853e-01 -2.2943e-01
-9.9990e+03 -9.9990e+03 -9.9990e+03 -9.9990e+03 -9.9990e+03 -9.9990e+03 -9.9990e+03 -9.9990e+03 -9.9990e+03 -9.9990e+03 -9.9990e+03 -9.9990e+03 -9.9990e+03 4.8654e-01 5.5084e-01 5.8437e-01 5.8479e-01 5.7341e-01 5.8342e-01 5.4808e-01 4.6821e-01 2.6106e-01 2.6106e-01 2.3887e-01 1.0421e-01 6.6035e-02 1.2482e-01 1.8587e-01 2.3620e-01 2.4115e-01 3.6103e-01 4.7008e-01 4.9389e-01 4.6384e-01 4.3650e-01 4.3904e-01 6.7085e-01 7.5900e-01 7.5900e-01 6.6266e-01 3.4720e-02 -2.9809e-01 -3.9480e-01 -4.4100e-01 -4.8348e-01 -5.1455e-01 -4.9676e-01 -4.1837e-01 -3.1078e-01 -2.3558e-01 -1.6130e-01 -1.2169e-01 -1.1072e-01 -1.5203e-01 -2.3770e-01
-9.9990e+03 -9.9990e+03 -9.9990e+03 -9.9990e+03 -9.9990e+03 -9.9990e+03 -9.9990e+03 -9.9990e+03 -9.9990e+03 -9.9990e+03 -9.9990e+03 -9.9990e+03 -9.9990e+03 4.6569e-01 5.3045e-01 5.4589e-01 5.6479e-01 5.9707e-01 5.9805e-01 5.0891e-01 3.6619e-01 1.3620e-01 2.5291e-02 4.6589e-02 7.2165e-02 1.5123e-01 2.2533e-01 2.2533e-01 2.8467e-01 2.8662e-01 3.7610e-01 4.7008e-01 5.5218e-01 5.6451e-01 4.3650e-01 5.3583e-01 7.4824e-01 8.6356e-01 8.0126e-01 4.2425e-01 -1.8969e-01 -3.8229e-01 -4.4733e-01 -4.7089e-01 -4.7089e-01 -4.8594e-01 -4.8817e-01 -3.7908e-01 -2.4974e-01 -2.2477e-01 -1.5638e-01 -1.1467e-01 -9.5400e-02 -7.9914e-02 -1.2669e-01
-9.9990e+03 -9.9990e+03 -9.9990e+03 -9.9990e+03 -9.9990e+03 -9.9990e+03 -9.9990e+03 -9.9990e+03 -9.9990e+03 -9.9990e+03 -9.9990e+03 -9.9990e+03 -9.9990e+03 4.4326e-01 5.0124e-01 5.4664e-01 6.0971e-01 6.0781e-01 6.0059e-01 4.6864e-01 2.8076e-01 5.4885e-02 2.5291e-02 2.5752e-02 1.0835e-01 1.5123e-01 2.5641e-01 3.1344e-01 3.1502e-01 3.9522e-01 5.3857e-01 6.1278e-01 6.6448e-01 6.6448e-01 5.5666e-01 6.4648e-01 8.2919e-01 9.1559e-01 8.2702e-01 4.4553e-01 -7.8887e-02 -3.8125e-01 -4.7022e-01 -4.4468e-01 -4.4280e-01 -4.1695e-01 -3.2869e-01 -1.8899e-01 -1.5147e-01 -1.3324e-01 -1.3324e-01 -7.6949e-02 -7.0297e-02 -2.2858e-02 -4.5785e-02
-9.9990e+03 -9.9990e+03 -9.9990e+03 -9.9990e+03 -9.9990e+03 -9.9990e+03 -9.9990e+03 -9.9990e+03 -9.9990e+03 -9.9990e+03 -9.9990e+03 -9.9990e+03 -9.9990e+03 3.7187e-01 4.5374e-01 5.1747e-01 6.0971e-01 5.7359e-01 4.0308e-01 2.2842e-01 3.0971e-02 -8.3480e-03 -1.0427e-02 4.1344e-02 1.5056e-01 1.9874e-01 2.9293e-01 3.4474e-01 3.3906e-01 4.3160e-01 6.0208e-01 6.8871e-01 7.6025e-01 7.6544e-01 7.4339e-01 8.7615e-01 8.8690e-01 7.5773e-01 2.5643e-01 2.5643e-01 -9.8101e-02 -4.8644e-01 -5.6125e-01 -4.3241e-01 -4.2370e-01 -4.2080e-01 -2.9637e-01 -1.7468e-01 -1.6668e-01 -1.2035e-01 -5.2066e-02 -1.3834e-03 8.0542e-03 -4.2354e-02 -1.1375e-01
-9.9990e+03 -9.9990e+03 -9.9990e+03 -9.9990e+03 -9.9990e+03 -9.9990e+03 -9.9990e+03 -9.9990e+03 -9.9990e+03 -9.9990e+03 -9.9990e+03 -9.9990e+03 -9.9990e+03 3.7187e-01 3.7732e-01 4.4070e-01 5.8666e-01 5.2064e-01 3.3156e-01 1.8384e-01 3.6023e-02 2.9130e-02 6.7932e-02 1.9411e-01 3.0586e-01 3.3481e-01 3.8549e-01 4.3766e-01 3.8214e-01 4.9236e-01 6.7113e-01 7.6607e-01 8.2100e-01 7.8229e-01 7.9864e-01 8.5898e-01 7.3191e-01 5.6016e-01 -6.7316e-02 -5.9242e-01 -6.6095e-01 -6.9284e-01 -5.6578e-01 -4.5059e-01 -4.5059e-01 -4.5932e-01 -3.3230e-01 -2.5819e-01 -1.6668e-01 -1.7237e-01 -1.1421e-01 -1.3834e-03 -3.2543e-02 -1.5073e-01 -1.6128e-01
-9.9990e+03 -9.9990e+03 -9.9990e+03 -9.9990e+03 -9.9990e+03 -9.9990e+03 -9.9990e+03 -9.9990e+03 -9.9990e+03 -9.9990e+03 -9.9990e+03 -9.9990e+03 -9.9990e+03 2.8550e-01 3.6323e-01 4.2130e-01 4.3126e-01 4.3126e-01 2.7679e-01 1.4293e-01 6.1745e-02 9.7718e-02 1.1058e-01 2.4883e-01 3.6410e-01 3.7412e-01 4.1726e-01 4.8043e-01 5.6195e-01 7.2698e-01 8.1183e-01 8.0649e-01 7.1361e-01 6.6763e-01 7.7265e-01 7.4176e-01 4.7171e-01 2.4075e-01 -3.9177e-01 -7.9077e-01 -8.1770e-01 -7.7952e-01 -5.6578e-01 -4.9713e-01 -4.9097e-01 -4.2122e-01 -3.9550e-01 -4.2813e-01 -3.1620e-01 -2.8215e-01 -2.8215e-01 -8.5312e-02 -1.7315e-01 -3.2251e-01 -3.0019e-01
-9.9990e+03 -9.9990e+03 -9.9990e+03 -9.9990e+03 -9.9990e+03 -9.9990e+03 -9.9990e+03 -9.9990e+03 -9.9990e+03 -9.9990e+03 -9.9990e+03 -9.9990e+03 -9.9990e+03 2.5085e-01 3.1120e-01 3.7021e-01 3.7363e-01 2.6897e-01 1.9747e-01 1.2564e-01 1.9109e-01 2.7004e-01 3.1718e-01 3.1718e-01 4.2484e-01 4.2141e-01 4.5449e-01 5.1685e-01 6.1497e-01 7.6222e-01 7.9650e-01 7.4643e-01 6.0611e-01 6.6763e-01 5.4726e-01 2.2640e-01 -2.9735e-02 -5.5889e-01 -8.2761e-01 -7.9077e-01 -8.9365e-01 -7.9177e-01 -6.1919e-01 -5.1677e-01 -4.9214e-01 -4.6923e-01 -4.6835e-01 -4.9259e-01 -4.4996e-01 -4.1404e-01 -3.6194e-01 -3.2386e-01 -4.2444e-01 -4.7545e-01 -4.8056e-01
-9.9990e+03 -9.9990e+03 -9.9990e+03 -9.9990e+03 -9.9990e+03 -9.9990e+03 -9.9990e+03 -9.9990e+03 -9.9990e+03 -9.9990e+03 -9.9990e+03 -9.9990e+03 -9.9990e+03 2.0702e-01 2.7106e-01 3.4764e-01 3.6696e-01 3.3454e-01 3.2391e-01 2.1912e-01 2.9689e-01 3.7547e-01 3.7678e-01 4.6217e-01 4.9660e-01 4.9096e-01 5.4911e-01 6.5453e-01 6.5453e-01 7.9423e-01 7.9650e-01 6.7016e-01 5.1831e-01 5.2720e-01 3.6201e-01 3.9814e-02 -1.7631e-01 -5.7291e-01 -7.7794e-01 -8.5728e-01 -7.3132e-01 -5.5740e-01 -4.9707e-01 -4.6547e-01 -4.4838e-01 -4.7452e-01 -4.7225e-01 -4.8015e-01 -4.8860e-01 -4.3879e-01 -3.8134e-01 -3.8195e-01 -4.3213e-01 -4.5081e-01 -4.7800e-01
-9.9990e+03 -9.9990e+03 -9.9990e+03 -9.9990e+03 -9.9990e+03 -9.9990e+03 -9.9990e+03 -9.9990e+03 -9.9990e+03 -9.9990e+03 -9.9990e+03 -9.9990e+03 -9.9990e+03 -9.9990e+03 -9.9990e+03 -9.9990e+03 3.9578e-01 3.9578e-01 4.0093e-01 3.5034e-01 4.0448e-01 3.7547e-01 4.6795e-01 5.3941e-01 4.9660e-01 4.9315e-01 5.4374e-01 6.8906e-01 8.1571e-01 8.0054e-01 6.3210e-01 4.6562e-01 2.8957e-01 1.6901e-01 1.6901e-01 -1.4989e-01 -2.6712e-01 -5.3287e-01 -6.9376e-01 -7.9135e-01 -6.5994e-01 -4.9713e-01 -4.5288e-01 -4.2306e-01 -4.0867e-01 -4.3530e-01 -4.2910e-01 -4.0288e-01 -4.0923e-01 -3.6982e-01 -3.5744e-01 -3.7415e-01 -3.9696e-01 -4.0957e-01 -4.3854e-01
-9.9990e+03 -9.9990e+03 -9.9990e+03 -9.9990e+03 -9.9990e+03 -9.9990e+03 -9.9990e+03 -9.9990e+03 -9.9990e+03 -9.9990e+03 -9.9990e+03 -9.9990e+03 -9.9990e+03 -9.9990e+03 -9.9990e+03 -9.9990e+03 -9.9990e+03 -9.9990e+03 4.0743e-01 4.3168e-01 4.9377e-01 5.5539e-01 5.9710e-01 5.9710e-01 5.4733e-01 5.1848e-01 5.4422e-01 6.8143e-01 7.9114e-01 7.6320e-01 6.2719e-01 4.3632e-01 1.7324e-01 -3.3882e-02 -3.6398e-01 -4.7911e-01 -5.0013e-01 -6.0781e-01 -6.0924e-01 -5.8123e-01 -5.8123e-01 -4.4040e-01 -4.0797e-01 -3.8170e-01 -3.7603e-01 -3.9218e-01 -3.7781e-01 -3.5398e-01 -3.7004e-01 -3.5395e-01 -3.4477e-01 -3.6669e-01 -3.7913e-01 -3.9678e-01 -3.7900e-01
-9.9990e+03 -9.9990e+03 -9.9990e+03 -9.9990e+03 -9.9990e+03 -9.9990e+03 -9.9990e+03 -9.9990e+03 -9.9990e+03 -9.9990e+03 -9.9990e+03 -9.9990e+03 -9.9990e+03 -9.9990e+03 -9.9990e+03 -9.9990e+03 -9.9990e+03 -9.9990e+03 -9.9990e+03 -9.9990e+03 -9.9990e+03 5.6743e-01 5.9852e-01 5.3650e-01 5.0205e-01 4.8388e-01 5.7055e-01 7.4500e-01 7.2732e-01 7.2732e-01 5.9323e-01 3.9645e-01 8.1498e-02 -2.2580e-01 -5.4512e-01 -5.7808e-01 -4.8420e-01 -5.1220e-01 -4.9136e-01 -4.9885e-01 -3.7361e-01 -3.1029e-01 -3.4113e-01 -3.4729e-01 -3.6109e-01 -3.6109e-01 -3.4059e-01 -3.5398e-01 -3.3972e-01 -3.4201e-01 -3.4477e-01 -3.4617e-01 -3.5124e-01 -3.6488e-01 -3.4963e-01
-9.9990e+03 -9.9990e+03 -9.9990e+03 -9.9990e+03 -9.9990e+03 -9.9990e+03 -9.9990e+03 -9.9990e+03 -9.9990e+03 -9.9990e+03 -9.9990e+03 -9.9990e+03 -9.9990e+03 -9.9990e+03 -9.9990e+03 -9.9990e+03 -9.9990e+03 -9.9990e+03 -9.9990e+03 -9.9990e+03 -9.9990e+03 -9.9990e+03 -9.9990e+03 -9.9990e+03 4.4138e-01 3.7108e-01 4.1049e-01 6.3439e-01 6.4265e-01 5.5939e-01 3.7246e-01 1.4703e-02 -3.9180e-01 -6.6965e-01 -6.6965e-01 -6.7277e-01 -4.8436e-01 -4.2622e-01 -4.9136e-01 -3.9731e-01 -2.9383e-01 -3.1029e-01 -2.9539e-01 -3.1447e-01 -3.3855e-01 -3.1907e-01 -3.1009e-01 -3.2408e-01 -3.3809e-01 -3.4258e-01 -3.3210e-01 -3.3210e-01 -3.2662e-01 -3.3365e-01 -3.4314e-01
