bias_correction/pipeline/W_4_s_1.4_d_290.asc
ncols        88
nrows        90
xllcorner    2777636
yllcorner    1185112
cellsize     25
NODATA_value -9999
[rows 24 to 47 of 90, columns 0 to 54 of 88]
-9.9990e+03 -9.9990e+03 -9.9990e+03 -9.9990e+03 -9.9990e+03 -9.9990e+03 -9.9990e+03 -9.9990e+03 -9.9990e+03 -9.9990e+03 -9.9990e+03 -9.9990e+03 -9.9990e+03 -9.9990e+03 -9.9990e+03 -9.9990e+03 -9.9990e+03 -9.9990e+03 -9.9990e+03 6.3269e-01 5.1363e-01 4.5491e-01 4.4891e-01 3.8371e-01 4.0255e-01 4.6282e-01 4.6514e-01 6.3728e-01 7.3643e-01 8.3233e-01 9.5745e-01 1.0121e+00 9.5649e-01 9.5649e-01 2.1333e-01 2.4488e-01 -5.2051e-01 -9.9040e-01 -9.7581e-01 -1.0342e+00 -8.1604e-01 -7.5698e-01 -6.0746e-01 -4.8485e-01 -4.3607e-01 -2.3847e-01 -6.8252e-02 7.0424e-02 2.2461e-01 4.2202e-01 5.4924e-01 7.6551e-01 6.6715e-01 -1.9283e-01 -7.2771e-01
-9.9990e+03 -9.9990e+03 -9.9990e+03 -9.9990e+03 -9.9990e+03 -9.9990e+03 -9.9990e+03 -9.9990e+03 -9.9990e+03 -9.9990e+03 -9.9990e+03 -9.9990e+03 -9.9990e+03 -9.9990e+03 -9.9990e+03 -9.9990e+03 -9.9990e+03 -9.9990e+03 6.8048e-01 6.8911e-01 5.6123e-01 5.4869e-01 5.4869e-01 4.8035e-01 5.4934e-01 6.6815e-01 5.8424e-01 6.9038e-01 7.2643e-01 8.6607e-01 9.4070e-01 6.9712e-01 4.5345e-01 -4.5431e-01 -9.5385e-01 -9.5304e-01 -1.0539e+00 -9.3273e-01 -9.1977e-01 -9.1977e-01 -6.9978e-01 -5.9390e-01 -4.5765e-01 -3.9408e-01 -3.8084e-01 -2.1995e-01 -5.1053e-02 1.0449e-01 1.9550e-01 4.2202e-01 6.4461e-01 6.8714e-01 2.5065e-01 -3.6443e-01 -7.6627e-01
-9.9990e+03 -9.9990e+03 -9.9990e+03 -9.9990e+03 -9.9990e+03 -9.9990e+03 -9.9990e+03 -9.9990e+03 -9.9990e+03 -9.9990e+03 -9.9990e+03 -9.9990e+03 -9.9990e+03 -9.9990e+03 -9.9990e+03 -9.9990e+03 -9.9990e+03 -9.9990e+03 7.9310e-01 7.9034e-01 7.0356e-01 6.9865e-01 7.2581e-01 7.0229e-01 8.1543e-01 8.5351e-01 7.6051e-01 6.8014e-01 6.8014e-01 7.9915e-01 7.2492e-01 2.0873e-01 -1.3940e-01 -8.9212e-01 -1.0679e+00 -1.0399e+00 -9.7255e-01 -8.3927e-01 -7.8425e-01 -5.9877e-01 -4.1700e-01 -3.5334e-01 -3.2604e-01 -3.3912e-01 -2.3464e-01 -2.3464e-01 -5.1053e-02 9.0080e-02 1.3335e-01 2.8574e-01 4.0740e-01 4.9070e-01 4.7534e-01 -1.0374e-02 -5.0599e-01
-9.9990e+03 -9.9990e+03 -9.9990e+03 -9.9990e+03 -9.9990e+03 -9.9990e+03 -9.9990e+03 -9.9990e+03 -9.9990e+03 -9.9990e+03 -9.9990e+03 -9.9990e+03 -9.9990e+03 -9.9990e+03 -9.9990e+03 -9.9990e+03 -9.9990e+03 -9.9990e+03 9.0283e-01 8.9432e-01 8.7234e-01 8.4221e-01 7.7820e-01 7.8950e-01 8.3981e-01 8.0225e-01 7.3065e-01 5.0230e-01 3.7579e-01 4.2420e-01 -1.7118e-01 -7.8672e-01 -1.0491e+00 -1.0300e+00 -1.0300e+00 -9.5266e-01 -8.6932e-01 -8.3927e-01 -7.0120e-01 -5.4800e-01 -4.1700e-01 -3.1696e-01 -3.0200e-01 -3.0985e-01 -2.5233e-01 -1.4863e-01 2.1288e-02 6.4313e-02 9.2809e-02 2.2658e-01 2.2658e-01 2.6803e-01 4.6535e-01 1.4942e-01 -2.4736e-01
-9.9990e+03 -9.9990e+03 -9.9990e+03 -9.9990e+03 -9.9990e+03 -9.9990e+03 -9.9990e+03 -9.9990e+03 -9.9990e+03 -9.9990e+03 -9.9990e+03 -9.9990e+03 -9.9990e+03 -9.9990e+03 -9.9990e+03 -9.9990e+03 -9.9990e+03 9.4415e-01 9.2066e-01 9.0125e-01 9.0005e-01 7.0935e-01 5.9364e-01 7.5185e-01 7.2212e-01 5.9309e-01 5.5028e-01 2.7593e-01 3.7579e-01 2.5899e-01 -2.2103e-01 -7.8672e-01 -1.0490e+00 -9.5242e-01 -8.8434e-01 -8.1308e-01 -7.3375e-01 -6.5422e-01 -5.2146e-01 -5.2146e-01 -4.0085e-01 -3.2816e-01 -3.2203e-01 -2.9635e-01 -2.6127e-01 -1.9331e-01 -8.2614e-02 -3.3727e-02 2.0435e-02 1.1878e-01 1.2234e-01 1.2393e-01 1.4960e-01 -7.2932e-02 -2.4103e-01
-9.9990e+03 -9.9990e+03 -9.9990e+03 -9.9990e+03 -9.9990e+03 -9.9990e+03 -9.9990e+03 -9.9990e+03 -9.9990e+03 -9.9990e+03 -9.9990e+03 -9.9990e+03 -9.9990e+03 -9.9990e+03 -9.9990e+03 -9.9990e+03 -9.9990e+03 9.0851e-01 8.2686e-01 6.8812e-01 7.6527e-01 4.8225e-01 5.9364e-01 5.1863e-01 3.6702e-01 3.1902e-01 1.4247e-01 1.9658e-01 2.2148e-01 3.2557e-01 3.8398e-02 -7.0865e-01 -9.6988e-01 -9.1005e-01 -8.1849e-01 -7.5788e-01 -6.9327e-01 -6.3099e-01 -5.1147e-01 -4.1132e-01 -3.5615e-01 -3.6310e-01 -3.3644e-01 -2.6207e-01 -1.9851e-01 -1.9851e-01 -1.4737e-01 -1.1412e-01 -6.2259e-02 5.0091e-02 3.7176e-02 2.9246e-02 9.6069e-02 -3.5385e-04 -9.5096e-02
-9.9990e+03 -9.9990e+03 -9.9990e+03 -9.9990e+03 -9.9990e+03 -9.9990e+03 -9.9990e+03 -9.9990e+03 -9.9990e+03 -9.9990e+03 -9.9990e+03 -9.9990e+03 -9.9990e+03 -9.9990e+03 -9.9990e+03 -9.9990e+03 7.8406e-01 7.8406e-01 6.4629e-01 6.8812e-01 4.7923e-01 2.4811e-01 3.8302e-01 3.5603e-01 2.4115e-01 1.6009e-01 8.5929e-02 2.4730e-01 4.3072e-01 3.2393e-01 -2.3912e-01 -8.6932e-01 -9.0632e-01 -8.2474e-01 -7.9970e-01 -7.3522e-01 -6.7267e-01 -6.0301e-01 -4.9367e-01 -4.1614e-01 -3.9095e-01 -4.1495e-01 -3.8508e-01 -2.6555e-01 -1.6261e-01 -9.7300e-02 -1.3378e-01 -1.1186e-01 -7.0465e-02 -6.0941e-03 -4.3398e-05 -4.3398e-05 5.4098e-02 3.9347e-02 -9.5096e-02
-9.9990e+03 -9.9990e+03 -9.9990e+03 -9.9990e+03 -9.9990e+03 -9.9990e+03 -9.9990e+03 -9.9990e+03 -9.9990e+03 -9.9990e+03 -9.9990e+03 -9.9990e+03 -9.9990e+03 -9.9990e+03 -9.9990e+03 -9.9990e+03 6.1365e-01 4.9150e-01 2.2159e-01 2.0860e-01 1.3336e-01 2.6820e-01 2.9049e-01 2.9049e-01 1.7413e-01 8.1183e-02 8.2614e-02 3.0137e-01 5.0060e-01 5.0624e-01 5.0375e-02 -7.3148e-01 -8.9460e-01 -8.6773e-01 -7.3961e-01 -6.6861e-01 -5.5839e-01 -4.7510e-01 -4.2643e-01 -4.4989e-01 -4.1618e-01 -4.5558e-01 -4.2691e-01 -2.7787e-01 -1.1061e-01 -9.5289e-03 -1.1070e-01 -1.3799e-01 -7.0465e-02 -3.4700e-02 -5.8774e-03 4.7501e-02 5.9785e-02 1.1331e-02 -8.9467e-02
-9.9990e+03 -9.9990e+03 -9.9990e+03 -9.9990e+03 -9.9990e+03 -9.9990e+03 -9.9990e+03 -9.9990e+03 -9.9990e+03 -9.9990e+03 -9.9990e+03 -9.9990e+03 -9.9990e+03 -9.9990e+03 -9.9990e+03 -9.9990e+03 4.8686e-01 3.8450e-01 1.1288e-01 5.1813e-02 8.9524e-02 2.8757e-01 2.9794e-01 1.5442e-01 3.5501e-02 1.0053e-01 3.4132e-01 5.4540e-01 6.1654e-01 6.1654e-01 2.7773e-01 -5.4127e-01 -8.5244e-01 -9.0418e-01 -7.9246e-01 -6.8819e-01 -5.5815e-01 -4.5482e-01 -4.2872e-01 -4.4989e-01 -4.9953e-01 -4.5946e-01 -2.8989e-01 -6.8775e-02 7.4830e-02 -9.5289e-03 -6.3013e-02 -1.5282e-01 -1.1668e-01 -6.3472e-02 -1.3876e-02 3.4628e-02 4.0746e-02 -9.6101e-03 -6.0582e-02
-9.9990e+03 -9.9990e+03 -9.9990e+03 -9.9990e+03 -9.9990e+03 -9.9990e+03 -9.9990e+03 -9.9990e+03 -9.9990e+03 -9.9990e+03 -9.9990e+03 -9.9990e+03 -9.9990e+03 -9.9990e+03 -9.9990e+03 4.1097e-01 3.3150e-01 8.7543e-02 8.7543e-02 -6.3490e-03 9.1508e-02 2.9416e-01 3.0568e-01 1.6708e-01 6.3049e-02 1.1907e-01 3.6008e-01 5.3319e-01 6.5815e-01 4.7343e-01 -6.3076e-03 -7.6147e-01 -9.1799e-01 -8.5567e-01 -8.5567e-01 -7.3538e-01 -5.5815e-01 -4.4006e-01 -4.2205e-01 -4.7301e-01 -5.2539e-01 -4.7069e-01 -2.9586e-01 -3.4537e-02 1.2185e-01 -2.0328e-02 -1.6383e-01 -1.8440e-01 -8.4926e-02 -2.9178e-02 -7.1857e-03 1.6642e-02 -1.2159e-04 -4.6231e-02 -6.2839e-02
-9.9990e+03 -9.9990e+03 -9.9990e+03 -9.9990e+03 -9.9990e+03 -9.9990e+03 -9.9990e+03 -9.9990e+03 -9.9990e+03 -9.9990e+03 -9.9990e+03 -9.9990e+03 -9.9990e+03 -9.9990e+03 -9.9990e+03 4.4318e-01 3.2910e-01 1.0612e-01 6.9483e-02 1.2732e-01 2.7278e-01 2.8507e-01 2.1928e-01 1.3123e-01 1.3123e-01 1.3446e-01 3.4308e-01 5.3319e-01 6.5319e-01 6.0299e-01 -6.3076e-03 -5.9491e-01 -8.9113e-01 -9.0029e-01 -7.7308e-01 -6.0646e-01 -4.4028e-01 -4.1029e-01 -4.4996e-01 -5.1373e-01 -5.1373e-01 -4.4293e-01 -2.8523e-01 -1.3852e-02 1.3872e-01 7.6586e-03 -1.7125e-01 -2.1779e-01 -1.0255e-01 -3.6487e-02 -2.3493e-02 -3.8976e-02 -8.0811e-02 -8.7052e-02 -1.2477e-01
-9.9990e+03 -9.9990e+03 -9.9990e+03 -9.9990e+03 -9.9990e+03 -9.9990e+03 -9.9990e+03 -9.9990e+03 -9.9990e+03 -9.9990e+03 -9.9990e+03 -9.9990e+03 -9.9990e+03 -9.9990e+03 -9.9990e+03 4.8740e-01 3.5999e-01 1.3657e-01 6.9483e-02 1.5983e-01 2.6516e-01 2.8507e-01 2.4379e-01 2.0359e-01 1.6839e-01 3.3009e-01 4.8754e-01 6.2523e-01 6.6370e-01 6.6370e-01 2.5112e-01 -3.1376e-01 -7.8899e-01 -9.2882e-01 -8.1499e-01 -6.5317e-01 -4.5512e-01 -4.0123e-01 -4.2028e-01 -4.7662e-01 -3.8221e-01 -1.8924e-01 2.5131e-03 1.2967e-01 -3.5851e-03 -1.9267e-01 -1.9267e-01 -2.5697e-01 -1.2447e-01 -4.4349e-02 -3.6815e-02 -6.6239e-02 -1.0292e-01 -9.2447e-02 -1.1130e-01
-9.9990e+03 -9.9990e+03 -9.9990e+03 -9.9990e+03 -9.9990e+03 -9.9990e+03 -9.9990e+03 -9.9990e+03 -9.9990e+03 -9.9990e+03 -9.9990e+03 -9.9990e+03 -9.9990e+03 -9.9990e+03 4.7126e-01 4.1406e-01 1.8860e-01 1.1711e-01 9.2505e-02 1.6927e-01 2.8526e-01 2.8195e-01 2.8320e-01 2.8412e-01 2.1164e-01 3.2444e-01 4.6736e-01 6.0173e-01 6.6559e-01 6.1862e-01 3.0032e-02 -5.5227e-01 -8.2169e-01 -8.4742e-01 -6.9592e-01 -6.9592e-01 -4.8504e-01 -4.0346e-01 -3.8427e-01 -4.1427e-01 -2.9202e-01 -1.0506e-01 2.1579e-02 9.9870e-02 -4.7963e-02 -2.2383e-01 -2.9022e-01 -1.7777e-01 -5.1750e-02 -4.2331e-02 -8.4197e-02 -8.4197e-02 -1.1791e-01 -9.2447e-02 -9.3712e-02
-9.9990e+03 -9.9990e+03 -9.9990e+03 -9.9990e+03 -9.9990e+03 -9.9990e+03 -9.9990e+03 -9.9990e+03 -9.9990e+03 -9.9990e+03 -9.9990e+03 -9.9990e+03 -9.9990e+03 -9.9990e+03 4.2201e-01 4.4636e-01 2.5028e-01 1.5891e-01 1.8865e-01 3.4108e-01 3.9774e-01 3.3721e-01 3.5228e-01 3.4692e-01 2.8851e-01 3.4210e-01 4.5315e-01 5.8285e-01 6.5039e-01 6.6951e-01 3.0081e-01 -2.2897e-01 -6.6168e-01 -8.3815e-01 -7.0849e-01 -5.5193e-01 -4.1689e-01 -3.5048e-01 -2.5181e-01 -1.8916e-01 -2.8677e-02 -2.8677e-02 4.4779e-02 5.5000e-02 -4.7963e-02 -2.5820e-01 -3.1516e-01 -1.7777e-01 -5.1555e-02 -2.3139e-02 -8.4460e-02 -1.1700e-01 -1.0618e-01 -8.2656e-02 -9.6005e-02
-9.9990e+03 -9.9990e+03 -9.9990e+03 -9.9990e+03 -9.9990e+03 -9.9990e+03 -9.9990e+03 -9.9990e+03 -9.9990e+03 -9.9990e+03 -9.9990e+03 -9.9990e+03 -9.9990e+03 -9.9990e+03 3.5002e-01 4.4565e-01 2.9662e-01 2.1448e-01 2.0790e-01 3.7778e-01 4.7166e-01 4.2075e-01 4.2930e-01 3.8381e-01 3.5383e-01 4.2026e-01 5.0020e-01 6.2317e-01 6.7188e-01 6.5971e-01 5.3035e-01 1.0207e-01 -3.9363e-01 -7.8880e-01 -7.2160e-01 -5.8834e-01 -4.3469e-01 -3.2002e-01 -2.5181e-01 -1.0244e-01 1.2684e-02 5.7493e-02 2.4524e-03 -1.5740e-01 -2.8107e-01 -3.2469e-01 -3.2469e-01 -2.0806e-01 -6.8507e-02 -6.8403e-03 -5.1957e-02 -9.0904e-02 -1.0486e-01 -7.7890e-02 -7.0249e-02
-9.9990e+03 -9.9990e+03 -9.9990e+03 -9.9990e+03 -9.9990e+03 -9.9990e+03 -9.9990e+03 -9.9990e+03 -9.9990e+03 -9.9990e+03 -9.9990e+03 -9.9990e+03 -9.9990e+03 2.7189e-01 3.2786e-01 3.1643e-01 2.8544e-01 3.2530e-01 3.8289e-01 3.8289e-01 4.7215e-01 5.0097e-01 4.6836e-01 3.5860e-01 3.2465e-01 3.6005e-01 4.3875e-01 5.7797e-01 6.4995e-01 6.5971e-01 3.9983e-01 -8.6016e-02 -6.7128e-01 -7.0021e-01 -6.0855e-01 -5.8834e-01 -4.6324e-01 -3.0533e-01 -1.7848e-01 -4.7173e-02 3.2519e-03 3.2520e-02 -5.6237e-02 -2.0208e-01 -2.9924e-01 -3.2122e-01 -2.3647e-01 -9.5547e-02 -1.3233e-02 1.3272e-02 -4.5405e-02 -8.2922e-02 -8.2922e-02 -8.1123e-02 -6.3642e-02
-9.9990e+03 -9.9990e+03 -9.9990e+03 -9.9990e+03 -9.9990e+03 -9.9990e+03 -9.9990e+03 -9.9990e+03 -9.9990e+03 -9.9990e+03 -9.9990e+03 -9.9990e+03 -9.9990e+03 2.1156e-01 2.4316e-01 3.0398e-01 3.3515e-01 3.6739e-01 3.7026e-01 4.1601e-01 4.4776e-01 4.8790e-01 3.6481e-01 2.4212e-01 2.4212e-01 2.7476e-01 4.3875e-01 5.2276e-01 6.0758e-01 6.9541e-01 5.6271e-01 1.5056e-01 -4.5185e-01 -5.6067e-01 -5.5236e-01 -4.8793e-01 -3.0886e-01 -1.3277e-01 -3.5510e-02 -4.5653e-02 -1.1548e-01 -2.9453e-02 -1.1903e-01 -2.2394e-01 -2.9927e-01 -2.9814e-01 -2.2546e-01 -1.2371e-01 -4.3743e-02 -3.4285e-03 -2.7518e-03 -4.9686e-02 -7.1477e-02 -7.2939e-02 -8.9419e-02
-9.9990e+03 -9.9990e+03 -9.9990e+03 -9.9990e+03 -9.9990e+03 -9.9990e+03 -9.9990e+03 -9.9990e+03 -9.9990e+03 -9.9990e+03 -9.9990e+03 -9.9990e+03 -9.9990e+03 2.2008e-01 2.2008e-01 2.6118e-01 3.2912e-01 3.6739e-01 3.6466e-01 3.6398e-01 4.4776e-01 4.8235e-01 4.0353e-01 1.9772e-01 2.6393e-01 4.0164e-01 4.7950e-01 5.7530e-01 6.8981e-01 6.2782e-01 6.2782e-01 2.8693e-01 -2.0648e-01 -3.4208e-01 -3.9830e-01 -4.9271e-01 -3.3538e-01 -1.6103e-01 -4.8372e-02 -1.0135e-01 -1.9117e-01 -1.8048e-01 -2.3518e-01 -2.4726e-01 -2.5947e-01 -2.0294e-01 -1.4536e-01 -1.4120e-01 -7.6281e-02 -3.4118e-02 1.2826e-02 -1.2524e-02 -4.6985e-02 -7.8228e-02 -9.4552e-02
-9.9990e+03 -9.9990e+03 -9.9990e+03 -9.9990e+03 -9.9990e+03 -9.9990e+03 -9.9990e+03 -9.9990e+03 -9.9990e+03 -9.9990e+03 -9.9990e+03 -9.9990e+03 -9.9990e+03 2.6060e-01 2.3615e-01 3.0797e-01 3.3314e-01 3.4702e-01 3.5930e-01 3.5930e-01 3.9244e-01 4.5865e-01 4.8227e-01 2.6847e-01 3.3851e-01 4.8861e-01 4.8989e-01 5.7246e-01 6.8049e-01 6.5954e-01 3.7178e-01 1.2303e-01 -1.5097e-01 -2.1380e-01 -2.8779e-01 -3.3718e-01 -3.3718e-01 -2.0376e-01 -8.4206e-02 -1.4716e-01 -2.3533e-01 -2.3486e-01 -2.4420e-01 -2.2553e-01 -2.2079e-01 -1.7863e-01 -1.4536e-01 -9.3588e-02 -5.1440e-02 4.0364e-03 8.5028e-03 -2.1779e-02 -4.6985e-02 -7.1438e-02 -9.2217e-02
-9.9990e+03 -9.9990e+03 -9.9990e+03 -9.9990e+03 -9.9990e+03 -9.9990e+03 -9.9990e+03 -9.9990e+03 -9.9990e+03 -9.9990e+03 -9.9990e+03 -9.9990e+03 -9.9990e+03 3.4032e-01 2.2829e-01 3.0130e-01 3.2726e-01 3.4070e-01 4.1694e-01 5.4146e-01 5.2673e-01 6.2849e-01 6.8430e-01 5.2328e-01 6.2815e-01 6.2815e-01 5.5260e-01 5.7824e-01 6.3871e-01 6.6738e-01 4.2156e-01 1.9780e-01 -3.6044e-03 -3.8291e-02 -1.2376e-01 -2.8319e-01 -2.1590e-01 -1.7395e-01 -1.7542e-01 -2.3334e-01 -2.6377e-01 -2.6377e-01 -2.4496e-01 -2.2553e-01 -1.9443e-01 -1.6477e-01 -1.3764e-01 -9.3505e-02 -5.3644e-02 -8.2019e-03 7.7908e-03 -1.6095e-02 -5.8523e-02 -8.9557e-02 -1.0259e-01
-9.9990e+03 -9.9990e+03 -9.9990e+03 -9.9990e+03 -9.9990e+03 -9.9990e+03 -9.9990e+03 -9.9990e+03 -9.9990e+03 -9.9990e+03 -9.9990e+03 -9.9990e+03 -9.9990e+03 3.6926e-01 2.6842e-01 3.1833e-01 3.5259e-01 3.5073e-01 4.6427e-01 6.3790e-01 6.7187e-01 7.9807e-01 9.0398e-01 7.4777e-01 7.6571e-01 6.7338e-01 5.7232e-01 5.3779e-01 5.2381e-01 4.5326e-01 2.5344e-01 2.5344e-01 1.0108e-01 1.2742e-01 -1.2376e-01 -1.9138e-01 -2.0142e-01 -1.7395e-01 -1.8503e-01 -2.0277e-01 -2.4396e-01 -2.2772e-01 -2.1572e-01 -1.9309e-01 -1.7494e-01 -1.4611e-01 -9.1752e-02 -9.1752e-02 -5.2815e-02 -2.1325e-02 -1.7301e-02 -4.2075e-02 -5.4698e-02 -9.3298e-02 -1.2325e-01
-9.9990e+03 -9.9990e+03 -9.9990e+03 -9.9990e+03 -9.9990e+03 -9.9990e+03 -9.9990e+03 -9.9990e+03 -9.9990e+03 -9.9990e+03 -9.9990e+03 -9.9990e+03 -9.9990e+03 5.5320e-01 3.7862e-01 4.2202e-01 4.5313e-01 4.8096e-01 6.8069e-01 8.9931e-01 8.1030e-01 9.5623e-01 1.0275e+00 9.2958e-01 8.1177e-01 6.7338e-01 4.8099e-01 3.5810e-01 5.2381e-01 4.1656e-01 2.9991e-01 2.1522e-01 3.0920e-01 2.4024e-01 -8.2754e-02 -1.8439e-01 -1.8439e-01 -1.9463e-01 -1.8666e-01 -1.6947e-01 -1.9768e-01 -1.9823e-01 -2.1499e-01 -2.1047e-01 -2.0163e-01 -1.7023e-01 -9.9584e-02 -5.7510e-02 -5.4519e-02 -5.5743e-02 -8.3369e-02 -9.5673e-02 -1.0407e-01 -1.0407e-01 -1.4341e-01
-9.9990e+03 -9.9990e+03 -9.9990e+03 -9.9990e+03 -9.9990e+03 -9.9990e+03 -9.9990e+03 -9.9990e+03 -9.9990e+03 -9.9990e+03 -9.9990e+03 -9.9990e+03 -9.9990e+03 6.8218e-01 5.2926e-01 5.0859e-01 5.2973e-01 4.9482e-01 6.4828e-01 8.9931e-01 1.0191e+00 9.9344e-01 9.7455e-01 7.2391e-01 3.6992e-01 5.5808e-01 3.2424e-01 1.9523e-01 3.3005e-01 3.3711e-01 3.3679e-01 3.3023e-01 4.7046e-01 4.2086e-01 2.5033e-02 -1.7091e-01 -2.3808e-01 -1.9584e-01 -1.6584e-01 -1.4374e-01 -1.6449e-01 -1.9717e-01 -1.9717e-01 -2.2982e-01 -2.2847e-01 -1.9617e-01 -1.1496e-01 -6.3323e-02 -6.6227e-02 -9.2259e-02 -1.2696e-01 -1.2924e-01 -1.1896e-01 -1.5791e-01 -1.9119e-01
-9.9990e+03 -9.9990e+03 -9.9990e+03 -9.9990e+03 -9.9990e+03 -9.9990e+03 -9.9990e+03 -9.9990e+03 -9.9990e+03 -9.9990e+03 -9.9990e+03 -9.9990e+03 -9.9990e+03 6.8376e-01 6.8376e-01 6.0956e-01 5.2973e-01 5.3916e-01 6.4136e-01 8.5628e-01 9.6026e-01 8.7142e-01 8.4554e-01 5.5274e-01 2.5514e-01 1.7776e-01 1.1253e-01 1.4218e-01 2.7226e-01 3.5713e-01 4.9756e-01 4.2828e-01 5.8241e-01 5.6274e-01 1.2670e-01 -1.3845e-01 -2.4307e-01 -2.1295e-01 -1.8805e-01 -1.6953e-01 -1.4235e-01 -1.6392e-01 -2.0319e-01 -2.4146e-01 -2.1786e-01 -1.6323e-01 -7.4056e-02 -7.5298e-02 -7.5298e-02 -1.1604e-01 -1.5484e-01 -1.2924e-01 -1.3708e-01 -1.7261e-01 -1.9119e-01
